1.000000 1.000000 0.002857
1 0 0 1 0
0 0 0 0 
2 48 20
1
2 1 10
2.000000 0.000000 0.000000 0.001000 0.000000
1.000000 0.000000 0.000000 0.000000 0.000000
0.000000 0 0 0 0
1
4 1 10
0.000000 0.000000 0.000000 0.001000 0.000000
1.000000 0.000000 0.000000 0.000000 0.000000
0.000000 0 0 0 0
1
3 1 24
2.000000 0.000000 0.000000 0.001000 0.000000
1.000000 0.000000 0.000000 0.000000 0.000000
0.000000 0 0 0 0
1
1 1 24
0.000000 0.000000 0.000000 0.001000 0.000000
1.000000 0.000000 0.000000 0.000000 0.000000
0.000000 0 0 0 0
0.250000 0.000000 0.000000 1.000000
0.000000 0.000000 0.000000 0.000000 0.000000 0.000000
300.000000 300.000000
1.000000 1.000000 1.000000 1.000000 0.700000 1.000000 1.300000 0.900000 0.900000 0.900000 1.000000
1.000000 1.000000 1.000000 1.000000 0.700000 1.000000 1.300000 0.900000 0.900000 0.900000 1.000000
0.600000 0.600000 0.300000 0.500000 0.500000 0.500000 0.500000 0.500000 0.500000 0.500000 0.500000
5 5 8 5 5 5 5 5 5 5 5
1 1 1 0 0 0 0 0 0 0 0 0
100000.000000 0.001000
100 0.000100
0.0000
0 0 0
13 188
13 186
13 184
13 182
13 180
13 178
13 176
13 174
13 173
13 172
13 170
17 188
17 186
17 183
17 181
17 179
17 177
17 175
17 173
17 172
17 171
17 170
22 188
22 186
22 183
22 181
22 179
22 177
22 175
22 173
22 172
22 171
22 170
25 188
25 186
25 183
25 181
25 179
25 177
25 175
25 173
25 172
25 171
25 170
32 188
32 186
32 183
32 181
32 179
32 177
32 175
32 173
31 172
30 171
29 170
37 188
37 186
37 183
37 180
37 177
36 174
35 172
34 169
33 166
32 164
31 163
46 188
44 184
43 180
41 176
40 173
39 170
37 167
36 164
35 162
34 160
33 158
51 188
49 184
47 180
45 176
43 172
41 168
39 164
38 161
37 159
36 156
35 153
56 188
54 184
52 180
50 176
48 172
46 168
44 164
43 161
42 159
41 156
40 153
63 188
61 184
59 180
57 176
55 172
53 168
51 164
49 161
48 159
47 156
47 153
69 188
67 184
65 180
63 176
62 172
60 168
58 164
56 160
55 158
54 156
54 153
76 188
74 184
72 180
70 176
69 172
67 168
65 164
63 160
62 158
61 156
61 153
82 188
80 184
78 180
76 176
75 172
73 168
72 164
71 160
70 158
69 156
68 153
89 188
87 184
85 180
83 176
82 172
80 168
79 164
77 160
76 158
75 156
75 153
95 188
93 184
91 180
89 176
88 172
87 168
86 164
84 160
83 158
82 156
82 153
104 188
102 184
101 180
99 176
98 172
96 168
95 164
93 161
92 158
91 156
91 153
124 188
122 184
122 180
121 176
120 172
120 168
119 164
118 161
118 158
117 156
117 153
156 188
155 184
154 180
153 176
152 172
151 168
150 164
149 161
149 158
149 156
149 153
183 188
182 184
181 180
180 176
179 172
178 168
177 164
176 161
176 158
176 156
176 153
215 188
214 183
213 180
213 176
213 172
210 168
210 164
210 160
209 158
209 156
210 153
250 188
250 184
250 180
249 176
249 172
249 168
249 164
250 160
250 158
250 156
250 153
281 188
280 184
280 180
280 176
280 172
280 168
280 164
280 160
280 158
280 156
280 153
312 188
311 184
312 180
311 176
311 172
311 168
311 164
310 160
310 158
310 156
310 153
344 188
343 184
343 180
343 176
343 172
343 168
342 164
342 160
342 158
342 156
342 153
363 188
363 184
363 180
363 176
363 172
363 168
363 164
363 160
363 158
363 156
363 153
