# 'ADONIS' ADaptive Optics Near Infrared System used on
# European South Observatory 3.6 meters Telescope (Chile)
# by Patrick Rabou <rabou@gag.observ-gr.fr>

0 5 5 0
0 4.286 5 7
0 3.571 5 7
0 2.857 5 7
0 2.143 5 7
0 1.429 5 7
0 0.714 5 7
0 -0 5 7
0 -0.714 5 7
0 -1.429 5 7
0 -2.143 5 7
0 -2.857 5 7
0 -3.571 5 7
0 -4.286 5 7
0 -5 5 7
0 -5 5 7
0 -5 4.286 7
0 -5 3.571 7
0 -5 2.857 7
0 -5 2.143 7
0 -5 1.429 7
0 -5 0.714 7
0 -5 0 7
0 -5 -0.714 7
0 -5 -1.429 7
0 -5 -2.143 7
0 -5 -2.857 7
0 -5 -3.571 7
0 -5 -4.286 7
0 -5 -5 7
0 -5 -5 7
0 -4.286 -5 7
0 -3.571 -5 7
0 -2.857 -5 7
0 -2.143 -5 7
0 -1.429 -5 7
0 -0.714 -5 7
0 -0 -5 7
0 0.714 -5 7
0 1.429 -5 7
0 2.143 -5 7
0 2.857 -5 7
0 3.571 -5 7
0 4.286 -5 7
0 5 -5 7
0 5 -5 7
0 5 -4.286 7
0 5 -3.571 7
0 5 -2.857 7
0 5 -2.143 7
0 5 -1.429 7
0 5 -0.714 7
0 5 0 7
0 5 0.714 7
0 5 1.429 7
0 5 2.143 7
0 5 2.857 7
0 5 3.571 7
0 5 4.286 7
0 5 5 7
0 -0 0 0
0 -0.714 0 7
0 -1.429 0 7
0 -2.143 0 7
0 -2.857 0 7
0 -3.571 0 7
0 -4.286 0 7
0 -5 0 7
0 -0 0 0
0 0.714 0 7
0 1.429 0 7
0 2.143 0 7
0 2.857 0 7
0 3.571 0 7
0 4.286 0 7
0 5 0 7
0 -0 0 0
0 -0 0.714 7
0 -0 1.429 7
0 -0 2.143 7
0 -0 2.857 7
0 -0 3.571 7
0 -0 4.286 7
0 -0 5 7
0 -0 0 0
0 -0 -0.714 7
0 -0 -1.429 7
0 -0 -2.143 7
0 -0 -2.857 7
0 -0 -3.571 7
0 -0 -4.286 7
0 -0 -5 7
518.102 -0 44.898 0
518.115 -4.704 44.652 7
518.153 -9.356 43.915 7
518.217 -13.906 42.696 7
518.306 -18.303 41.008 7
518.418 -22.5 38.869 7
518.552 -26.45 36.304 7
518.707 -30.111 33.34 7
518.882 -33.442 30.009 7
519.074 -36.406 26.349 7
519.281 -38.971 22.398 7
519.501 -41.11 18.201 7
519.731 -42.798 13.804 7
519.97 -44.017 9.254 7
520.213 -44.753 4.602 7
520.46 -45 -0.102 7
520.707 -44.753 -4.806 7
520.95 -44.017 -9.458 7
521.189 -42.798 -14.008 7
521.419 -41.11 -18.405 7
521.639 -38.971 -22.602 7
521.846 -36.406 -26.552 7
522.038 -33.442 -30.213 7
522.213 -30.111 -33.543 7
522.368 -26.45 -36.508 7
522.502 -22.5 -39.073 7
522.614 -18.303 -41.211 7
522.703 -13.906 -42.899 7
522.767 -9.356 -44.118 7
522.805 -4.704 -44.855 7
522.818 0 -45.102 7
522.805 4.704 -44.855 7
522.767 9.356 -44.118 7
522.703 13.906 -42.899 7
522.614 18.303 -41.211 7
522.502 22.5 -39.073 7
522.368 26.45 -36.508 7
522.213 30.111 -33.543 7
522.038 33.442 -30.213 7
521.846 36.406 -26.552 7
521.639 38.971 -22.602 7
521.419 41.11 -18.405 7
521.189 42.798 -14.008 7
520.95 44.017 -9.458 7
520.707 44.753 -4.806 7
520.46 45 -0.102 7
520.213 44.753 4.602 7
519.97 44.017 9.254 7
519.731 42.798 13.804 7
519.501 41.11 18.201 7
519.281 38.971 22.398 7
519.074 36.406 26.349 7
518.882 33.442 30.009 7
518.707 30.111 33.34 7
518.552 26.45 36.304 7
518.418 22.5 38.869 7
518.306 18.303 41.008 7
518.217 13.906 42.696 7
518.153 9.356 43.915 7
518.115 4.704 44.652 7
518.102 -0 44.898 7
521.428 -0 0 0
521.408 -6.429 -0.002 7
521.349 -12.857 -0.008 7
521.25 -19.286 -0.019 7
521.112 -25.714 -0.033 7
520.934 -32.143 -0.052 7
520.717 -38.571 -0.075 7
520.46 -45 -0.102 7
521.428 -0 0 0
521.408 6.429 -0.002 7
521.349 12.857 -0.008 7
521.25 19.286 -0.019 7
521.112 25.714 -0.033 7
520.934 32.143 -0.052 7
520.717 38.571 -0.075 7
520.46 45 -0.102 7
521.428 -0 0 0
521.072 -0 6.426 7
520.675 -0 12.849 7
520.24 -0 19.267 7
519.764 -0 25.681 7
519.25 -0 32.091 7
518.695 -0 38.497 7
518.102 -0 44.898 7
521.428 -0 0 0
521.745 -0 -6.431 7
522.023 -0 -12.865 7
522.261 -0 -19.304 7
522.46 -0 -25.748 7
522.619 -0 -32.195 7
522.738 -0 -38.646 7
522.818 -0 -45.102 7
-11.585 -0 -11.847 0
-11.613 -4.704 -12.092 7
-11.697 -9.356 -12.824 7
-11.835 -13.906 -14.035 7
-12.026 -18.303 -15.712 7
-12.268 -22.5 -17.837 7
-12.558 -26.45 -20.386 7
-12.894 -30.111 -23.331 7
-13.271 -33.442 -26.64 7
-13.685 -36.406 -30.277 7
-14.132 -38.971 -34.202 7
-14.608 -41.11 -38.372 7
-15.105 -42.798 -42.741 7
-15.62 -44.017 -47.262 7
-16.147 -44.753 -51.884 7
-16.68 -45 -56.557 7
-17.212 -44.753 -61.231 7
-17.739 -44.017 -65.853 7
-18.254 -42.798 -70.374 7
-18.751 -41.11 -74.743 7
-19.227 -38.971 -78.913 7
-19.674 -36.406 -82.838 7
-20.088 -33.442 -86.475 7
-20.465 -30.111 -89.784 7
-20.801 -26.45 -92.729 7
-21.091 -22.5 -95.278 7
-21.333 -18.303 -97.403 7
-21.524 -13.906 -99.08 7
-21.662 -9.356 -100.291 7
-21.746 -4.704 -101.023 7
-21.774 0 -101.268 7
-21.746 4.704 -101.023 7
-21.662 9.356 -100.291 7
-21.524 13.906 -99.08 7
-21.333 18.303 -97.403 7
-21.091 22.5 -95.278 7
-20.801 26.45 -92.729 7
-20.465 30.111 -89.784 7
-20.088 33.442 -86.475 7
-19.674 36.406 -82.838 7
-19.227 38.971 -78.913 7
-18.751 41.11 -74.743 7
-18.254 42.798 -70.374 7
-17.739 44.017 -65.853 7
-17.212 44.753 -61.231 7
-16.68 45 -56.557 7
-16.147 44.753 -51.884 7
-15.62 44.017 -47.262 7
-15.105 42.798 -42.741 7
-14.608 41.11 -38.372 7
-14.132 38.971 -34.202 7
-13.685 36.406 -30.277 7
-13.271 33.442 -26.64 7
-12.894 30.111 -23.331 7
-12.558 26.45 -20.386 7
-12.268 22.5 -17.837 7
-12.026 18.303 -15.712 7
-11.835 13.906 -14.035 7
-11.697 9.356 -12.824 7
-11.613 4.704 -12.092 7
-11.585 -0 -11.847 7
-16.68 -0 -56.557 0
-16.68 -6.429 -56.557 7
-16.68 -12.857 -56.557 7
-16.68 -19.286 -56.557 7
-16.68 -25.714 -56.557 7
-16.68 -32.143 -56.557 7
-16.68 -38.571 -56.557 7
-16.68 -45 -56.557 7
-16.68 -0 -56.557 0
-16.68 6.429 -56.557 7
-16.68 12.857 -56.557 7
-16.68 19.286 -56.557 7
-16.68 25.714 -56.557 7
-16.68 32.143 -56.557 7
-16.68 38.571 -56.557 7
-16.68 45 -56.557 7
-16.68 -0 -56.557 0
-15.952 -0 -50.17 7
-15.224 -0 -43.783 7
-14.496 -0 -37.396 7
-13.769 -0 -31.008 7
-13.041 -0 -24.621 7
-12.313 -0 -18.234 7
-11.585 -0 -11.847 7
-16.68 -0 -56.557 0
-17.407 -0 -62.945 7
-18.135 -0 -69.332 7
-18.863 -0 -75.719 7
-19.59 -0 -82.106 7
-20.318 -0 -88.494 7
-21.046 -0 -94.881 7
-21.774 -0 -101.268 7
318.78 -0 -130.763 0
318.755 -4.181 -130.981 7
318.681 -8.316 -131.632 7
318.558 -12.361 -132.709 7
318.389 -16.269 -134.199 7
318.173 -20 -136.088 7
317.915 -23.511 -138.354 7
317.617 -26.765 -140.972 7
317.282 -29.726 -143.913 7
316.914 -32.361 -147.146 7
316.516 -34.641 -150.635 7
316.094 -36.542 -154.341 7
315.651 -38.042 -158.225 7
315.193 -39.126 -162.243 7
314.725 -39.781 -166.352 7
314.252 -40 -170.506 7
313.779 -39.781 -174.661 7
313.311 -39.126 -178.769 7
312.853 -38.042 -182.787 7
312.41 -36.542 -186.671 7
311.988 -34.641 -190.378 7
311.59 -32.361 -193.867 7
311.222 -29.726 -197.099 7
310.887 -26.765 -200.041 7
310.589 -23.511 -202.659 7
310.331 -20 -204.925 7
310.115 -16.269 -206.813 7
309.945 -12.361 -208.304 7
309.823 -8.316 -209.381 7
309.749 -4.181 -210.031 7
309.724 0 -210.249 7
309.749 4.181 -210.031 7
309.823 8.316 -209.381 7
309.945 12.361 -208.304 7
310.115 16.269 -206.813 7
310.331 20 -204.925 7
310.589 23.511 -202.659 7
310.887 26.765 -200.041 7
311.222 29.726 -197.099 7
311.59 32.361 -193.867 7
311.988 34.641 -190.378 7
312.41 36.542 -186.671 7
312.853 38.042 -182.787 7
313.311 39.126 -178.769 7
313.779 39.781 -174.661 7
314.252 40 -170.506 7
314.725 39.781 -166.352 7
315.193 39.126 -162.243 7
315.651 38.042 -158.225 7
316.094 36.542 -154.341 7
316.516 34.641 -150.635 7
316.914 32.361 -147.146 7
317.282 29.726 -143.913 7
317.617 26.765 -140.972 7
317.915 23.511 -138.354 7
318.173 20 -136.088 7
318.389 16.269 -134.199 7
318.558 12.361 -132.709 7
318.681 8.316 -131.632 7
318.755 4.181 -130.981 7
318.78 -0 -130.763 7
314.252 -0 -170.506 0
314.252 -5.714 -170.506 7
314.252 -11.429 -170.506 7
314.252 -17.143 -170.506 7
314.252 -22.857 -170.506 7
314.252 -28.571 -170.506 7
314.252 -34.286 -170.506 7
314.252 -40 -170.506 7
314.252 -0 -170.506 0
314.252 5.714 -170.506 7
314.252 11.429 -170.506 7
314.252 17.143 -170.506 7
314.252 22.857 -170.506 7
314.252 28.571 -170.506 7
314.252 34.286 -170.506 7
314.252 40 -170.506 7
314.252 -0 -170.506 0
314.899 -0 -164.829 7
315.546 -0 -159.151 7
316.193 -0 -153.474 7
316.839 -0 -147.796 7
317.486 -0 -142.118 7
318.133 -0 -136.441 7
318.78 -0 -130.763 7
314.252 -0 -170.506 0
313.605 -0 -176.184 7
312.958 -0 -181.861 7
312.311 -0 -187.539 7
311.664 -0 -193.216 7
311.018 -0 -198.894 7
310.371 -0 -204.572 7
309.724 -0 -210.249 7
-585.478 -0 -219.824 0
-585.44 -4.704 -220.068 7
-585.324 -9.356 -220.796 7
-585.133 -13.906 -222.002 7
-584.869 -18.303 -223.672 7
-584.534 -22.5 -225.787 7
-584.132 -26.45 -228.324 7
-583.668 -30.111 -231.256 7
-583.146 -33.442 -234.55 7
-582.573 -36.406 -238.17 7
-581.954 -38.971 -242.077 7
-581.296 -41.11 -246.228 7
-580.607 -42.798 -250.577 7
-579.895 -44.017 -255.077 7
-579.166 -44.753 -259.679 7
-578.429 -45 -264.331 7
-577.692 -44.753 -268.983 7
-576.963 -44.017 -273.584 7
-576.251 -42.798 -278.084 7
-575.562 -41.11 -282.433 7
-574.904 -38.971 -286.584 7
-574.286 -36.406 -290.491 7
-573.712 -33.442 -294.112 7
-573.191 -30.111 -297.406 7
-572.726 -26.45 -300.338 7
-572.324 -22.5 -302.875 7
-571.989 -18.303 -304.99 7
-571.725 -13.906 -306.659 7
-571.534 -9.356 -307.865 7
-571.419 -4.704 -308.594 7
-571.38 0 -308.838 7
-571.419 4.704 -308.594 7
-571.534 9.356 -307.865 7
-571.725 13.906 -306.659 7
-571.989 18.303 -304.99 7
-572.324 22.5 -302.875 7
-572.726 26.45 -300.338 7
-573.191 30.111 -297.406 7
-573.712 33.442 -294.112 7
-574.286 36.406 -290.491 7
-574.904 38.971 -286.584 7
-575.562 41.11 -282.433 7
-576.251 42.798 -278.084 7
-576.963 44.017 -273.584 7
-577.692 44.753 -268.983 7
-578.429 45 -264.331 7
-579.166 44.753 -259.679 7
-579.895 44.017 -255.077 7
-580.607 42.798 -250.577 7
-581.296 41.11 -246.228 7
-581.954 38.971 -242.077 7
-582.573 36.406 -238.17 7
-583.146 33.442 -234.55 7
-583.668 30.111 -231.256 7
-584.132 26.45 -228.324 7
-584.534 22.5 -225.787 7
-584.869 18.303 -223.672 7
-585.133 13.906 -222.002 7
-585.324 9.356 -220.796 7
-585.44 4.704 -220.068 7
-585.478 -0 -219.824 7
-579.397 -0 -264.433 0
-579.378 -6.429 -264.431 7
-579.318 -12.857 -264.424 7
-579.219 -19.286 -264.414 7
-579.081 -25.714 -264.399 7
-578.903 -32.143 -264.381 7
-578.686 -38.571 -264.358 7
-578.429 -45 -264.331 7
-579.397 -0 -264.433 0
-579.378 6.429 -264.431 7
-579.318 12.857 -264.424 7
-579.219 19.286 -264.414 7
-579.081 25.714 -264.399 7
-578.903 32.143 -264.381 7
-578.686 38.571 -264.358 7
-578.429 45 -264.331 7
-579.397 -0 -264.433 0
-580.385 -0 -258.072 7
-581.332 -0 -251.708 7
-582.241 -0 -245.339 7
-583.109 -0 -238.967 7
-583.938 -0 -232.59 7
-584.728 -0 -226.209 7
-585.478 -0 -219.824 7
-579.397 -0 -264.433 0
-578.371 -0 -270.789 7
-577.304 -0 -277.141 7
-576.198 -0 -283.488 7
-575.053 -0 -289.832 7
-573.868 -0 -296.171 7
-572.644 -0 -302.507 7
-571.38 -0 -308.838 7
-79.341 -0 -150.603 0
-79.34 -0.784 -150.644 7
-79.337 -1.559 -150.767 7
-79.332 -2.318 -150.97 7
-79.324 -3.051 -151.251 7
-79.315 -3.75 -151.608 7
-79.304 -4.408 -152.035 7
-79.291 -5.018 -152.529 7
-79.276 -5.574 -153.084 7
-79.26 -6.068 -153.694 7
-79.243 -6.495 -154.352 7
-79.225 -6.852 -155.051 7
-79.206 -7.133 -155.784 7
-79.186 -7.336 -156.542 7
-79.166 -7.459 -157.317 7
-79.145 -7.5 -158.101 7
-79.124 -7.459 -158.884 7
-79.104 -7.336 -159.659 7
-79.084 -7.133 -160.418 7
-79.065 -6.852 -161.15 7
-79.047 -6.495 -161.849 7
-79.03 -6.068 -162.508 7
-79.014 -5.574 -163.117 7
-78.999 -5.018 -163.672 7
-78.986 -4.408 -164.166 7
-78.975 -3.75 -164.594 7
-78.966 -3.051 -164.95 7
-78.958 -2.318 -165.231 7
-78.953 -1.559 -165.434 7
-78.95 -0.784 -165.557 7
-78.949 0 -165.598 7
-78.95 0.784 -165.557 7
-78.953 1.559 -165.434 7
-78.958 2.318 -165.231 7
-78.966 3.051 -164.95 7
-78.975 3.75 -164.594 7
-78.986 4.408 -164.166 7
-78.999 5.018 -163.672 7
-79.014 5.574 -163.117 7
-79.03 6.068 -162.508 7
-79.047 6.495 -161.849 7
-79.065 6.852 -161.15 7
-79.084 7.133 -160.418 7
-79.104 7.336 -159.659 7
-79.124 7.459 -158.884 7
-79.145 7.5 -158.101 7
-79.166 7.459 -157.317 7
-79.186 7.336 -156.542 7
-79.206 7.133 -155.784 7
-79.225 6.852 -155.051 7
-79.243 6.495 -154.352 7
-79.26 6.068 -153.694 7
-79.276 5.574 -153.084 7
-79.291 5.018 -152.529 7
-79.304 4.408 -152.035 7
-79.315 3.75 -151.608 7
-79.324 3.051 -151.251 7
-79.332 2.318 -150.97 7
-79.337 1.559 -150.767 7
-79.34 0.784 -150.644 7
-79.341 -0 -150.603 7
-79.145 -0 -158.101 0
-79.145 -1.071 -158.101 7
-79.145 -2.143 -158.101 7
-79.145 -3.214 -158.101 7
-79.145 -4.286 -158.101 7
-79.145 -5.357 -158.101 7
-79.145 -6.429 -158.101 7
-79.145 -7.5 -158.101 7
-79.145 -0 -158.101 0
-79.145 1.071 -158.101 7
-79.145 2.143 -158.101 7
-79.145 3.214 -158.101 7
-79.145 4.286 -158.101 7
-79.145 5.357 -158.101 7
-79.145 6.429 -158.101 7
-79.145 7.5 -158.101 7
-79.145 -0 -158.101 0
-79.173 -0 -157.03 7
-79.201 -0 -155.959 7
-79.229 -0 -154.887 7
-79.257 -0 -153.816 7
-79.285 -0 -152.745 7
-79.313 -0 -151.674 7
-79.341 -0 -150.603 7
-79.145 -0 -158.101 0
-79.117 -0 -159.172 7
-79.089 -0 -160.243 7
-79.061 -0 -161.314 7
-79.033 -0 -162.385 7
-79.005 -0 -163.456 7
-78.977 -0 -164.527 7
-78.949 -0 -165.598 7
-87.849 -0 -149.129 0
-87.855 -0.784 -149.169 7
-87.874 -1.559 -149.291 7
-87.906 -2.318 -149.491 7
-87.95 -3.051 -149.769 7
-88.006 -3.75 -150.121 7
-88.073 -4.408 -150.543 7
-88.15 -5.018 -151.031 7
-88.237 -5.574 -151.58 7
-88.332 -6.068 -152.182 7
-88.435 -6.495 -152.832 7
-88.545 -6.852 -153.523 7
-88.659 -7.133 -154.247 7
-88.778 -7.336 -154.996 7
-88.899 -7.459 -155.762 7
-89.022 -7.5 -156.536 7
-89.145 -7.459 -157.311 7
-89.266 -7.336 -158.076 7
-89.384 -7.133 -158.825 7
-89.499 -6.852 -159.549 7
-89.609 -6.495 -160.24 7
-89.712 -6.068 -160.89 7
-89.807 -5.574 -161.493 7
-89.894 -5.018 -162.041 7
-89.971 -4.408 -162.529 7
-90.038 -3.75 -162.952 7
-90.094 -3.051 -163.304 7
-90.138 -2.318 -163.581 7
-90.17 -1.559 -163.782 7
-90.189 -0.784 -163.903 7
-90.195 0 -163.944 7
-90.189 0.784 -163.903 7
-90.17 1.559 -163.782 7
-90.138 2.318 -163.581 7
-90.094 3.051 -163.304 7
-90.038 3.75 -162.952 7
-89.971 4.408 -162.529 7
-89.894 5.018 -162.041 7
-89.807 5.574 -161.493 7
-89.712 6.068 -160.89 7
-89.609 6.495 -160.24 7
-89.499 6.852 -159.549 7
-89.384 7.133 -158.825 7
-89.266 7.336 -158.076 7
-89.145 7.459 -157.311 7
-89.022 7.5 -156.536 7
-88.899 7.459 -155.762 7
-88.778 7.336 -154.996 7
-88.659 7.133 -154.247 7
-88.545 6.852 -153.523 7
-88.435 6.495 -152.832 7
-88.332 6.068 -152.182 7
-88.237 5.574 -151.58 7
-88.15 5.018 -151.031 7
-88.073 4.408 -150.543 7
-88.006 3.75 -150.121 7
-87.95 3.051 -149.769 7
-87.906 2.318 -149.491 7
-87.874 1.559 -149.291 7
-87.855 0.784 -149.169 7
-87.849 -0 -149.129 7
-89.022 -0 -156.536 0
-89.022 -1.071 -156.536 7
-89.022 -2.143 -156.536 7
-89.022 -3.214 -156.536 7
-89.022 -4.286 -156.536 7
-89.022 -5.357 -156.536 7
-89.022 -6.429 -156.536 7
-89.022 -7.5 -156.536 7
-89.022 -0 -156.536 0
-89.022 1.071 -156.536 7
-89.022 2.143 -156.536 7
-89.022 3.214 -156.536 7
-89.022 4.286 -156.536 7
-89.022 5.357 -156.536 7
-89.022 6.429 -156.536 7
-89.022 7.5 -156.536 7
-89.022 -0 -156.536 0
-88.854 -0 -155.478 7
-88.687 -0 -154.42 7
-88.519 -0 -153.362 7
-88.351 -0 -152.303 7
-88.184 -0 -151.245 7
-88.016 -0 -150.187 7
-87.849 -0 -149.129 7
-89.022 -0 -156.536 0
-89.19 -0 -157.595 7
-89.357 -0 -158.653 7
-89.525 -0 -159.711 7
-89.692 -0 -160.769 7
-89.86 -0 -161.828 7
-90.028 -0 -162.886 7
-90.195 -0 -163.944 7
-449.86 -0 -74.139 0
-449.888 -2.613 -74.273 7
-449.97 -5.198 -74.675 7
-450.106 -7.725 -75.34 7
-450.294 -10.168 -76.261 7
-450.532 -12.5 -77.427 7
-450.818 -14.695 -78.826 7
-451.148 -16.728 -80.443 7
-451.519 -18.579 -82.26 7
-451.927 -20.225 -84.256 7
-452.367 -21.651 -86.411 7
-452.835 -22.839 -88.7 7
-453.325 -23.776 -91.098 7
-453.831 -24.454 -93.58 7
-454.35 -24.863 -96.117 7
-454.874 -25 -98.683 7
-455.397 -24.863 -101.249 7
-455.916 -24.454 -103.786 7
-456.422 -23.776 -106.268 7
-456.912 -22.839 -108.666 7
-457.379 -21.651 -110.955 7
-457.819 -20.225 -113.11 7
-458.227 -18.579 -115.107 7
-458.598 -16.728 -116.923 7
-458.928 -14.695 -118.54 7
-459.214 -12.5 -119.939 7
-459.452 -10.168 -121.106 7
-459.64 -7.725 -122.027 7
-459.775 -5.198 -122.691 7
-459.857 -2.613 -123.093 7
-459.885 0 -123.228 7
-459.857 2.613 -123.093 7
-459.775 5.198 -122.691 7
-459.64 7.725 -122.027 7
-459.452 10.168 -121.106 7
-459.214 12.5 -119.939 7
-458.928 14.695 -118.54 7
-458.598 16.728 -116.923 7
-458.227 18.579 -115.107 7
-457.819 20.225 -113.11 7
-457.379 21.651 -110.955 7
-456.912 22.839 -108.666 7
-456.422 23.776 -106.268 7
-455.916 24.454 -103.786 7
-455.397 24.863 -101.249 7
-454.874 25 -98.683 7
-454.35 24.863 -96.117 7
-453.831 24.454 -93.58 7
-453.325 23.776 -91.098 7
-452.835 22.839 -88.7 7
-452.367 21.651 -86.411 7
-451.927 20.225 -84.256 7
-451.519 18.579 -82.26 7
-451.148 16.728 -80.443 7
-450.818 14.695 -78.826 7
-450.532 12.5 -77.427 7
-450.294 10.168 -76.261 7
-450.106 7.725 -75.34 7
-449.97 5.198 -74.675 7
-449.888 2.613 -74.273 7
-449.86 -0 -74.139 7
-455.354 -0 -98.552 0
-455.344 -3.571 -98.555 7
-455.315 -7.143 -98.563 7
-455.266 -10.714 -98.576 7
-455.197 -14.286 -98.595 7
-455.109 -17.857 -98.619 7
-455.001 -21.429 -98.648 7
-454.874 -25 -98.683 7
-455.354 -0 -98.552 0
-455.344 3.571 -98.555 7
-455.315 7.143 -98.563 7
-455.266 10.714 -98.576 7
-455.197 14.286 -98.595 7
-455.109 17.857 -98.619 7
-455.001 21.429 -98.648 7
-454.874 25 -98.683 7
-455.354 -0 -98.552 0
-454.628 -0 -95.049 7
-453.883 -0 -91.55 7
-453.117 -0 -88.057 7
-452.333 -0 -84.57 7
-451.528 -0 -81.088 7
-450.704 -0 -77.611 7
-449.86 -0 -74.139 7
-455.354 -0 -98.552 0
-456.061 -0 -102.061 7
-456.747 -0 -105.576 7
-457.414 -0 -109.096 7
-458.061 -0 -112.621 7
-458.689 -0 -116.151 7
-459.297 -0 -119.687 7
-459.885 -0 -123.228 7
233.811 -0 -247.206 0
233.803 -2.509 -247.337 7
233.778 -4.99 -247.729 7
233.737 -7.416 -248.378 7
233.681 -9.762 -249.277 7
233.609 -12 -250.415 7
233.523 -14.107 -251.78 7
233.424 -16.059 -253.358 7
233.313 -17.835 -255.131 7
233.191 -19.416 -257.08 7
233.059 -20.785 -259.182 7
232.918 -21.925 -261.416 7
232.771 -22.825 -263.757 7
232.619 -23.476 -266.179 7
232.464 -23.869 -268.655 7
232.307 -24 -271.159 7
232.149 -23.869 -273.662 7
231.994 -23.476 -276.139 7
231.842 -22.825 -278.561 7
231.695 -21.925 -280.901 7
231.554 -20.785 -283.135 7
231.422 -19.416 -285.238 7
231.3 -17.835 -287.186 7
231.189 -16.059 -288.959 7
231.09 -14.107 -290.537 7
231.004 -12 -291.902 7
230.932 -9.762 -293.041 7
230.876 -7.416 -293.939 7
230.835 -4.99 -294.588 7
230.811 -2.509 -294.98 7
230.802 0 -295.112 7
230.811 2.509 -294.98 7
230.835 4.99 -294.588 7
230.876 7.416 -293.939 7
230.932 9.762 -293.041 7
231.004 12 -291.902 7
231.09 14.107 -290.537 7
231.189 16.059 -288.959 7
231.3 17.835 -287.186 7
231.422 19.416 -285.238 7
231.554 20.785 -283.135 7
231.695 21.925 -280.901 7
231.842 22.825 -278.561 7
231.994 23.476 -276.139 7
232.149 23.869 -273.662 7
232.307 24 -271.159 7
232.464 23.869 -268.655 7
232.619 23.476 -266.179 7
232.771 22.825 -263.757 7
232.918 21.925 -261.416 7
233.059 20.785 -259.182 7
233.191 19.416 -257.08 7
233.313 17.835 -255.131 7
233.424 16.059 -253.358 7
233.523 14.107 -251.78 7
233.609 12 -250.415 7
233.681 9.762 -249.277 7
233.737 7.416 -248.378 7
233.778 4.99 -247.729 7
233.803 2.509 -247.337 7
233.811 -0 -247.206 7
232.307 -0 -271.159 0
232.307 -3.429 -271.159 7
232.307 -6.857 -271.159 7
232.307 -10.286 -271.159 7
232.307 -13.714 -271.159 7
232.307 -17.143 -271.159 7
232.307 -20.571 -271.159 7
232.307 -24 -271.159 7
232.307 -0 -271.159 0
232.307 3.429 -271.159 7
232.307 6.857 -271.159 7
232.307 10.286 -271.159 7
232.307 13.714 -271.159 7
232.307 17.143 -271.159 7
232.307 20.571 -271.159 7
232.307 24 -271.159 7
232.307 -0 -271.159 0
232.521 -0 -267.737 7
232.736 -0 -264.315 7
232.951 -0 -260.893 7
233.166 -0 -257.471 7
233.381 -0 -254.05 7
233.596 -0 -250.628 7
233.811 -0 -247.206 7
232.307 -0 -271.159 0
232.092 -0 -274.581 7
231.877 -0 -278.002 7
231.662 -0 -281.424 7
231.447 -0 -284.846 7
231.232 -0 -288.268 7
231.017 -0 -291.69 7
230.802 -0 -295.112 7
68.014 -0 -260.84 0
70.235 -2.217 -260.737 7
72.471 -4.41 -260.961 7
74.698 -6.555 -261.51 7
76.891 -8.628 -262.378 7
79.027 -10.607 -263.555 7
81.081 -12.469 -265.029 7
83.032 -14.194 -266.783 7
84.857 -15.764 -268.799 7
86.538 -17.162 -271.053 7
88.055 -18.371 -273.522 7
89.392 -19.379 -276.179 7
90.535 -20.175 -278.993 7
91.47 -20.75 -281.935 7
92.188 -21.097 -284.973 7
92.68 -21.213 -288.072 7
92.942 -21.097 -291.199 7
92.97 -20.75 -294.319 7
92.764 -20.175 -297.4 7
92.327 -19.379 -300.406 7
91.663 -18.371 -303.305 7
90.779 -17.162 -306.064 7
89.685 -15.764 -308.655 7
88.393 -14.194 -311.048 7
86.918 -12.469 -313.218 7
85.275 -10.607 -315.139 7
83.482 -8.628 -316.792 7
81.56 -6.555 -318.159 7
79.528 -4.41 -319.224 7
77.41 -2.217 -319.975 7
75.229 0 -320.405 7
73.008 2.217 -320.508 7
70.771 4.41 -320.284 7
68.544 6.555 -319.735 7
66.351 8.628 -318.868 7
64.216 10.607 -317.69 7
62.161 12.469 -316.216 7
60.211 14.194 -314.462 7
58.385 15.764 -312.446 7
56.704 17.162 -310.192 7
55.187 18.371 -307.723 7
53.85 19.379 -305.066 7
52.707 20.175 -302.252 7
51.772 20.75 -299.31 7
51.054 21.097 -296.273 7
50.562 21.213 -293.173 7
50.3 21.097 -290.046 7
50.272 20.75 -286.926 7
50.478 20.175 -283.845 7
50.915 19.379 -280.839 7
51.579 18.371 -277.941 7
52.463 17.162 -275.181 7
53.557 15.764 -272.59 7
54.849 14.194 -270.197 7
56.324 12.469 -268.028 7
57.967 10.607 -266.106 7
59.76 8.628 -264.453 7
61.682 6.555 -263.086 7
63.714 4.41 -262.021 7
65.832 2.217 -261.27 7
68.014 -0 -260.84 7
71.621 -0 -290.623 0
74.63 -3.03 -290.258 7
77.638 -6.061 -289.894 7
80.646 -9.091 -289.529 7
83.655 -12.122 -289.165 7
86.663 -15.152 -288.8 7
89.672 -18.183 -288.436 7
92.68 -21.213 -288.072 7
71.621 -0 -290.623 0
68.613 3.03 -290.987 7
65.604 6.061 -291.351 7
62.596 9.091 -291.716 7
59.587 12.122 -292.08 7
56.579 15.152 -292.445 7
53.57 18.183 -292.809 7
50.562 21.213 -293.173 7
71.621 -0 -290.623 0
71.106 -0 -286.368 7
70.59 -0 -282.113 7
70.075 -0 -277.859 7
69.56 -0 -273.604 7
69.044 -0 -269.349 7
68.529 -0 -265.095 7
68.014 -0 -260.84 7
71.621 -0 -290.623 0
72.136 -0 -294.877 7
72.652 -0 -299.132 7
73.167 -0 -303.386 7
73.683 -0 -307.641 7
74.198 -0 -311.896 7
74.713 -0 -316.15 7
75.229 -0 -320.405 7
69.07 630.713 -269.563 0
72.197 630.597 -269.302 7
75.318 630.25 -269.273 7
78.398 629.675 -269.479 7
81.404 628.879 -269.917 7
84.303 627.871 -270.581 7
87.063 626.662 -271.465 7
89.654 625.264 -272.559 7
92.047 623.694 -273.85 7
94.216 621.969 -275.326 7
96.138 620.107 -276.969 7
97.791 618.128 -278.761 7
99.157 616.055 -280.684 7
100.222 613.91 -282.715 7
100.974 611.717 -284.833 7
101.403 609.5 -287.015 7
101.507 607.283 -289.236 7
101.283 605.09 -291.472 7
100.734 602.945 -293.699 7
99.866 600.872 -295.892 7
98.689 598.893 -298.028 7
97.215 597.031 -300.082 7
95.461 595.306 -302.033 7
93.445 593.736 -303.859 7
91.19 592.338 -305.539 7
88.721 591.129 -307.057 7
86.065 590.121 -308.394 7
83.25 589.325 -309.536 7
80.308 588.75 -310.472 7
77.271 588.403 -311.189 7
74.172 588.287 -311.682 7
71.045 588.403 -311.944 7
67.924 588.75 -311.972 7
64.844 589.325 -311.766 7
61.838 590.121 -311.328 7
58.939 591.129 -310.664 7
56.179 592.338 -309.78 7
53.589 593.736 -308.687 7
51.195 595.306 -307.395 7
49.026 597.031 -305.919 7
47.104 598.893 -304.276 7
45.451 600.872 -302.484 7
44.085 602.945 -300.561 7
43.02 605.09 -298.53 7
42.269 607.283 -296.412 7
41.839 609.5 -294.23 7
41.735 611.717 -292.009 7
41.959 613.91 -289.773 7
42.508 616.055 -287.546 7
43.376 618.128 -285.353 7
44.553 620.107 -283.217 7
46.027 621.969 -281.163 7
47.782 623.694 -279.212 7
49.797 625.264 -277.386 7
52.052 626.662 -275.706 7
54.521 627.871 -274.188 7
57.177 628.879 -272.851 7
59.992 629.675 -271.709 7
62.934 630.25 -270.774 7
65.971 630.597 -270.056 7
69.07 630.713 -269.563 7
71.621 609.5 -290.623 0
75.876 609.5 -290.107 7
80.13 609.5 -289.592 7
84.385 609.5 -289.076 7
88.64 609.5 -288.561 7
92.894 609.5 -288.046 7
97.149 609.5 -287.53 7
101.403 609.5 -287.015 7
71.621 609.5 -290.623 0
67.366 609.5 -291.138 7
63.112 609.5 -291.653 7
58.857 609.5 -292.169 7
54.603 609.5 -292.684 7
50.348 609.5 -293.199 7
46.093 609.5 -293.715 7
41.839 609.5 -294.23 7
71.621 609.5 -290.623 0
71.257 612.53 -287.614 7
70.892 615.561 -284.606 7
70.528 618.591 -281.597 7
70.163 621.622 -278.589 7
69.799 624.652 -275.58 7
69.435 627.683 -272.572 7
69.07 630.713 -269.563 7
71.621 609.5 -290.623 0
71.985 606.47 -293.631 7
72.35 603.439 -296.639 7
72.714 600.409 -299.648 7
73.079 597.378 -302.656 7
73.443 594.348 -305.665 7
73.808 591.317 -308.673 7
74.172 588.287 -311.682 7
-6.827 616.6 297.97 0
-5.82 616.6 298.092 7
-4.813 616.6 298.214 7
-3.806 616.6 298.336 7
-2.799 616.6 298.458 7
-1.792 616.6 298.58 7
-0.785 616.6 298.702 7
0.221 616.6 298.824 7
1.228 616.6 298.946 7
2.235 616.6 299.068 7
3.242 616.6 299.19 7
4.249 616.6 299.312 7
5.256 616.6 299.434 7
6.263 616.6 299.556 7
7.27 616.6 299.678 7
7.27 616.6 299.678 7
7.27 615.586 299.678 7
7.27 614.571 299.678 7
7.27 613.557 299.678 7
7.27 612.543 299.678 7
7.27 611.529 299.678 7
7.27 610.514 299.678 7
7.27 609.5 299.678 7
7.27 608.486 299.678 7
7.27 607.471 299.678 7
7.27 606.457 299.678 7
7.27 605.443 299.678 7
7.27 604.429 299.678 7
7.27 603.414 299.678 7
7.27 602.4 299.678 7
7.27 602.4 299.678 7
6.263 602.4 299.556 7
5.256 602.4 299.434 7
4.249 602.4 299.312 7
3.242 602.4 299.19 7
2.235 602.4 299.068 7
1.228 602.4 298.946 7
0.221 602.4 298.824 7
-0.785 602.4 298.702 7
-1.792 602.4 298.58 7
-2.799 602.4 298.458 7
-3.806 602.4 298.336 7
-4.813 602.4 298.214 7
-5.82 602.4 298.092 7
-6.827 602.4 297.97 7
-6.827 602.4 297.97 7
-6.827 603.414 297.97 7
-6.827 604.429 297.97 7
-6.827 605.443 297.97 7
-6.827 606.457 297.97 7
-6.827 607.471 297.97 7
-6.827 608.486 297.97 7
-6.827 609.5 297.97 7
-6.827 610.514 297.97 7
-6.827 611.529 297.97 7
-6.827 612.543 297.97 7
-6.827 613.557 297.97 7
-6.827 614.571 297.97 7
-6.827 615.586 297.97 7
-6.827 616.6 297.97 7
0.221 609.5 298.824 0
1.228 609.5 298.946 7
2.235 609.5 299.068 7
3.242 609.5 299.19 7
4.249 609.5 299.312 7
5.256 609.5 299.434 7
6.263 609.5 299.556 7
7.27 609.5 299.678 7
0.221 609.5 298.824 0
-0.785 609.5 298.702 7
-1.792 609.5 298.58 7
-2.799 609.5 298.458 7
-3.806 609.5 298.336 7
-4.813 609.5 298.214 7
-5.82 609.5 298.092 7
-6.827 609.5 297.97 7
0.221 609.5 298.824 0
0.221 610.514 298.824 7
0.221 611.529 298.824 7
0.221 612.543 298.824 7
0.221 613.557 298.824 7
0.221 614.571 298.824 7
0.221 615.586 298.824 7
0.221 616.6 298.824 7
0.221 609.5 298.824 0
0.221 608.486 298.824 7
0.221 607.471 298.824 7
0.221 606.457 298.824 7
0.221 605.443 298.824 7
0.221 604.429 298.824 7
0.221 603.414 298.824 7
0.221 602.4 298.824 7
0 1.25 -1.25 0
521.495 1.304 -1.304 2
-16.68 0.007 -56.565 2
314.348 -0.831 -169.661 2
-579.856 -2.986 -261.479 2
-79.179 -1.283 -156.798 2
-88.827 -1.25 -155.303 2
-455.344 -0.015 -98.502 2
232.155 2.381 -273.574 2
69.059 2.936 -293.889 2
67.286 604.536 -296.148 2
-6.718 602.516 297.983 2
0 1.25 -1.25 0
522.647 1.304 -33.607 2
-20.419 0.001 -89.378 2
310.609 -0.834 -202.479 2
-574.393 -2.958 -293.366 2
-79.163 -1.282 -157.42 2
-88.827 -1.25 -155.304 2
-450.351 -0.042 -76.147 2
233.117 2.361 -258.246 2
67.474 2.929 -280.737 2
66.476 611.049 -289.685 2
-6.735 602.516 297.981 2
0 1.25 -1.25 0
520.956 33.502 -1.304 2
-16.675 32.206 -56.515 2
314.354 31.367 -169.614 2
-579.458 29.213 -261.401 2
-79.179 -0.678 -156.798 2
-88.827 -1.249 -155.303 2
-454.93 -22.916 -98.563 2
232.156 -12.706 -273.551 2
82.423 -10.533 -292.205 2
73.882 604.537 -295.348 2
-6.673 602.499 297.989 2
0 1.25 -1.25 0
519.356 1.304 30.795 2
-12.954 0.018 -23.863 2
318.074 -0.822 -136.958 2
-584.307 -3.002 -229.615 2
-79.195 -1.283 -156.19 2
-88.826 -1.25 -155.302 2
-459.534 0.003 -121.103 2
231.194 2.389 -288.867 2
70.659 2.932 -307.058 2
68.124 597.887 -302.744 2
-6.689 602.554 297.987 2
0 1.25 -1.25 0
521.037 -30.898 -1.304 2
-16.675 -32.186 -56.514 2
314.354 -33.02 -169.608 2
-579.278 -35.161 -261.363 2
-79.179 -1.887 -156.798 2
-88.826 -1.251 -155.302 2
-454.931 22.877 -98.562 2
232.157 17.447 -273.535 2
56.003 16.088 -295.477 2
60.716 604.569 -296.91 2
-6.725 602.545 297.982 2
0 -0 -1.25 0
521.496 -0 -1.304 2
-16.68 -0 -56.565 2
314.348 -0 -169.661 2
-579.861 -0 -261.479 2
-79.179 -0 -156.797 2
-88.826 -0 -155.302 2
-455.344 -0 -98.502 2
232.155 -0 -273.575 2
71.973 0 -293.527 2
72.218 604.534 -295.553 2
0.221 602.513 298.824 2
0 -0 -1.25 0
522.648 -0 -33.607 2
-20.419 -0 -89.378 2
310.609 -0 -202.479 2
-574.398 -0 -293.365 2
-79.163 -0 -157.419 2
-88.827 -0 -155.303 2
-450.351 -0 -76.146 2
233.117 -0 -258.248 2
70.376 0 -280.345 2
71.435 611.046 -289.088 2
0.221 602.511 298.824 2
0 -0 -1.25 0
520.997 32.2 -1.304 2
-16.675 32.196 -56.514 2
314.354 32.193 -169.611 2
-579.372 32.187 -261.382 2
-79.179 0.604 -156.797 2
-88.826 0 -155.302 2
-454.931 -22.897 -98.563 2
232.157 -15.077 -273.544 2
85.311 -13.444 -291.837 2
78.796 604.551 -294.739 2
0.246 602.519 298.827 2
0 0 -1.25 0
519.357 -0 30.795 2
-12.954 -0 -23.863 2
318.074 -0 -136.958 2
-584.312 -0 -229.616 2
-79.195 -0 -156.19 2
-88.826 -0 -155.302 2
-459.534 0 -121.103 2
231.194 0 -288.868 2
73.572 0 -306.728 2
73.018 597.886 -302.152 2
0.221 602.553 298.824 2
0 0 -1.25 0
520.997 -32.2 -1.304 2
-16.675 -32.196 -56.514 2
314.354 -32.193 -169.611 2
-579.372 -32.187 -261.382 2
-79.179 -0.604 -156.797 2
-88.826 -0 -155.302 2
-454.931 22.897 -98.563 2
232.157 15.077 -273.544 2
58.919 13.151 -295.125 2
65.636 604.551 -296.333 2
0.197 602.519 298.821 2
0 -1.25 -1.25 0
521.495 -1.304 -1.304 2
-16.68 -0.007 -56.565 2
314.348 0.831 -169.661 2
-579.856 2.986 -261.479 2
-79.179 1.283 -156.798 2
-88.827 1.25 -155.303 2
-455.344 0.015 -98.502 2
232.155 -2.381 -273.574 2
74.867 -2.917 -293.165 2
77.15 604.536 -294.953 2
7.161 602.516 299.665 2
0 -1.25 -1.25 0
522.647 -1.304 -33.607 2
-20.419 -0.001 -89.378 2
310.609 0.834 -202.479 2
-574.393 2.958 -293.366 2
-79.163 1.282 -157.42 2
-88.827 1.25 -155.304 2
-450.351 0.042 -76.147 2
233.117 -2.361 -258.246 2
73.259 -2.909 -279.952 2
76.393 611.049 -288.484 2
7.177 602.516 299.666 2
0 -1.25 -1.25 0
521.037 30.898 -1.304 2
-16.675 32.186 -56.514 2
314.354 33.02 -169.608 2
-579.278 35.161 -261.363 2
-79.179 1.887 -156.798 2
-88.826 1.251 -155.302 2
-454.931 -22.877 -98.562 2
232.157 -17.447 -273.535 2
88.179 -16.336 -291.469 2
83.712 604.569 -294.125 2
7.168 602.545 299.665 2
0 -1.25 -1.25 0
519.356 -1.304 30.795 2
-12.954 -0.018 -23.863 2
318.074 0.822 -136.958 2
-584.307 3.002 -229.615 2
-79.195 1.283 -156.19 2
-88.826 1.25 -155.302 2
-459.534 -0.003 -121.103 2
231.194 -2.389 -288.867 2
76.466 -2.912 -306.4 2
77.911 597.887 -301.559 2
7.132 602.554 299.661 2
0 -1.25 -1.25 0
520.956 -33.502 -1.304 2
-16.675 -32.206 -56.515 2
314.354 -31.367 -169.614 2
-579.458 -29.213 -261.401 2
-79.179 0.678 -156.798 2
-88.827 1.249 -155.303 2
-454.93 22.916 -98.563 2
232.156 12.706 -273.551 2
61.815 10.234 -294.773 2
70.554 604.537 -295.752 2
7.116 602.499 299.659 2
0 1.25 0 0
521.427 1.304 -0 2
-16.68 0.007 -56.557 2
314.252 -0.832 -170.506 2
-579.393 -2.986 -264.433 2
-79.145 -1.283 -158.101 2
-89.022 -1.25 -156.537 2
-455.347 -0.015 -98.516 2
232.307 2.379 -271.158 2
68.706 2.936 -290.975 2
66.672 609.502 -291.22 2
-6.718 609.503 297.983 2
0 1.25 0 0
522.62 1.304 -32.3 2
-20.419 0.001 -89.376 2
310.513 -0.835 -203.325 2
-573.844 -2.957 -296.276 2
-79.128 -1.283 -158.737 2
-89.022 -1.25 -156.537 2
-450.361 -0.043 -76.187 2
233.268 2.359 -255.851 2
67.123 2.928 -277.837 2
65.867 615.977 -284.795 2
-6.734 609.505 297.981 2
0 1.25 0 0
520.889 33.498 0 2
-16.673 32.206 -56.504 2
314.258 31.369 -170.456 2
-578.996 29.222 -264.348 2
-79.145 -0.665 -158.101 2
-89.022 -1.249 -156.537 2
-454.934 -22.917 -98.582 2
232.308 -12.705 -271.141 2
82.067 -10.524 -289.344 2
73.198 609.497 -290.435 2
-6.697 609.48 297.986 2
0 1.25 -0 0
519.249 1.304 32.092 2
-12.952 0.018 -23.845 2
317.979 -0.823 -137.793 2
-583.934 -3.002 -232.588 2
-79.161 -1.283 -157.48 2
-89.022 -1.25 -156.537 2
-459.534 0.003 -121.099 2
231.346 2.388 -286.452 2
70.307 2.932 -304.153 2
67.51 602.861 -297.808 2
-6.689 609.501 297.987 2
0 1.25 0 0
520.969 -30.894 0 2
-16.673 -32.187 -56.505 2
314.258 -33.023 -170.451 2
-578.815 -35.17 -264.31 2
-79.145 -1.902 -158.101 2
-89.022 -1.251 -156.537 2
-454.935 22.877 -98.582 2
232.309 17.442 -271.125 2
55.656 16.078 -292.524 2
60.175 609.529 -291.98 2
-6.701 609.526 297.985 2
0 -0 0 0
521.428 -0 -0 2
-16.68 -0 -56.557 2
314.252 -0 -170.506 2
-579.397 -0 -264.433 2
-79.145 -0 -158.101 2
-89.022 -0 -156.536 2
-455.347 -0 -98.516 2
232.307 -0 -271.159 2
71.621 0 -290.623 2
71.621 609.5 -290.623 2
0.221 609.5 298.824 2
0 -0 0 0
522.621 -0 -32.301 2
-20.419 -0 -89.376 2
310.513 -0 -203.325 2
-573.848 -0 -296.275 2
-79.128 -0 -158.736 2
-89.022 -0 -156.536 2
-450.36 -0 -76.187 2
233.268 -0 -255.852 2
70.026 0 -277.454 2
70.843 615.974 -284.195 2
0.221 609.5 298.824 2
0 -0 0 0
520.93 32.196 0 2
-16.673 32.196 -56.504 2
314.258 32.196 -170.453 2
-578.91 32.196 -264.329 2
-79.145 0.618 -158.101 2
-89.022 -0 -156.536 2
-454.935 -22.897 -98.581 2
232.308 -15.073 -271.134 2
84.955 -13.434 -288.985 2
78.128 609.511 -289.824 2
0.221 609.5 298.824 2
0 0 -0 0
519.25 -0 32.092 2
-12.952 -0 -23.845 2
317.979 -0 -137.793 2
-583.939 -0 -232.589 2
-79.161 -0 -157.479 2
-89.022 0 -156.536 2
-459.534 0 -121.099 2
231.346 0 -286.452 2
73.221 0 -303.834 2
72.42 602.86 -297.215 2
0.221 609.5 298.824 2
0 0 0 0
520.93 -32.196 0 2
-16.673 -32.196 -56.504 2
314.258 -32.196 -170.453 2
-578.91 -32.196 -264.329 2
-79.145 -0.618 -158.101 2
-89.022 0 -156.536 2
-454.935 22.897 -98.581 2
232.308 15.073 -271.134 2
58.573 13.141 -292.182 2
65.111 609.511 -291.4 2
0.221 609.5 298.824 2
0 -1.25 0 0
521.427 -1.304 -0 2
-16.68 -0.007 -56.557 2
314.252 0.832 -170.506 2
-579.393 2.986 -264.433 2
-79.145 1.283 -158.101 2
-89.022 1.25 -156.537 2
-455.347 0.015 -98.516 2
232.307 -2.379 -271.158 2
74.516 -2.916 -290.271 2
76.57 609.502 -290.021 2
7.161 609.503 299.664 2
0 -1.25 0 0
522.62 -1.304 -32.3 2
-20.419 -0.001 -89.376 2
310.513 0.835 -203.325 2
-573.844 2.957 -296.276 2
-79.128 1.283 -158.737 2
-89.022 1.25 -156.537 2
-450.361 0.043 -76.187 2
233.268 -2.359 -255.851 2
72.909 -2.908 -277.071 2
75.817 615.977 -283.59 2
7.177 609.505 299.666 2
0 -1.25 0 0
520.969 30.894 0 2
-16.673 32.187 -56.505 2
314.258 33.023 -170.451 2
-578.815 35.17 -264.31 2
-79.145 1.902 -158.101 2
-89.022 1.251 -156.537 2
-454.935 -22.877 -98.582 2
232.309 -17.442 -271.125 2
87.825 -16.326 -288.627 2
83.06 609.529 -289.208 2
7.143 609.526 299.662 2
0 -1.25 -0 0
519.249 -1.304 32.092 2
-12.952 -0.018 -23.845 2
317.979 0.823 -137.793 2
-583.934 3.002 -232.588 2
-79.161 1.283 -157.48 2
-89.022 1.25 -156.537 2
-459.534 -0.003 -121.099 2
231.346 -2.388 -286.452 2
76.116 -2.912 -303.515 2
77.329 602.861 -296.619 2
7.132 609.501 299.661 2
0 -1.25 0 0
520.889 -33.498 0 2
-16.673 -32.206 -56.504 2
314.258 -31.369 -170.456 2
-578.996 -29.222 -264.348 2
-79.145 0.665 -158.101 2
-89.022 1.249 -156.537 2
-454.934 22.917 -98.582 2
232.308 12.705 -271.141 2
61.469 10.225 -291.839 2
70.045 609.497 -290.817 2
7.14 609.48 299.662 2
0 1.25 1.25 0
521.358 1.304 1.304 2
-16.679 0.007 -56.55 2
314.155 -0.832 -171.354 2
-578.921 -2.986 -267.386 2
-79.111 -1.284 -159.407 2
-89.218 -1.25 -157.772 2
-455.35 -0.016 -98.532 2
232.458 2.378 -268.744 2
68.353 2.936 -288.059 2
66.054 614.506 -286.254 2
-6.718 616.496 297.983 2
0 1.25 1.25 0
522.591 1.304 -30.994 2
-20.419 0.001 -89.376 2
310.416 -0.835 -204.174 2
-573.286 -2.957 -299.185 2
-79.094 -1.284 -160.059 2
-89.218 -1.25 -157.773 2
-450.371 -0.044 -76.23 2
233.418 2.357 -253.457 2
66.772 2.927 -274.934 2
65.254 620.944 -279.866 2
-6.734 616.503 297.981 2
0 1.25 1.25 0
520.82 33.494 1.304 2
-16.672 32.206 -56.495 2
314.162 31.371 -171.3 2
-578.524 29.233 -267.295 2
-79.111 -0.65 -159.407 2
-89.218 -1.249 -157.772 2
-454.938 -22.917 -98.602 2
232.459 -12.704 -268.733 2
81.711 -10.515 -286.48 2
72.511 614.494 -285.484 2
-6.718 616.468 297.983 2
0 1.25 1.25 0
519.14 1.304 33.39 2
-12.95 0.018 -23.826 2
317.884 -0.823 -138.63 2
-583.553 -3.001 -235.561 2
-79.127 -1.284 -158.77 2
-89.217 -1.25 -157.771 2
-459.533 0.003 -121.097 2
231.498 2.386 -284.038 2
69.955 2.932 -301.248 2
66.89 607.871 -292.837 2
-6.69 616.451 297.987 2
0 1.25 1.25 0
520.9 -30.89 1.304 2
-16.672 -32.187 -56.495 2
314.162 -33.027 -171.295 2
-578.344 -35.18 -267.256 2
-79.111 -1.918 -159.407 2
-89.218 -1.251 -157.772 2
-454.94 22.876 -98.602 2
232.46 17.438 -268.718 2
55.308 16.068 -289.57 2
59.627 614.526 -287.013 2
-6.68 616.512 297.988 2
0 -0 1.25 0
521.359 -0 1.304 2
-16.679 -0 -56.55 2
314.155 -0 -171.354 2
-578.925 -0 -267.386 2
-79.111 -0 -159.407 2
-89.218 -0 -157.771 2
-455.35 -0 -98.532 2
232.458 -0 -268.744 2
71.269 0 -287.717 2
71.019 614.504 -285.655 2
0.221 616.493 298.824 2
0 -0 1.25 0
522.592 -0 -30.994 2
-20.419 -0 -89.376 2
310.416 -0 -204.174 2
-573.291 -0 -299.185 2
-79.094 -0 -160.058 2
-89.218 -0 -157.772 2
-450.371 -0 -76.23 2
233.418 -0 -253.459 2
69.676 0 -274.562 2
70.245 620.941 -279.265 2
0.221 616.498 298.824 2
0 -0 1.25 0
520.861 32.192 1.304 2
-16.672 32.196 -56.495 2
314.162 32.199 -171.297 2
-578.439 32.206 -267.276 2
-79.111 0.633 -159.407 2
-89.218 0 -157.771 2
-454.939 -22.897 -98.602 2
232.459 -15.071 -268.726 2
84.601 -13.426 -286.132 2
77.458 614.508 -284.871 2
0.201 616.487 298.821 2
0 0 1.25 0
519.141 -0 33.39 2
-12.95 -0 -23.826 2
317.884 -0 -138.63 2
-583.557 -0 -235.561 2
-79.127 -0 -158.77 2
-89.217 -0 -157.771 2
-459.533 0 -121.097 2
231.498 0 -284.039 2
72.871 0 -300.938 2
71.817 607.87 -292.241 2
0.221 616.45 298.824 2
0 0 1.25 0
520.861 -32.192 1.304 2
-16.672 -32.196 -56.495 2
314.162 -32.199 -171.297 2
-578.439 -32.206 -267.276 2
-79.111 -0.633 -159.407 2
-89.218 -0 -157.771 2
-454.939 22.897 -98.602 2
232.459 15.071 -268.726 2
58.225 13.132 -289.237 2
64.58 614.508 -286.431 2
0.242 616.487 298.826 2
0 -1.25 1.25 0
521.358 -1.304 1.304 2
-16.679 -0.007 -56.55 2
314.155 0.832 -171.354 2
-578.921 2.986 -267.386 2
-79.111 1.284 -159.407 2
-89.218 1.25 -157.772 2
-455.35 0.016 -98.532 2
232.458 -2.378 -268.744 2
74.165 -2.916 -287.375 2
75.985 614.506 -285.052 2
7.161 616.496 299.665 2
0 -1.25 1.25 0
522.591 -1.304 -30.994 2
-20.419 -0.001 -89.376 2
310.416 0.835 -204.174 2
-573.286 2.957 -299.185 2
-79.094 1.284 -160.059 2
-89.218 1.25 -157.773 2
-450.371 0.044 -76.23 2
233.418 -2.357 -253.457 2
72.559 -2.908 -274.188 2
75.236 620.944 -278.657 2
7.177 616.503 299.666 2
0 -1.25 1.25 0
520.9 30.89 1.304 2
-16.672 32.187 -56.495 2
314.162 33.027 -171.295 2
-578.344 35.18 -267.256 2
-79.111 1.918 -159.407 2
-89.218 1.251 -157.772 2
-454.94 -22.876 -98.602 2
232.46 -17.438 -268.718 2
87.471 -16.317 -285.784 2
82.406 614.526 -284.253 2
7.123 616.512 299.66 2
0 -1.25 1.25 0
519.14 -1.304 33.39 2
-12.95 -0.018 -23.826 2
317.884 0.823 -138.63 2
-583.553 3.001 -235.561 2
-79.127 1.284 -158.77 2
-89.217 1.25 -157.771 2
-459.533 -0.003 -121.097 2
231.498 -2.386 -284.038 2
75.767 -2.912 -300.629 2
76.744 607.871 -291.643 2
7.133 616.451 299.661 2
0 -1.25 1.25 0
520.82 -33.494 1.304 2
-16.672 -32.206 -56.495 2
314.162 -31.371 -171.3 2
-578.524 -29.233 -267.295 2
-79.111 0.65 -159.407 2
-89.218 1.249 -157.772 2
-454.938 22.917 -98.602 2
232.459 12.704 -268.733 2
61.122 10.216 -288.904 2
69.531 614.494 -285.845 2
7.161 616.468 299.664 2
