# 'ADONIS' ADaptive Optics Near Infrared System used on
# European South Observatory 3.6 meters Telescope (Chile)
# plus 'GRAF' Grating/Fabry-Perot Spectrometer
# by Patrick Rabou <rabou@gag.observ-gr.fr>

0 5 5 0
0 4.286 5 7
0 3.571 5 7
0 2.857 5 7
0 2.143 5 7
0 1.429 5 7
0 0.714 5 7
0 -0 5 7
0 -0.714 5 7
0 -1.429 5 7
0 -2.143 5 7
0 -2.857 5 7
0 -3.571 5 7
0 -4.286 5 7
0 -5 5 7
0 -5 5 7
0 -5 4.286 7
0 -5 3.571 7
0 -5 2.857 7
0 -5 2.143 7
0 -5 1.429 7
0 -5 0.714 7
0 -5 0 7
0 -5 -0.714 7
0 -5 -1.429 7
0 -5 -2.143 7
0 -5 -2.857 7
0 -5 -3.571 7
0 -5 -4.286 7
0 -5 -5 7
0 -5 -5 7
0 -4.286 -5 7
0 -3.571 -5 7
0 -2.857 -5 7
0 -2.143 -5 7
0 -1.429 -5 7
0 -0.714 -5 7
0 -0 -5 7
0 0.714 -5 7
0 1.429 -5 7
0 2.143 -5 7
0 2.857 -5 7
0 3.571 -5 7
0 4.286 -5 7
0 5 -5 7
0 5 -5 7
0 5 -4.286 7
0 5 -3.571 7
0 5 -2.857 7
0 5 -2.143 7
0 5 -1.429 7
0 5 -0.714 7
0 5 0 7
0 5 0.714 7
0 5 1.429 7
0 5 2.143 7
0 5 2.857 7
0 5 3.571 7
0 5 4.286 7
0 5 5 7
0 -0 0 0
0 -0.714 0 7
0 -1.429 0 7
0 -2.143 0 7
0 -2.857 0 7
0 -3.571 0 7
0 -4.286 0 7
0 -5 0 7
0 -0 0 0
0 0.714 0 7
0 1.429 0 7
0 2.143 0 7
0 2.857 0 7
0 3.571 0 7
0 4.286 0 7
0 5 0 7
0 -0 0 0
0 -0 0.714 7
0 -0 1.429 7
0 -0 2.143 7
0 -0 2.857 7
0 -0 3.571 7
0 -0 4.286 7
0 -0 5 7
0 -0 0 0
0 -0 -0.714 7
0 -0 -1.429 7
0 -0 -2.143 7
0 -0 -2.857 7
0 -0 -3.571 7
0 -0 -4.286 7
0 -0 -5 7
518.102 -0 44.898 0
518.115 -4.704 44.652 7
518.153 -9.356 43.915 7
518.217 -13.906 42.696 7
518.306 -18.303 41.008 7
518.418 -22.5 38.869 7
518.552 -26.45 36.304 7
518.707 -30.111 33.34 7
518.882 -33.442 30.009 7
519.074 -36.406 26.349 7
519.281 -38.971 22.398 7
519.501 -41.11 18.201 7
519.731 -42.798 13.804 7
519.97 -44.017 9.254 7
520.213 -44.753 4.602 7
520.46 -45 -0.102 7
520.707 -44.753 -4.806 7
520.95 -44.017 -9.458 7
521.189 -42.798 -14.008 7
521.419 -41.11 -18.405 7
521.639 -38.971 -22.602 7
521.846 -36.406 -26.552 7
522.038 -33.442 -30.213 7
522.213 -30.111 -33.543 7
522.368 -26.45 -36.508 7
522.502 -22.5 -39.073 7
522.614 -18.303 -41.211 7
522.703 -13.906 -42.899 7
522.767 -9.356 -44.118 7
522.805 -4.704 -44.855 7
522.818 0 -45.102 7
522.805 4.704 -44.855 7
522.767 9.356 -44.118 7
522.703 13.906 -42.899 7
522.614 18.303 -41.211 7
522.502 22.5 -39.073 7
522.368 26.45 -36.508 7
522.213 30.111 -33.543 7
522.038 33.442 -30.213 7
521.846 36.406 -26.552 7
521.639 38.971 -22.602 7
521.419 41.11 -18.405 7
521.189 42.798 -14.008 7
520.95 44.017 -9.458 7
520.707 44.753 -4.806 7
520.46 45 -0.102 7
520.213 44.753 4.602 7
519.97 44.017 9.254 7
519.731 42.798 13.804 7
519.501 41.11 18.201 7
519.281 38.971 22.398 7
519.074 36.406 26.349 7
518.882 33.442 30.009 7
518.707 30.111 33.34 7
518.552 26.45 36.304 7
518.418 22.5 38.869 7
518.306 18.303 41.008 7
518.217 13.906 42.696 7
518.153 9.356 43.915 7
518.115 4.704 44.652 7
518.102 -0 44.898 7
521.428 -0 0 0
521.408 -6.429 -0.002 7
521.349 -12.857 -0.008 7
521.25 -19.286 -0.019 7
521.112 -25.714 -0.033 7
520.934 -32.143 -0.052 7
520.717 -38.571 -0.075 7
520.46 -45 -0.102 7
521.428 -0 0 0
521.408 6.429 -0.002 7
521.349 12.857 -0.008 7
521.25 19.286 -0.019 7
521.112 25.714 -0.033 7
520.934 32.143 -0.052 7
520.717 38.571 -0.075 7
520.46 45 -0.102 7
521.428 -0 0 0
521.072 -0 6.426 7
520.675 -0 12.849 7
520.24 -0 19.267 7
519.764 -0 25.681 7
519.25 -0 32.091 7
518.695 -0 38.497 7
518.102 -0 44.898 7
521.428 -0 0 0
521.745 -0 -6.431 7
522.023 -0 -12.865 7
522.261 -0 -19.304 7
522.46 -0 -25.748 7
522.619 -0 -32.195 7
522.738 -0 -38.646 7
522.818 -0 -45.102 7
-11.585 -0 -11.847 0
-11.613 -4.704 -12.092 7
-11.697 -9.356 -12.824 7
-11.835 -13.906 -14.035 7
-12.026 -18.303 -15.712 7
-12.268 -22.5 -17.837 7
-12.558 -26.45 -20.386 7
-12.894 -30.111 -23.331 7
-13.271 -33.442 -26.64 7
-13.685 -36.406 -30.277 7
-14.132 -38.971 -34.202 7
-14.608 -41.11 -38.372 7
-15.105 -42.798 -42.741 7
-15.62 -44.017 -47.262 7
-16.147 -44.753 -51.884 7
-16.68 -45 -56.557 7
-17.212 -44.753 -61.231 7
-17.739 -44.017 -65.853 7
-18.254 -42.798 -70.374 7
-18.751 -41.11 -74.743 7
-19.227 -38.971 -78.913 7
-19.674 -36.406 -82.838 7
-20.088 -33.442 -86.475 7
-20.465 -30.111 -89.784 7
-20.801 -26.45 -92.729 7
-21.091 -22.5 -95.278 7
-21.333 -18.303 -97.403 7
-21.524 -13.906 -99.08 7
-21.662 -9.356 -100.291 7
-21.746 -4.704 -101.023 7
-21.774 0 -101.268 7
-21.746 4.704 -101.023 7
-21.662 9.356 -100.291 7
-21.524 13.906 -99.08 7
-21.333 18.303 -97.403 7
-21.091 22.5 -95.278 7
-20.801 26.45 -92.729 7
-20.465 30.111 -89.784 7
-20.088 33.442 -86.475 7
-19.674 36.406 -82.838 7
-19.227 38.971 -78.913 7
-18.751 41.11 -74.743 7
-18.254 42.798 -70.374 7
-17.739 44.017 -65.853 7
-17.212 44.753 -61.231 7
-16.68 45 -56.557 7
-16.147 44.753 -51.884 7
-15.62 44.017 -47.262 7
-15.105 42.798 -42.741 7
-14.608 41.11 -38.372 7
-14.132 38.971 -34.202 7
-13.685 36.406 -30.277 7
-13.271 33.442 -26.64 7
-12.894 30.111 -23.331 7
-12.558 26.45 -20.386 7
-12.268 22.5 -17.837 7
-12.026 18.303 -15.712 7
-11.835 13.906 -14.035 7
-11.697 9.356 -12.824 7
-11.613 4.704 -12.092 7
-11.585 -0 -11.847 7
-16.68 -0 -56.557 0
-16.68 -6.429 -56.557 7
-16.68 -12.857 -56.557 7
-16.68 -19.286 -56.557 7
-16.68 -25.714 -56.557 7
-16.68 -32.143 -56.557 7
-16.68 -38.571 -56.557 7
-16.68 -45 -56.557 7
-16.68 -0 -56.557 0
-16.68 6.429 -56.557 7
-16.68 12.857 -56.557 7
-16.68 19.286 -56.557 7
-16.68 25.714 -56.557 7
-16.68 32.143 -56.557 7
-16.68 38.571 -56.557 7
-16.68 45 -56.557 7
-16.68 -0 -56.557 0
-15.952 -0 -50.17 7
-15.224 -0 -43.783 7
-14.496 -0 -37.396 7
-13.769 -0 -31.008 7
-13.041 -0 -24.621 7
-12.313 -0 -18.234 7
-11.585 -0 -11.847 7
-16.68 -0 -56.557 0
-17.407 -0 -62.945 7
-18.135 -0 -69.332 7
-18.863 -0 -75.719 7
-19.59 -0 -82.106 7
-20.318 -0 -88.494 7
-21.046 -0 -94.881 7
-21.774 -0 -101.268 7
318.78 -0 -130.763 0
318.755 -4.181 -130.981 7
318.681 -8.316 -131.632 7
318.558 -12.361 -132.709 7
318.389 -16.269 -134.199 7
318.173 -20 -136.088 7
317.915 -23.511 -138.354 7
317.617 -26.765 -140.972 7
317.282 -29.726 -143.913 7
316.914 -32.361 -147.146 7
316.516 -34.641 -150.635 7
316.094 -36.542 -154.341 7
315.651 -38.042 -158.225 7
315.193 -39.126 -162.243 7
314.725 -39.781 -166.352 7
314.252 -40 -170.506 7
313.779 -39.781 -174.661 7
313.311 -39.126 -178.769 7
312.853 -38.042 -182.787 7
312.41 -36.542 -186.671 7
311.988 -34.641 -190.378 7
311.59 -32.361 -193.867 7
311.222 -29.726 -197.099 7
310.887 -26.765 -200.041 7
310.589 -23.511 -202.659 7
310.331 -20 -204.925 7
310.115 -16.269 -206.813 7
309.945 -12.361 -208.304 7
309.823 -8.316 -209.381 7
309.749 -4.181 -210.031 7
309.724 0 -210.249 7
309.749 4.181 -210.031 7
309.823 8.316 -209.381 7
309.945 12.361 -208.304 7
310.115 16.269 -206.813 7
310.331 20 -204.925 7
310.589 23.511 -202.659 7
310.887 26.765 -200.041 7
311.222 29.726 -197.099 7
311.59 32.361 -193.867 7
311.988 34.641 -190.378 7
312.41 36.542 -186.671 7
312.853 38.042 -182.787 7
313.311 39.126 -178.769 7
313.779 39.781 -174.661 7
314.252 40 -170.506 7
314.725 39.781 -166.352 7
315.193 39.126 -162.243 7
315.651 38.042 -158.225 7
316.094 36.542 -154.341 7
316.516 34.641 -150.635 7
316.914 32.361 -147.146 7
317.282 29.726 -143.913 7
317.617 26.765 -140.972 7
317.915 23.511 -138.354 7
318.173 20 -136.088 7
318.389 16.269 -134.199 7
318.558 12.361 -132.709 7
318.681 8.316 -131.632 7
318.755 4.181 -130.981 7
318.78 -0 -130.763 7
314.252 -0 -170.506 0
314.252 -5.714 -170.506 7
314.252 -11.429 -170.506 7
314.252 -17.143 -170.506 7
314.252 -22.857 -170.506 7
314.252 -28.571 -170.506 7
314.252 -34.286 -170.506 7
314.252 -40 -170.506 7
314.252 -0 -170.506 0
314.252 5.714 -170.506 7
314.252 11.429 -170.506 7
314.252 17.143 -170.506 7
314.252 22.857 -170.506 7
314.252 28.571 -170.506 7
314.252 34.286 -170.506 7
314.252 40 -170.506 7
314.252 -0 -170.506 0
314.899 -0 -164.829 7
315.546 -0 -159.151 7
316.193 -0 -153.474 7
316.839 -0 -147.796 7
317.486 -0 -142.118 7
318.133 -0 -136.441 7
318.78 -0 -130.763 7
314.252 -0 -170.506 0
313.605 -0 -176.184 7
312.958 -0 -181.861 7
312.311 -0 -187.539 7
311.664 -0 -193.216 7
311.018 -0 -198.894 7
310.371 -0 -204.572 7
309.724 -0 -210.249 7
-585.478 -0 -219.824 0
-585.44 -4.704 -220.068 7
-585.324 -9.356 -220.796 7
-585.133 -13.906 -222.002 7
-584.869 -18.303 -223.672 7
-584.534 -22.5 -225.787 7
-584.132 -26.45 -228.324 7
-583.668 -30.111 -231.256 7
-583.146 -33.442 -234.55 7
-582.573 -36.406 -238.17 7
-581.954 -38.971 -242.077 7
-581.296 -41.11 -246.228 7
-580.607 -42.798 -250.577 7
-579.895 -44.017 -255.077 7
-579.166 -44.753 -259.679 7
-578.429 -45 -264.331 7
-577.692 -44.753 -268.983 7
-576.963 -44.017 -273.584 7
-576.251 -42.798 -278.084 7
-575.562 -41.11 -282.433 7
-574.904 -38.971 -286.584 7
-574.286 -36.406 -290.491 7
-573.712 -33.442 -294.112 7
-573.191 -30.111 -297.406 7
-572.726 -26.45 -300.338 7
-572.324 -22.5 -302.875 7
-571.989 -18.303 -304.99 7
-571.725 -13.906 -306.659 7
-571.534 -9.356 -307.865 7
-571.419 -4.704 -308.594 7
-571.38 0 -308.838 7
-571.419 4.704 -308.594 7
-571.534 9.356 -307.865 7
-571.725 13.906 -306.659 7
-571.989 18.303 -304.99 7
-572.324 22.5 -302.875 7
-572.726 26.45 -300.338 7
-573.191 30.111 -297.406 7
-573.712 33.442 -294.112 7
-574.286 36.406 -290.491 7
-574.904 38.971 -286.584 7
-575.562 41.11 -282.433 7
-576.251 42.798 -278.084 7
-576.963 44.017 -273.584 7
-577.692 44.753 -268.983 7
-578.429 45 -264.331 7
-579.166 44.753 -259.679 7
-579.895 44.017 -255.077 7
-580.607 42.798 -250.577 7
-581.296 41.11 -246.228 7
-581.954 38.971 -242.077 7
-582.573 36.406 -238.17 7
-583.146 33.442 -234.55 7
-583.668 30.111 -231.256 7
-584.132 26.45 -228.324 7
-584.534 22.5 -225.787 7
-584.869 18.303 -223.672 7
-585.133 13.906 -222.002 7
-585.324 9.356 -220.796 7
-585.44 4.704 -220.068 7
-585.478 -0 -219.824 7
-579.397 -0 -264.433 0
-579.378 -6.429 -264.431 7
-579.318 -12.857 -264.424 7
-579.219 -19.286 -264.414 7
-579.081 -25.714 -264.399 7
-578.903 -32.143 -264.381 7
-578.686 -38.571 -264.358 7
-578.429 -45 -264.331 7
-579.397 -0 -264.433 0
-579.378 6.429 -264.431 7
-579.318 12.857 -264.424 7
-579.219 19.286 -264.414 7
-579.081 25.714 -264.399 7
-578.903 32.143 -264.381 7
-578.686 38.571 -264.358 7
-578.429 45 -264.331 7
-579.397 -0 -264.433 0
-580.385 -0 -258.072 7
-581.332 -0 -251.708 7
-582.241 -0 -245.339 7
-583.109 -0 -238.967 7
-583.938 -0 -232.59 7
-584.728 -0 -226.209 7
-585.478 -0 -219.824 7
-579.397 -0 -264.433 0
-578.371 -0 -270.789 7
-577.304 -0 -277.141 7
-576.198 -0 -283.488 7
-575.053 -0 -289.832 7
-573.868 -0 -296.171 7
-572.644 -0 -302.507 7
-571.38 -0 -308.838 7
-79.341 -0 -150.603 0
-79.34 -0.784 -150.644 7
-79.337 -1.559 -150.767 7
-79.332 -2.318 -150.97 7
-79.324 -3.051 -151.251 7
-79.315 -3.75 -151.608 7
-79.304 -4.408 -152.035 7
-79.291 -5.018 -152.529 7
-79.276 -5.574 -153.084 7
-79.26 -6.068 -153.694 7
-79.243 -6.495 -154.352 7
-79.225 -6.852 -155.051 7
-79.206 -7.133 -155.784 7
-79.186 -7.336 -156.542 7
-79.166 -7.459 -157.317 7
-79.145 -7.5 -158.101 7
-79.124 -7.459 -158.884 7
-79.104 -7.336 -159.659 7
-79.084 -7.133 -160.418 7
-79.065 -6.852 -161.15 7
-79.047 -6.495 -161.849 7
-79.03 -6.068 -162.508 7
-79.014 -5.574 -163.117 7
-78.999 -5.018 -163.672 7
-78.986 -4.408 -164.166 7
-78.975 -3.75 -164.594 7
-78.966 -3.051 -164.95 7
-78.958 -2.318 -165.231 7
-78.953 -1.559 -165.434 7
-78.95 -0.784 -165.557 7
-78.949 0 -165.598 7
-78.95 0.784 -165.557 7
-78.953 1.559 -165.434 7
-78.958 2.318 -165.231 7
-78.966 3.051 -164.95 7
-78.975 3.75 -164.594 7
-78.986 4.408 -164.166 7
-78.999 5.018 -163.672 7
-79.014 5.574 -163.117 7
-79.03 6.068 -162.508 7
-79.047 6.495 -161.849 7
-79.065 6.852 -161.15 7
-79.084 7.133 -160.418 7
-79.104 7.336 -159.659 7
-79.124 7.459 -158.884 7
-79.145 7.5 -158.101 7
-79.166 7.459 -157.317 7
-79.186 7.336 -156.542 7
-79.206 7.133 -155.784 7
-79.225 6.852 -155.051 7
-79.243 6.495 -154.352 7
-79.26 6.068 -153.694 7
-79.276 5.574 -153.084 7
-79.291 5.018 -152.529 7
-79.304 4.408 -152.035 7
-79.315 3.75 -151.608 7
-79.324 3.051 -151.251 7
-79.332 2.318 -150.97 7
-79.337 1.559 -150.767 7
-79.34 0.784 -150.644 7
-79.341 -0 -150.603 7
-79.145 -0 -158.101 0
-79.145 -1.071 -158.101 7
-79.145 -2.143 -158.101 7
-79.145 -3.214 -158.101 7
-79.145 -4.286 -158.101 7
-79.145 -5.357 -158.101 7
-79.145 -6.429 -158.101 7
-79.145 -7.5 -158.101 7
-79.145 -0 -158.101 0
-79.145 1.071 -158.101 7
-79.145 2.143 -158.101 7
-79.145 3.214 -158.101 7
-79.145 4.286 -158.101 7
-79.145 5.357 -158.101 7
-79.145 6.429 -158.101 7
-79.145 7.5 -158.101 7
-79.145 -0 -158.101 0
-79.173 -0 -157.03 7
-79.201 -0 -155.959 7
-79.229 -0 -154.887 7
-79.257 -0 -153.816 7
-79.285 -0 -152.745 7
-79.313 -0 -151.674 7
-79.341 -0 -150.603 7
-79.145 -0 -158.101 0
-79.117 -0 -159.172 7
-79.089 -0 -160.243 7
-79.061 -0 -161.314 7
-79.033 -0 -162.385 7
-79.005 -0 -163.456 7
-78.977 -0 -164.527 7
-78.949 -0 -165.598 7
-87.849 -0 -149.129 0
-87.855 -0.784 -149.169 7
-87.874 -1.559 -149.291 7
-87.906 -2.318 -149.491 7
-87.95 -3.051 -149.769 7
-88.006 -3.75 -150.121 7
-88.073 -4.408 -150.543 7
-88.15 -5.018 -151.031 7
-88.237 -5.574 -151.58 7
-88.332 -6.068 -152.182 7
-88.435 -6.495 -152.832 7
-88.545 -6.852 -153.523 7
-88.659 -7.133 -154.247 7
-88.778 -7.336 -154.996 7
-88.899 -7.459 -155.762 7
-89.022 -7.5 -156.536 7
-89.145 -7.459 -157.311 7
-89.266 -7.336 -158.076 7
-89.384 -7.133 -158.825 7
-89.499 -6.852 -159.549 7
-89.609 -6.495 -160.24 7
-89.712 -6.068 -160.89 7
-89.807 -5.574 -161.493 7
-89.894 -5.018 -162.041 7
-89.971 -4.408 -162.529 7
-90.038 -3.75 -162.952 7
-90.094 -3.051 -163.304 7
-90.138 -2.318 -163.581 7
-90.17 -1.559 -163.782 7
-90.189 -0.784 -163.903 7
-90.195 0 -163.944 7
-90.189 0.784 -163.903 7
-90.17 1.559 -163.782 7
-90.138 2.318 -163.581 7
-90.094 3.051 -163.304 7
-90.038 3.75 -162.952 7
-89.971 4.408 -162.529 7
-89.894 5.018 -162.041 7
-89.807 5.574 -161.493 7
-89.712 6.068 -160.89 7
-89.609 6.495 -160.24 7
-89.499 6.852 -159.549 7
-89.384 7.133 -158.825 7
-89.266 7.336 -158.076 7
-89.145 7.459 -157.311 7
-89.022 7.5 -156.536 7
-88.899 7.459 -155.762 7
-88.778 7.336 -154.996 7
-88.659 7.133 -154.247 7
-88.545 6.852 -153.523 7
-88.435 6.495 -152.832 7
-88.332 6.068 -152.182 7
-88.237 5.574 -151.58 7
-88.15 5.018 -151.031 7
-88.073 4.408 -150.543 7
-88.006 3.75 -150.121 7
-87.95 3.051 -149.769 7
-87.906 2.318 -149.491 7
-87.874 1.559 -149.291 7
-87.855 0.784 -149.169 7
-87.849 -0 -149.129 7
-89.022 -0 -156.536 0
-89.022 -1.071 -156.536 7
-89.022 -2.143 -156.536 7
-89.022 -3.214 -156.536 7
-89.022 -4.286 -156.536 7
-89.022 -5.357 -156.536 7
-89.022 -6.429 -156.536 7
-89.022 -7.5 -156.536 7
-89.022 -0 -156.536 0
-89.022 1.071 -156.536 7
-89.022 2.143 -156.536 7
-89.022 3.214 -156.536 7
-89.022 4.286 -156.536 7
-89.022 5.357 -156.536 7
-89.022 6.429 -156.536 7
-89.022 7.5 -156.536 7
-89.022 -0 -156.536 0
-88.854 -0 -155.478 7
-88.687 -0 -154.42 7
-88.519 -0 -153.362 7
-88.351 -0 -152.303 7
-88.184 -0 -151.245 7
-88.016 -0 -150.187 7
-87.849 -0 -149.129 7
-89.022 -0 -156.536 0
-89.19 -0 -157.595 7
-89.357 -0 -158.653 7
-89.525 -0 -159.711 7
-89.692 -0 -160.769 7
-89.86 -0 -161.828 7
-90.028 -0 -162.886 7
-90.195 -0 -163.944 7
-449.86 -0 -74.139 0
-449.888 -2.613 -74.273 7
-449.97 -5.198 -74.675 7
-450.106 -7.725 -75.34 7
-450.294 -10.168 -76.261 7
-450.532 -12.5 -77.427 7
-450.818 -14.695 -78.826 7
-451.148 -16.728 -80.443 7
-451.519 -18.579 -82.26 7
-451.927 -20.225 -84.256 7
-452.367 -21.651 -86.411 7
-452.835 -22.839 -88.7 7
-453.325 -23.776 -91.098 7
-453.831 -24.454 -93.58 7
-454.35 -24.863 -96.117 7
-454.874 -25 -98.683 7
-455.397 -24.863 -101.249 7
-455.916 -24.454 -103.786 7
-456.422 -23.776 -106.268 7
-456.912 -22.839 -108.666 7
-457.379 -21.651 -110.955 7
-457.819 -20.225 -113.11 7
-458.227 -18.579 -115.107 7
-458.598 -16.728 -116.923 7
-458.928 -14.695 -118.54 7
-459.214 -12.5 -119.939 7
-459.452 -10.168 -121.106 7
-459.64 -7.725 -122.027 7
-459.775 -5.198 -122.691 7
-459.857 -2.613 -123.093 7
-459.885 0 -123.228 7
-459.857 2.613 -123.093 7
-459.775 5.198 -122.691 7
-459.64 7.725 -122.027 7
-459.452 10.168 -121.106 7
-459.214 12.5 -119.939 7
-458.928 14.695 -118.54 7
-458.598 16.728 -116.923 7
-458.227 18.579 -115.107 7
-457.819 20.225 -113.11 7
-457.379 21.651 -110.955 7
-456.912 22.839 -108.666 7
-456.422 23.776 -106.268 7
-455.916 24.454 -103.786 7
-455.397 24.863 -101.249 7
-454.874 25 -98.683 7
-454.35 24.863 -96.117 7
-453.831 24.454 -93.58 7
-453.325 23.776 -91.098 7
-452.835 22.839 -88.7 7
-452.367 21.651 -86.411 7
-451.927 20.225 -84.256 7
-451.519 18.579 -82.26 7
-451.148 16.728 -80.443 7
-450.818 14.695 -78.826 7
-450.532 12.5 -77.427 7
-450.294 10.168 -76.261 7
-450.106 7.725 -75.34 7
-449.97 5.198 -74.675 7
-449.888 2.613 -74.273 7
-449.86 -0 -74.139 7
-455.354 -0 -98.552 0
-455.344 -3.571 -98.555 7
-455.315 -7.143 -98.563 7
-455.266 -10.714 -98.576 7
-455.197 -14.286 -98.595 7
-455.109 -17.857 -98.619 7
-455.001 -21.429 -98.648 7
-454.874 -25 -98.683 7
-455.354 -0 -98.552 0
-455.344 3.571 -98.555 7
-455.315 7.143 -98.563 7
-455.266 10.714 -98.576 7
-455.197 14.286 -98.595 7
-455.109 17.857 -98.619 7
-455.001 21.429 -98.648 7
-454.874 25 -98.683 7
-455.354 -0 -98.552 0
-454.628 -0 -95.049 7
-453.883 -0 -91.55 7
-453.117 -0 -88.057 7
-452.333 -0 -84.57 7
-451.528 -0 -81.088 7
-450.704 -0 -77.611 7
-449.86 -0 -74.139 7
-455.354 -0 -98.552 0
-456.061 -0 -102.061 7
-456.747 -0 -105.576 7
-457.414 -0 -109.096 7
-458.061 -0 -112.621 7
-458.689 -0 -116.151 7
-459.297 -0 -119.687 7
-459.885 -0 -123.228 7
233.811 -0 -247.206 0
233.803 -2.509 -247.337 7
233.778 -4.99 -247.729 7
233.737 -7.416 -248.378 7
233.681 -9.762 -249.277 7
233.609 -12 -250.415 7
233.523 -14.107 -251.78 7
233.424 -16.059 -253.358 7
233.313 -17.835 -255.131 7
233.191 -19.416 -257.08 7
233.059 -20.785 -259.182 7
232.918 -21.925 -261.416 7
232.771 -22.825 -263.757 7
232.619 -23.476 -266.179 7
232.464 -23.869 -268.655 7
232.307 -24 -271.159 7
232.149 -23.869 -273.662 7
231.994 -23.476 -276.139 7
231.842 -22.825 -278.561 7
231.695 -21.925 -280.901 7
231.554 -20.785 -283.135 7
231.422 -19.416 -285.238 7
231.3 -17.835 -287.186 7
231.189 -16.059 -288.959 7
231.09 -14.107 -290.537 7
231.004 -12 -291.902 7
230.932 -9.762 -293.041 7
230.876 -7.416 -293.939 7
230.835 -4.99 -294.588 7
230.811 -2.509 -294.98 7
230.802 0 -295.112 7
230.811 2.509 -294.98 7
230.835 4.99 -294.588 7
230.876 7.416 -293.939 7
230.932 9.762 -293.041 7
231.004 12 -291.902 7
231.09 14.107 -290.537 7
231.189 16.059 -288.959 7
231.3 17.835 -287.186 7
231.422 19.416 -285.238 7
231.554 20.785 -283.135 7
231.695 21.925 -280.901 7
231.842 22.825 -278.561 7
231.994 23.476 -276.139 7
232.149 23.869 -273.662 7
232.307 24 -271.159 7
232.464 23.869 -268.655 7
232.619 23.476 -266.179 7
232.771 22.825 -263.757 7
232.918 21.925 -261.416 7
233.059 20.785 -259.182 7
233.191 19.416 -257.08 7
233.313 17.835 -255.131 7
233.424 16.059 -253.358 7
233.523 14.107 -251.78 7
233.609 12 -250.415 7
233.681 9.762 -249.277 7
233.737 7.416 -248.378 7
233.778 4.99 -247.729 7
233.803 2.509 -247.337 7
233.811 -0 -247.206 7
232.307 -0 -271.159 0
232.307 -3.429 -271.159 7
232.307 -6.857 -271.159 7
232.307 -10.286 -271.159 7
232.307 -13.714 -271.159 7
232.307 -17.143 -271.159 7
232.307 -20.571 -271.159 7
232.307 -24 -271.159 7
232.307 -0 -271.159 0
232.307 3.429 -271.159 7
232.307 6.857 -271.159 7
232.307 10.286 -271.159 7
232.307 13.714 -271.159 7
232.307 17.143 -271.159 7
232.307 20.571 -271.159 7
232.307 24 -271.159 7
232.307 -0 -271.159 0
232.521 -0 -267.737 7
232.736 -0 -264.315 7
232.951 -0 -260.893 7
233.166 -0 -257.471 7
233.381 -0 -254.05 7
233.596 -0 -250.628 7
233.811 -0 -247.206 7
232.307 -0 -271.159 0
232.092 -0 -274.581 7
231.877 -0 -278.002 7
231.662 -0 -281.424 7
231.447 -0 -284.846 7
231.232 -0 -288.268 7
231.017 -0 -291.69 7
230.802 -0 -295.112 7
68.014 -0 -260.84 0
70.235 -2.217 -260.737 7
72.471 -4.41 -260.961 7
74.698 -6.555 -261.51 7
76.891 -8.628 -262.378 7
79.027 -10.607 -263.555 7
81.081 -12.469 -265.029 7
83.032 -14.194 -266.783 7
84.857 -15.764 -268.799 7
86.538 -17.162 -271.053 7
88.055 -18.371 -273.522 7
89.392 -19.379 -276.179 7
90.535 -20.175 -278.993 7
91.47 -20.75 -281.935 7
92.188 -21.097 -284.973 7
92.68 -21.213 -288.072 7
92.942 -21.097 -291.199 7
92.97 -20.75 -294.319 7
92.764 -20.175 -297.4 7
92.327 -19.379 -300.406 7
91.663 -18.371 -303.305 7
90.779 -17.162 -306.064 7
89.685 -15.764 -308.655 7
88.393 -14.194 -311.048 7
86.918 -12.469 -313.218 7
85.275 -10.607 -315.139 7
83.482 -8.628 -316.792 7
81.56 -6.555 -318.159 7
79.528 -4.41 -319.224 7
77.41 -2.217 -319.975 7
75.229 0 -320.405 7
73.008 2.217 -320.508 7
70.771 4.41 -320.284 7
68.544 6.555 -319.735 7
66.351 8.628 -318.868 7
64.216 10.607 -317.69 7
62.161 12.469 -316.216 7
60.211 14.194 -314.462 7
58.385 15.764 -312.446 7
56.704 17.162 -310.192 7
55.187 18.371 -307.723 7
53.85 19.379 -305.066 7
52.707 20.175 -302.252 7
51.772 20.75 -299.31 7
51.054 21.097 -296.273 7
50.562 21.213 -293.173 7
50.3 21.097 -290.046 7
50.272 20.75 -286.926 7
50.478 20.175 -283.845 7
50.915 19.379 -280.839 7
51.579 18.371 -277.941 7
52.463 17.162 -275.181 7
53.557 15.764 -272.59 7
54.849 14.194 -270.197 7
56.324 12.469 -268.028 7
57.967 10.607 -266.106 7
59.76 8.628 -264.453 7
61.682 6.555 -263.086 7
63.714 4.41 -262.021 7
65.832 2.217 -261.27 7
68.014 -0 -260.84 7
71.621 -0 -290.623 0
74.63 -3.03 -290.258 7
77.638 -6.061 -289.894 7
80.646 -9.091 -289.529 7
83.655 -12.122 -289.165 7
86.663 -15.152 -288.8 7
89.672 -18.183 -288.436 7
92.68 -21.213 -288.072 7
71.621 -0 -290.623 0
68.613 3.03 -290.987 7
65.604 6.061 -291.351 7
62.596 9.091 -291.716 7
59.587 12.122 -292.08 7
56.579 15.152 -292.445 7
53.57 18.183 -292.809 7
50.562 21.213 -293.173 7
71.621 -0 -290.623 0
71.106 -0 -286.368 7
70.59 -0 -282.113 7
70.075 -0 -277.859 7
69.56 -0 -273.604 7
69.044 -0 -269.349 7
68.529 -0 -265.095 7
68.014 -0 -260.84 7
71.621 -0 -290.623 0
72.136 -0 -294.877 7
72.652 -0 -299.132 7
73.167 -0 -303.386 7
73.683 -0 -307.641 7
74.198 -0 -311.896 7
74.713 -0 -316.15 7
75.229 -0 -320.405 7
69.07 630.713 -269.563 0
72.197 630.597 -269.302 7
75.318 630.25 -269.273 7
78.398 629.675 -269.479 7
81.404 628.879 -269.917 7
84.303 627.871 -270.581 7
87.063 626.662 -271.465 7
89.654 625.264 -272.559 7
92.047 623.694 -273.85 7
94.216 621.969 -275.326 7
96.138 620.107 -276.969 7
97.791 618.128 -278.761 7
99.157 616.055 -280.684 7
100.222 613.91 -282.715 7
100.974 611.717 -284.833 7
101.403 609.5 -287.015 7
101.507 607.283 -289.236 7
101.283 605.09 -291.472 7
100.734 602.945 -293.699 7
99.866 600.872 -295.892 7
98.689 598.893 -298.028 7
97.215 597.031 -300.082 7
95.461 595.306 -302.033 7
93.445 593.736 -303.859 7
91.19 592.338 -305.539 7
88.721 591.129 -307.057 7
86.065 590.121 -308.394 7
83.25 589.325 -309.536 7
80.308 588.75 -310.472 7
77.271 588.403 -311.189 7
74.172 588.287 -311.682 7
71.045 588.403 -311.944 7
67.924 588.75 -311.972 7
64.844 589.325 -311.766 7
61.838 590.121 -311.328 7
58.939 591.129 -310.664 7
56.179 592.338 -309.78 7
53.589 593.736 -308.687 7
51.195 595.306 -307.395 7
49.026 597.031 -305.919 7
47.104 598.893 -304.276 7
45.451 600.872 -302.484 7
44.085 602.945 -300.561 7
43.02 605.09 -298.53 7
42.269 607.283 -296.412 7
41.839 609.5 -294.23 7
41.735 611.717 -292.009 7
41.959 613.91 -289.773 7
42.508 616.055 -287.546 7
43.376 618.128 -285.353 7
44.553 620.107 -283.217 7
46.027 621.969 -281.163 7
47.782 623.694 -279.212 7
49.797 625.264 -277.386 7
52.052 626.662 -275.706 7
54.521 627.871 -274.188 7
57.177 628.879 -272.851 7
59.992 629.675 -271.709 7
62.934 630.25 -270.774 7
65.971 630.597 -270.056 7
69.07 630.713 -269.563 7
71.621 609.5 -290.623 0
75.876 609.5 -290.107 7
80.13 609.5 -289.592 7
84.385 609.5 -289.076 7
88.64 609.5 -288.561 7
92.894 609.5 -288.046 7
97.149 609.5 -287.53 7
101.403 609.5 -287.015 7
71.621 609.5 -290.623 0
67.366 609.5 -291.138 7
63.112 609.5 -291.653 7
58.857 609.5 -292.169 7
54.603 609.5 -292.684 7
50.348 609.5 -293.199 7
46.093 609.5 -293.715 7
41.839 609.5 -294.23 7
71.621 609.5 -290.623 0
71.257 612.53 -287.614 7
70.892 615.561 -284.606 7
70.528 618.591 -281.597 7
70.163 621.622 -278.589 7
69.799 624.652 -275.58 7
69.435 627.683 -272.572 7
69.07 630.713 -269.563 7
71.621 609.5 -290.623 0
71.985 606.47 -293.631 7
72.35 603.439 -296.639 7
72.714 600.409 -299.648 7
73.079 597.378 -302.656 7
73.443 594.348 -305.665 7
73.808 591.317 -308.673 7
74.172 588.287 -311.682 7
33.892 624.5 20.856 0
35.126 624.418 19.888 7
36.346 624.172 18.932 7
37.54 623.766 17.996 7
38.693 623.203 17.092 7
39.794 622.49 16.229 7
40.831 621.635 15.416 7
41.791 620.647 14.663 7
42.665 619.537 13.979 7
43.442 618.317 13.369 7
44.115 617 12.841 7
44.676 615.601 12.402 7
45.119 614.135 12.054 7
45.439 612.619 11.804 7
45.632 611.068 11.652 7
45.697 609.5 11.602 7
45.632 607.932 11.652 7
45.439 606.381 11.804 7
45.119 604.865 12.054 7
44.676 603.399 12.402 7
44.115 602 12.841 7
43.442 600.683 13.369 7
42.665 599.463 13.979 7
41.791 598.353 14.663 7
40.831 597.365 15.416 7
39.794 596.51 16.229 7
38.693 595.797 17.092 7
37.54 595.234 17.996 7
36.346 594.828 18.932 7
35.126 594.582 19.888 7
33.892 594.5 20.856 7
32.658 594.582 21.823 7
31.437 594.828 22.78 7
30.244 595.234 23.715 7
29.09 595.797 24.62 7
27.989 596.51 25.483 7
26.953 597.365 26.295 7
25.993 598.353 27.048 7
25.119 599.463 27.733 7
24.341 600.683 28.342 7
23.668 602 28.87 7
23.107 603.399 29.31 7
22.664 604.865 29.657 7
22.345 606.381 29.908 7
22.151 607.932 30.059 7
22.087 609.5 30.11 7
22.151 611.068 30.059 7
22.345 612.619 29.908 7
22.664 614.135 29.657 7
23.107 615.601 29.31 7
23.668 617 28.87 7
24.341 618.317 28.342 7
25.119 619.537 27.733 7
25.993 620.647 27.048 7
26.953 621.635 26.295 7
27.989 622.49 25.483 7
29.09 623.203 24.62 7
30.244 623.766 23.715 7
31.437 624.172 22.78 7
32.658 624.418 21.823 7
33.892 624.5 20.856 7
33.892 609.5 20.856 0
35.578 609.5 19.534 7
37.265 609.5 18.212 7
38.951 609.5 16.89 7
40.638 609.5 15.568 7
42.324 609.5 14.246 7
44.01 609.5 12.924 7
45.697 609.5 11.602 7
33.892 609.5 20.856 0
32.205 609.5 22.178 7
30.519 609.5 23.5 7
28.832 609.5 24.822 7
27.146 609.5 26.144 7
25.46 609.5 27.466 7
23.773 609.5 28.788 7
22.087 609.5 30.11 7
33.892 609.5 20.856 0
33.892 611.643 20.856 7
33.892 613.786 20.856 7
33.892 615.929 20.856 7
33.892 618.071 20.856 7
33.892 620.214 20.856 7
33.892 622.357 20.856 7
33.892 624.5 20.856 7
33.892 609.5 20.856 0
33.892 607.357 20.856 7
33.892 605.214 20.856 7
33.892 603.071 20.856 7
33.892 600.929 20.856 7
33.892 598.786 20.856 7
33.892 596.643 20.856 7
33.892 594.5 20.856 7
-18.724 614.5 14.482 0
-18.661 614.473 13.964 7
-18.599 614.391 13.45 7
-18.538 614.255 12.949 7
-18.479 614.068 12.463 7
-18.423 613.83 12.001 7
-18.37 613.545 11.565 7
-18.321 613.216 11.161 7
-18.277 612.846 10.794 7
-18.237 612.439 10.467 7
-18.203 612 10.184 7
-18.174 611.534 9.948 7
-18.152 611.045 9.762 7
-18.136 610.54 9.627 7
-18.126 610.023 9.546 7
-18.122 609.5 9.519 7
-18.126 608.977 9.546 7
-18.136 608.46 9.627 7
-18.152 607.955 9.762 7
-18.174 607.466 9.948 7
-18.203 607 10.184 7
-18.237 606.561 10.467 7
-18.277 606.154 10.794 7
-18.321 605.784 11.161 7
-18.37 605.455 11.565 7
-18.423 605.17 12.001 7
-18.479 604.932 12.463 7
-18.538 604.745 12.949 7
-18.599 604.609 13.45 7
-18.661 604.527 13.964 7
-18.724 604.5 14.482 7
-18.787 604.527 15.001 7
-18.849 604.609 15.514 7
-18.909 604.745 16.016 7
-18.968 604.932 16.501 7
-19.024 605.17 16.964 7
-19.077 605.455 17.4 7
-19.126 605.784 17.804 7
-19.17 606.154 18.171 7
-19.21 606.561 18.498 7
-19.244 607 18.781 7
-19.273 607.466 19.017 7
-19.295 607.955 19.203 7
-19.312 608.46 19.338 7
-19.322 608.977 19.419 7
-19.325 609.5 19.446 7
-19.322 610.023 19.419 7
-19.312 610.54 19.338 7
-19.295 611.045 19.203 7
-19.273 611.534 19.017 7
-19.244 612 18.781 7
-19.21 612.439 18.498 7
-19.17 612.846 18.171 7
-19.126 613.216 17.804 7
-19.077 613.545 17.4 7
-19.024 613.83 16.964 7
-18.968 614.068 16.501 7
-18.909 614.255 16.016 7
-18.849 614.391 15.514 7
-18.787 614.473 15.001 7
-18.724 614.5 14.482 7
-18.724 609.5 14.482 0
-18.638 609.5 13.773 7
-18.552 609.5 13.064 7
-18.466 609.5 12.355 7
-18.38 609.5 11.646 7
-18.294 609.5 10.937 7
-18.208 609.5 10.228 7
-18.122 609.5 9.519 7
-18.724 609.5 14.482 0
-18.81 609.5 15.192 7
-18.895 609.5 15.901 7
-18.981 609.5 16.61 7
-19.067 609.5 17.319 7
-19.153 609.5 18.028 7
-19.239 609.5 18.737 7
-19.325 609.5 19.446 7
-18.724 609.5 14.482 0
-18.724 610.214 14.482 7
-18.724 610.929 14.482 7
-18.724 611.643 14.482 7
-18.724 612.357 14.482 7
-18.724 613.071 14.482 7
-18.724 613.786 14.482 7
-18.724 614.5 14.482 7
-18.724 609.5 14.482 0
-18.724 608.786 14.482 7
-18.724 608.071 14.482 7
-18.724 607.357 14.482 7
-18.724 606.643 14.482 7
-18.724 605.929 14.482 7
-18.724 605.214 14.482 7
-18.724 604.5 14.482 7
-38.579 653.5 12.077 0
-38.025 653.259 7.512 7
-37.478 652.538 2.996 7
-36.944 651.346 -1.421 7
-36.426 649.696 -5.689 7
-35.933 647.605 -9.763 7
-35.469 645.097 -13.597 7
-35.038 642.198 -17.151 7
-34.647 638.942 -20.384 7
-34.298 635.363 -23.261 7
-33.996 631.5 -25.751 7
-33.745 627.396 -27.827 7
-33.546 623.097 -29.465 7
-33.403 618.648 -30.649 7
-33.316 614.099 -31.364 7
-33.287 609.5 -31.603 7
-33.316 604.901 -31.364 7
-33.403 600.352 -30.649 7
-33.546 595.903 -29.465 7
-33.745 591.604 -27.827 7
-33.996 587.5 -25.751 7
-34.298 583.637 -23.261 7
-34.647 580.058 -20.384 7
-35.038 576.802 -17.151 7
-35.469 573.903 -13.597 7
-35.933 571.395 -9.763 7
-36.426 569.304 -5.689 7
-36.944 567.654 -1.421 7
-37.478 566.462 2.996 7
-38.025 565.741 7.512 7
-38.579 565.5 12.077 7
-39.132 565.741 16.643 7
-39.679 566.462 21.159 7
-40.214 567.654 25.575 7
-40.731 569.304 29.844 7
-41.224 571.395 33.918 7
-41.689 573.903 37.752 7
-42.119 576.802 41.305 7
-42.511 580.058 44.538 7
-42.859 583.637 47.416 7
-43.161 587.5 49.906 7
-43.412 591.604 51.982 7
-43.611 595.903 53.62 7
-43.754 600.352 54.804 7
-43.841 604.901 55.519 7
-43.87 609.5 55.758 7
-43.841 614.099 55.519 7
-43.754 618.648 54.804 7
-43.611 623.097 53.62 7
-43.412 627.396 51.982 7
-43.161 631.5 49.906 7
-42.859 635.363 47.416 7
-42.511 638.942 44.538 7
-42.119 642.198 41.305 7
-41.689 645.097 37.752 7
-41.224 647.605 33.918 7
-40.731 649.696 29.844 7
-40.214 651.346 25.575 7
-39.679 652.538 21.159 7
-39.132 653.259 16.643 7
-38.579 653.5 12.077 7
-38.579 609.5 12.077 0
-37.823 609.5 5.837 7
-37.067 609.5 -0.403 7
-36.311 609.5 -6.643 7
-35.555 609.5 -12.883 7
-34.799 609.5 -19.123 7
-34.043 609.5 -25.363 7
-33.287 609.5 -31.603 7
-38.579 609.5 12.077 0
-39.334 609.5 18.317 7
-40.09 609.5 24.558 7
-40.846 609.5 30.798 7
-41.602 609.5 37.038 7
-42.358 609.5 43.278 7
-43.114 609.5 49.518 7
-43.87 609.5 55.758 7
-38.579 609.5 12.077 0
-38.579 615.786 12.077 7
-38.579 622.071 12.077 7
-38.579 628.357 12.077 7
-38.579 634.643 12.077 7
-38.579 640.929 12.077 7
-38.579 647.214 12.077 7
-38.579 653.5 12.077 7
-38.579 609.5 12.077 0
-38.579 603.214 12.077 7
-38.579 596.929 12.077 7
-38.579 590.643 12.077 7
-38.579 584.357 12.077 7
-38.579 578.071 12.077 7
-38.579 571.786 12.077 7
-38.579 565.5 12.077 7
-85.136 619.5 11.167 0
-83.804 619.5 10.653 7
-82.471 619.5 10.139 7
-81.138 619.5 9.624 7
-79.805 619.5 9.11 7
-78.472 619.5 8.596 7
-77.139 619.5 8.082 7
-75.806 619.5 7.568 7
-74.474 619.5 7.054 7
-73.141 619.5 6.54 7
-71.808 619.5 6.026 7
-70.475 619.5 5.511 7
-69.142 619.5 4.997 7
-67.809 619.5 4.483 7
-66.476 619.5 3.969 7
-66.476 619.5 3.969 7
-66.476 618.071 3.969 7
-66.476 616.643 3.969 7
-66.476 615.214 3.969 7
-66.476 613.786 3.969 7
-66.476 612.357 3.969 7
-66.476 610.929 3.969 7
-66.476 609.5 3.969 7
-66.476 608.071 3.969 7
-66.476 606.643 3.969 7
-66.476 605.214 3.969 7
-66.476 603.786 3.969 7
-66.476 602.357 3.969 7
-66.476 600.929 3.969 7
-66.476 599.5 3.969 7
-66.476 599.5 3.969 7
-67.809 599.5 4.483 7
-69.142 599.5 4.997 7
-70.475 599.5 5.511 7
-71.808 599.5 6.026 7
-73.141 599.5 6.54 7
-74.474 599.5 7.054 7
-75.806 599.5 7.568 7
-77.139 599.5 8.082 7
-78.472 599.5 8.596 7
-79.805 599.5 9.11 7
-81.138 599.5 9.624 7
-82.471 599.5 10.139 7
-83.804 599.5 10.653 7
-85.136 599.5 11.167 7
-85.136 599.5 11.167 7
-85.136 600.929 11.167 7
-85.136 602.357 11.167 7
-85.136 603.786 11.167 7
-85.136 605.214 11.167 7
-85.136 606.643 11.167 7
-85.136 608.071 11.167 7
-85.136 609.5 11.167 7
-85.136 610.929 11.167 7
-85.136 612.357 11.167 7
-85.136 613.786 11.167 7
-85.136 615.214 11.167 7
-85.136 616.643 11.167 7
-85.136 618.071 11.167 7
-85.136 619.5 11.167 7
-75.806 609.5 7.568 0
-74.474 609.5 7.054 7
-73.141 609.5 6.54 7
-71.808 609.5 6.026 7
-70.475 609.5 5.511 7
-69.142 609.5 4.997 7
-67.809 609.5 4.483 7
-66.476 609.5 3.969 7
-75.806 609.5 7.568 0
-77.139 609.5 8.082 7
-78.472 609.5 8.596 7
-79.805 609.5 9.11 7
-81.138 609.5 9.624 7
-82.471 609.5 10.139 7
-83.804 609.5 10.653 7
-85.136 609.5 11.167 7
-75.806 609.5 7.568 0
-75.806 610.929 7.568 7
-75.806 612.357 7.568 7
-75.806 613.786 7.568 7
-75.806 615.214 7.568 7
-75.806 616.643 7.568 7
-75.806 618.071 7.568 7
-75.806 619.5 7.568 7
-75.806 609.5 7.568 0
-75.806 608.071 7.568 7
-75.806 606.643 7.568 7
-75.806 605.214 7.568 7
-75.806 603.786 7.568 7
-75.806 602.357 7.568 7
-75.806 600.929 7.568 7
-75.806 599.5 7.568 7
-99.786 619.5 22.584 0
-98.368 619.5 22.756 7
-96.95 619.5 22.928 7
-95.532 619.5 23.099 7
-94.113 619.5 23.271 7
-92.695 619.5 23.443 7
-91.277 619.5 23.615 7
-89.859 619.5 23.787 7
-88.44 619.5 23.958 7
-87.022 619.5 24.13 7
-85.604 619.5 24.302 7
-84.186 619.5 24.474 7
-82.768 619.5 24.646 7
-81.349 619.5 24.817 7
-79.931 619.5 24.989 7
-79.931 619.5 24.989 7
-79.931 618.071 24.989 7
-79.931 616.643 24.989 7
-79.931 615.214 24.989 7
-79.931 613.786 24.989 7
-79.931 612.357 24.989 7
-79.931 610.929 24.989 7
-79.931 609.5 24.989 7
-79.931 608.071 24.989 7
-79.931 606.643 24.989 7
-79.931 605.214 24.989 7
-79.931 603.786 24.989 7
-79.931 602.357 24.989 7
-79.931 600.929 24.989 7
-79.931 599.5 24.989 7
-79.931 599.5 24.989 7
-81.349 599.5 24.817 7
-82.768 599.5 24.646 7
-84.186 599.5 24.474 7
-85.604 599.5 24.302 7
-87.022 599.5 24.13 7
-88.44 599.5 23.958 7
-89.859 599.5 23.787 7
-91.277 599.5 23.615 7
-92.695 599.5 23.443 7
-94.113 599.5 23.271 7
-95.532 599.5 23.099 7
-96.95 599.5 22.928 7
-98.368 599.5 22.756 7
-99.786 599.5 22.584 7
-99.786 599.5 22.584 7
-99.786 600.929 22.584 7
-99.786 602.357 22.584 7
-99.786 603.786 22.584 7
-99.786 605.214 22.584 7
-99.786 606.643 22.584 7
-99.786 608.071 22.584 7
-99.786 609.5 22.584 7
-99.786 610.929 22.584 7
-99.786 612.357 22.584 7
-99.786 613.786 22.584 7
-99.786 615.214 22.584 7
-99.786 616.643 22.584 7
-99.786 618.071 22.584 7
-99.786 619.5 22.584 7
-89.859 609.5 23.787 0
-88.44 609.5 23.958 7
-87.022 609.5 24.13 7
-85.604 609.5 24.302 7
-84.186 609.5 24.474 7
-82.768 609.5 24.646 7
-81.349 609.5 24.817 7
-79.931 609.5 24.989 7
-89.859 609.5 23.787 0
-91.277 609.5 23.615 7
-92.695 609.5 23.443 7
-94.113 609.5 23.271 7
-95.532 609.5 23.099 7
-96.95 609.5 22.928 7
-98.368 609.5 22.756 7
-99.786 609.5 22.584 7
-89.859 609.5 23.787 0
-89.859 610.929 23.787 7
-89.859 612.357 23.787 7
-89.859 613.786 23.787 7
-89.859 615.214 23.787 7
-89.859 616.643 23.787 7
-89.859 618.071 23.787 7
-89.859 619.5 23.787 7
-89.859 609.5 23.787 0
-89.859 608.071 23.787 7
-89.859 606.643 23.787 7
-89.859 605.214 23.787 7
-89.859 603.786 23.787 7
-89.859 602.357 23.787 7
-89.859 600.929 23.787 7
-89.859 599.5 23.787 7
-107.833 619.5 -1.04 0
-106.662 619.5 -0.223 7
-105.49 619.5 0.595 7
-104.318 619.5 1.412 7
-103.147 619.5 2.229 7
-101.975 619.5 3.047 7
-100.804 619.5 3.864 7
-99.632 619.5 4.682 7
-98.461 619.5 5.499 7
-97.289 619.5 6.317 7
-96.118 619.5 7.134 7
-94.946 619.5 7.952 7
-93.775 619.5 8.769 7
-92.603 619.5 9.587 7
-91.431 619.5 10.404 7
-91.431 619.5 10.404 7
-91.431 618.071 10.404 7
-91.431 616.643 10.404 7
-91.431 615.214 10.404 7
-91.431 613.786 10.404 7
-91.431 612.357 10.404 7
-91.431 610.929 10.404 7
-91.431 609.5 10.404 7
-91.431 608.071 10.404 7
-91.431 606.643 10.404 7
-91.431 605.214 10.404 7
-91.431 603.786 10.404 7
-91.431 602.357 10.404 7
-91.431 600.929 10.404 7
-91.431 599.5 10.404 7
-91.431 599.5 10.404 7
-92.603 599.5 9.587 7
-93.775 599.5 8.769 7
-94.946 599.5 7.952 7
-96.118 599.5 7.134 7
-97.289 599.5 6.317 7
-98.461 599.5 5.499 7
-99.632 599.5 4.682 7
-100.804 599.5 3.864 7
-101.975 599.5 3.047 7
-103.147 599.5 2.229 7
-104.318 599.5 1.412 7
-105.49 599.5 0.595 7
-106.662 599.5 -0.223 7
-107.833 599.5 -1.04 7
-107.833 599.5 -1.04 7
-107.833 600.929 -1.04 7
-107.833 602.357 -1.04 7
-107.833 603.786 -1.04 7
-107.833 605.214 -1.04 7
-107.833 606.643 -1.04 7
-107.833 608.071 -1.04 7
-107.833 609.5 -1.04 7
-107.833 610.929 -1.04 7
-107.833 612.357 -1.04 7
-107.833 613.786 -1.04 7
-107.833 615.214 -1.04 7
-107.833 616.643 -1.04 7
-107.833 618.071 -1.04 7
-107.833 619.5 -1.04 7
-99.632 609.5 4.682 0
-98.461 609.5 5.499 7
-97.289 609.5 6.317 7
-96.118 609.5 7.134 7
-94.946 609.5 7.952 7
-93.775 609.5 8.769 7
-92.603 609.5 9.587 7
-91.431 609.5 10.404 7
-99.632 609.5 4.682 0
-100.804 609.5 3.864 7
-101.975 609.5 3.047 7
-103.147 609.5 2.229 7
-104.318 609.5 1.412 7
-105.49 609.5 0.595 7
-106.662 609.5 -0.223 7
-107.833 609.5 -1.04 7
-99.632 609.5 4.682 0
-99.632 610.929 4.682 7
-99.632 612.357 4.682 7
-99.632 613.786 4.682 7
-99.632 615.214 4.682 7
-99.632 616.643 4.682 7
-99.632 618.071 4.682 7
-99.632 619.5 4.682 7
-99.632 609.5 4.682 0
-99.632 608.071 4.682 7
-99.632 606.643 4.682 7
-99.632 605.214 4.682 7
-99.632 603.786 4.682 7
-99.632 602.357 4.682 7
-99.632 600.929 4.682 7
-99.632 599.5 4.682 7
-136.86 653.5 0.173 0
-137.413 653.259 4.738 7
-137.96 652.538 9.254 7
-138.495 651.346 13.671 7
-139.012 649.696 17.939 7
-139.506 647.605 22.013 7
-139.97 645.097 25.847 7
-140.401 642.198 29.401 7
-140.792 638.942 32.634 7
-141.141 635.363 35.511 7
-141.442 631.5 38.001 7
-141.694 627.396 40.077 7
-141.892 623.097 41.715 7
-142.036 618.648 42.899 7
-142.122 614.099 43.614 7
-142.151 609.5 43.853 7
-142.122 604.901 43.614 7
-142.036 600.352 42.899 7
-141.892 595.903 41.715 7
-141.694 591.604 40.077 7
-141.442 587.5 38.001 7
-141.141 583.637 35.511 7
-140.792 580.058 32.634 7
-140.401 576.802 29.401 7
-139.97 573.903 25.847 7
-139.506 571.395 22.013 7
-139.012 569.304 17.939 7
-138.495 567.654 13.671 7
-137.96 566.462 9.254 7
-137.413 565.741 4.738 7
-136.86 565.5 0.173 7
-136.307 565.741 -4.393 7
-135.76 566.462 -8.909 7
-135.225 567.654 -13.326 7
-134.708 569.304 -17.594 7
-134.215 571.395 -21.668 7
-133.75 573.903 -25.502 7
-133.32 576.802 -29.056 7
-132.928 580.058 -32.289 7
-132.58 583.637 -35.166 7
-132.278 587.5 -37.656 7
-132.027 591.604 -39.732 7
-131.828 595.903 -41.37 7
-131.685 600.352 -42.554 7
-131.598 604.901 -43.269 7
-131.569 609.5 -43.508 7
-131.598 614.099 -43.269 7
-131.685 618.648 -42.554 7
-131.828 623.097 -41.37 7
-132.027 627.396 -39.732 7
-132.278 631.5 -37.656 7
-132.58 635.363 -35.166 7
-132.928 638.942 -32.289 7
-133.32 642.198 -29.056 7
-133.75 645.097 -25.502 7
-134.215 647.605 -21.668 7
-134.708 649.696 -17.594 7
-135.225 651.346 -13.326 7
-135.76 652.538 -8.909 7
-136.307 653.259 -4.393 7
-136.86 653.5 0.173 7
-136.86 609.5 0.173 0
-137.616 609.5 6.413 7
-138.372 609.5 12.653 7
-139.128 609.5 18.893 7
-139.884 609.5 25.133 7
-140.639 609.5 31.373 7
-141.395 609.5 37.613 7
-142.151 609.5 43.853 7
-136.86 609.5 0.173 0
-136.104 609.5 -6.068 7
-135.348 609.5 -12.308 7
-134.593 609.5 -18.548 7
-133.837 609.5 -24.788 7
-133.081 609.5 -31.028 7
-132.325 609.5 -37.268 7
-131.569 609.5 -43.508 7
-136.86 609.5 0.173 0
-136.86 615.786 0.173 7
-136.86 622.071 0.173 7
-136.86 628.357 0.173 7
-136.86 634.643 0.173 7
-136.86 640.929 0.173 7
-136.86 647.214 0.173 7
-136.86 653.5 0.173 7
-136.86 609.5 0.173 0
-136.86 603.214 0.173 7
-136.86 596.929 0.173 7
-136.86 590.643 0.173 7
-136.86 584.357 0.173 7
-136.86 578.071 0.173 7
-136.86 571.786 0.173 7
-136.86 565.5 0.173 7
-156.715 614.5 -2.232 0
-156.778 614.473 -1.714 7
-156.84 614.391 -1.2 7
-156.901 614.255 -0.699 7
-156.96 614.068 -0.214 7
-157.016 613.83 0.249 7
-157.068 613.545 0.685 7
-157.117 613.216 1.089 7
-157.162 612.846 1.456 7
-157.201 612.439 1.783 7
-157.236 612 2.066 7
-157.264 611.534 2.302 7
-157.287 611.045 2.488 7
-157.303 610.54 2.623 7
-157.313 610.023 2.704 7
-157.316 609.5 2.731 7
-157.313 608.977 2.704 7
-157.303 608.46 2.623 7
-157.287 607.955 2.488 7
-157.264 607.466 2.302 7
-157.236 607 2.066 7
-157.201 606.561 1.783 7
-157.162 606.154 1.456 7
-157.117 605.784 1.089 7
-157.068 605.455 0.685 7
-157.016 605.17 0.249 7
-156.96 604.932 -0.214 7
-156.901 604.745 -0.699 7
-156.84 604.609 -1.2 7
-156.778 604.527 -1.714 7
-156.715 604.5 -2.232 7
-156.652 604.527 -2.751 7
-156.59 604.609 -3.264 7
-156.529 604.745 -3.766 7
-156.47 604.932 -4.251 7
-156.414 605.17 -4.714 7
-156.362 605.455 -5.15 7
-156.313 605.784 -5.554 7
-156.268 606.154 -5.921 7
-156.229 606.561 -6.248 7
-156.194 607 -6.531 7
-156.166 607.466 -6.767 7
-156.143 607.955 -6.953 7
-156.127 608.46 -7.088 7
-156.117 608.977 -7.169 7
-156.114 609.5 -7.196 7
-156.117 610.023 -7.169 7
-156.127 610.54 -7.088 7
-156.143 611.045 -6.953 7
-156.166 611.534 -6.767 7
-156.194 612 -6.531 7
-156.229 612.439 -6.248 7
-156.268 612.846 -5.921 7
-156.313 613.216 -5.554 7
-156.362 613.545 -5.15 7
-156.414 613.83 -4.714 7
-156.47 614.068 -4.251 7
-156.529 614.255 -3.766 7
-156.59 614.391 -3.264 7
-156.652 614.473 -2.751 7
-156.715 614.5 -2.232 7
-156.715 609.5 -2.232 0
-156.801 609.5 -1.523 7
-156.887 609.5 -0.814 7
-156.973 609.5 -0.105 7
-157.059 609.5 0.604 7
-157.144 609.5 1.313 7
-157.23 609.5 2.022 7
-157.316 609.5 2.731 7
-156.715 609.5 -2.232 0
-156.629 609.5 -2.942 7
-156.543 609.5 -3.651 7
-156.457 609.5 -4.36 7
-156.371 609.5 -5.069 7
-156.286 609.5 -5.778 7
-156.2 609.5 -6.487 7
-156.114 609.5 -7.196 7
-156.715 609.5 -2.232 0
-156.715 610.214 -2.232 7
-156.715 610.929 -2.232 7
-156.715 611.643 -2.232 7
-156.715 612.357 -2.232 7
-156.715 613.071 -2.232 7
-156.715 613.786 -2.232 7
-156.715 614.5 -2.232 7
-156.715 609.5 -2.232 0
-156.715 608.786 -2.232 7
-156.715 608.071 -2.232 7
-156.715 607.357 -2.232 7
-156.715 606.643 -2.232 7
-156.715 605.929 -2.232 7
-156.715 605.214 -2.232 7
-156.715 604.5 -2.232 7
-225.295 614.5 -10.54 0
-225.358 614.473 -10.021 7
-225.42 614.391 -9.508 7
-225.481 614.255 -9.006 7
-225.539 614.068 -8.521 7
-225.595 613.83 -8.058 7
-225.648 613.545 -7.622 7
-225.697 613.216 -7.218 7
-225.742 612.846 -6.851 7
-225.781 612.439 -6.524 7
-225.815 612 -6.241 7
-225.844 611.534 -6.005 7
-225.867 611.045 -5.819 7
-225.883 610.54 -5.684 7
-225.893 610.023 -5.603 7
-225.896 609.5 -5.576 7
-225.893 608.977 -5.603 7
-225.883 608.46 -5.684 7
-225.867 607.955 -5.819 7
-225.844 607.466 -6.005 7
-225.815 607 -6.241 7
-225.781 606.561 -6.524 7
-225.742 606.154 -6.851 7
-225.697 605.784 -7.218 7
-225.648 605.455 -7.622 7
-225.595 605.17 -8.058 7
-225.539 604.932 -8.521 7
-225.481 604.745 -9.006 7
-225.42 604.609 -9.508 7
-225.358 604.527 -10.021 7
-225.295 604.5 -10.54 7
-225.232 604.527 -11.058 7
-225.17 604.609 -11.572 7
-225.109 604.745 -12.073 7
-225.05 604.932 -12.558 7
-224.994 605.17 -13.021 7
-224.941 605.455 -13.457 7
-224.892 605.784 -13.861 7
-224.848 606.154 -14.228 7
-224.808 606.561 -14.555 7
-224.774 607 -14.838 7
-224.745 607.466 -15.074 7
-224.723 607.955 -15.26 7
-224.707 608.46 -15.395 7
-224.697 608.977 -15.476 7
-224.693 609.5 -15.503 7
-224.697 610.023 -15.476 7
-224.707 610.54 -15.395 7
-224.723 611.045 -15.26 7
-224.745 611.534 -15.074 7
-224.774 612 -14.838 7
-224.808 612.439 -14.555 7
-224.848 612.846 -14.228 7
-224.892 613.216 -13.861 7
-224.941 613.545 -13.457 7
-224.994 613.83 -13.021 7
-225.05 614.068 -12.558 7
-225.109 614.255 -12.073 7
-225.17 614.391 -11.572 7
-225.232 614.473 -11.058 7
-225.295 614.5 -10.54 7
-225.295 609.5 -10.54 0
-225.381 609.5 -9.83 7
-225.467 609.5 -9.121 7
-225.552 609.5 -8.412 7
-225.638 609.5 -7.703 7
-225.724 609.5 -6.994 7
-225.81 609.5 -6.285 7
-225.896 609.5 -5.576 7
-225.295 609.5 -10.54 0
-225.209 609.5 -11.249 7
-225.123 609.5 -11.958 7
-225.037 609.5 -12.667 7
-224.951 609.5 -13.376 7
-224.865 609.5 -14.085 7
-224.779 609.5 -14.794 7
-224.693 609.5 -15.503 7
-225.295 609.5 -10.54 0
-225.295 610.214 -10.54 7
-225.295 610.929 -10.54 7
-225.295 611.643 -10.54 7
-225.295 612.357 -10.54 7
-225.295 613.071 -10.54 7
-225.295 613.786 -10.54 7
-225.295 614.5 -10.54 7
-225.295 609.5 -10.54 0
-225.295 608.786 -10.54 7
-225.295 608.071 -10.54 7
-225.295 607.357 -10.54 7
-225.295 606.643 -10.54 7
-225.295 605.929 -10.54 7
-225.295 605.214 -10.54 7
-225.295 604.5 -10.54 7
-374.206 622.2 -28.577 0
-373.964 622.13 -27.272 7
-373.725 621.922 -25.981 7
-373.491 621.578 -24.718 7
-373.265 621.102 -23.498 7
-373.049 620.499 -22.333 7
-372.846 619.775 -21.237 7
-372.658 618.938 -20.221 7
-372.487 617.998 -19.297 7
-372.334 616.965 -18.475 7
-372.203 615.85 -17.763 7
-372.093 614.666 -17.169 7
-372.006 613.425 -16.701 7
-371.943 612.14 -16.363 7
-371.905 610.828 -16.158 7
-371.893 609.5 -16.09 7
-371.905 608.172 -16.158 7
-371.943 606.86 -16.363 7
-372.006 605.575 -16.701 7
-372.093 604.334 -17.169 7
-372.203 603.15 -17.763 7
-372.334 602.035 -18.475 7
-372.487 601.002 -19.297 7
-372.658 600.062 -20.221 7
-372.846 599.225 -21.237 7
-373.049 598.501 -22.333 7
-373.265 597.898 -23.498 7
-373.491 597.422 -24.718 7
-373.725 597.078 -25.981 7
-373.964 596.87 -27.272 7
-374.206 596.8 -28.577 7
-374.448 596.87 -29.882 7
-374.687 597.078 -31.173 7
-374.921 597.422 -32.436 7
-375.147 597.898 -33.656 7
-375.363 598.501 -34.821 7
-375.566 599.225 -35.917 7
-375.754 600.062 -36.933 7
-375.926 601.002 -37.857 7
-376.078 602.035 -38.68 7
-376.21 603.15 -39.392 7
-376.32 604.334 -39.985 7
-376.407 605.575 -40.453 7
-376.469 606.86 -40.792 7
-376.507 608.172 -40.996 7
-376.52 609.5 -41.065 7
-376.507 610.828 -40.996 7
-376.469 612.14 -40.792 7
-376.407 613.425 -40.453 7
-376.32 614.666 -39.985 7
-376.21 615.85 -39.392 7
-376.078 616.965 -38.68 7
-375.926 617.998 -37.857 7
-375.754 618.938 -36.933 7
-375.566 619.775 -35.917 7
-375.363 620.499 -34.821 7
-375.147 621.102 -33.656 7
-374.921 621.578 -32.436 7
-374.687 621.922 -31.173 7
-374.448 622.13 -29.882 7
-374.206 622.2 -28.577 7
-374.206 609.5 -28.577 0
-373.876 609.5 -26.793 7
-373.545 609.5 -25.009 7
-373.215 609.5 -23.225 7
-372.884 609.5 -21.441 7
-372.554 609.5 -19.658 7
-372.223 609.5 -17.874 7
-371.893 609.5 -16.09 7
-374.206 609.5 -28.577 0
-374.537 609.5 -30.361 7
-374.867 609.5 -32.145 7
-375.198 609.5 -33.929 7
-375.528 609.5 -35.713 7
-375.859 609.5 -37.497 7
-376.189 609.5 -39.281 7
-376.52 609.5 -41.065 7
-374.206 609.5 -28.577 0
-374.206 611.314 -28.577 7
-374.206 613.129 -28.577 7
-374.206 614.943 -28.577 7
-374.206 616.757 -28.577 7
-374.206 618.571 -28.577 7
-374.206 620.386 -28.577 7
-374.206 622.2 -28.577 7
-374.206 609.5 -28.577 0
-374.206 607.686 -28.577 7
-374.206 605.871 -28.577 7
-374.206 604.057 -28.577 7
-374.206 602.243 -28.577 7
-374.206 600.429 -28.577 7
-374.206 598.614 -28.577 7
-374.206 596.8 -28.577 7
-122.114 622.2 -162.054 0
-121.873 622.13 -160.749 7
-121.633 621.922 -159.458 7
-121.399 621.578 -158.195 7
-121.173 621.102 -156.975 7
-120.958 620.499 -155.81 7
-120.754 619.775 -154.714 7
-120.566 618.938 -153.698 7
-120.395 617.998 -152.774 7
-120.243 616.965 -151.952 7
-120.111 615.85 -151.24 7
-120.001 614.666 -150.646 7
-119.914 613.425 -150.178 7
-119.851 612.14 -149.84 7
-119.813 610.828 -149.635 7
-119.801 609.5 -149.567 7
-119.813 608.172 -149.635 7
-119.851 606.86 -149.84 7
-119.914 605.575 -150.178 7
-120.001 604.334 -150.646 7
-120.111 603.15 -151.24 7
-120.243 602.035 -151.952 7
-120.395 601.002 -152.774 7
-120.566 600.062 -153.698 7
-120.754 599.225 -154.714 7
-120.958 598.501 -155.81 7
-121.173 597.898 -156.975 7
-121.399 597.422 -158.195 7
-121.633 597.078 -159.458 7
-121.873 596.87 -160.749 7
-122.114 596.8 -162.054 7
-122.356 596.87 -163.359 7
-122.595 597.078 -164.65 7
-122.829 597.422 -165.913 7
-123.055 597.898 -167.133 7
-123.271 598.501 -168.298 7
-123.474 599.225 -169.394 7
-123.663 600.062 -170.41 7
-123.834 601.002 -171.334 7
-123.986 602.035 -172.157 7
-124.118 603.15 -172.869 7
-124.228 604.334 -173.462 7
-124.315 605.575 -173.93 7
-124.378 606.86 -174.269 7
-124.415 608.172 -174.473 7
-124.428 609.5 -174.542 7
-124.415 610.828 -174.473 7
-124.378 612.14 -174.269 7
-124.315 613.425 -173.93 7
-124.228 614.666 -173.462 7
-124.118 615.85 -172.869 7
-123.986 616.965 -172.157 7
-123.834 617.998 -171.334 7
-123.663 618.938 -170.41 7
-123.474 619.775 -169.394 7
-123.271 620.499 -168.298 7
-123.055 621.102 -167.133 7
-122.829 621.578 -165.913 7
-122.595 621.922 -164.65 7
-122.356 622.13 -163.359 7
-122.114 622.2 -162.054 7
-122.114 609.5 -162.054 0
-121.784 609.5 -160.27 7
-121.453 609.5 -158.486 7
-121.123 609.5 -156.702 7
-120.792 609.5 -154.918 7
-120.462 609.5 -153.135 7
-120.131 609.5 -151.351 7
-119.801 609.5 -149.567 7
-122.114 609.5 -162.054 0
-122.445 609.5 -163.838 7
-122.775 609.5 -165.622 7
-123.106 609.5 -167.406 7
-123.436 609.5 -169.19 7
-123.767 609.5 -170.974 7
-124.098 609.5 -172.758 7
-124.428 609.5 -174.542 7
-122.114 609.5 -162.054 0
-122.114 611.314 -162.054 7
-122.114 613.129 -162.054 7
-122.114 614.943 -162.054 7
-122.114 616.757 -162.054 7
-122.114 618.571 -162.054 7
-122.114 620.386 -162.054 7
-122.114 622.2 -162.054 7
-122.114 609.5 -162.054 0
-122.114 607.686 -162.054 7
-122.114 605.871 -162.054 7
-122.114 604.057 -162.054 7
-122.114 602.243 -162.054 7
-122.114 600.429 -162.054 7
-122.114 598.614 -162.054 7
-122.114 596.8 -162.054 7
-434.238 642 -199.824 0
-434.827 641.822 -196.473 7
-435.408 641.29 -193.159 7
-435.977 640.409 -189.918 7
-436.527 639.19 -186.786 7
-437.052 637.646 -183.796 7
-437.546 635.793 -180.982 7
-438.004 633.652 -178.374 7
-438.42 631.247 -176.002 7
-438.791 628.603 -173.89 7
-439.112 625.75 -172.063 7
-439.379 622.719 -170.539 7
-439.59 619.543 -169.337 7
-439.743 616.257 -168.469 7
-439.835 612.897 -167.944 7
-439.866 609.5 -167.768 7
-439.835 606.103 -167.944 7
-439.743 602.743 -168.469 7
-439.59 599.457 -169.337 7
-439.379 596.281 -170.539 7
-439.112 593.25 -172.063 7
-438.791 590.397 -173.89 7
-438.42 587.753 -176.002 7
-438.004 585.348 -178.374 7
-437.546 583.207 -180.982 7
-437.052 581.354 -183.796 7
-436.527 579.81 -186.786 7
-435.977 578.591 -189.918 7
-435.408 577.71 -193.159 7
-434.827 577.178 -196.473 7
-434.238 577 -199.824 7
-433.65 577.178 -203.175 7
-433.068 577.71 -206.489 7
-432.499 578.591 -209.73 7
-431.95 579.81 -212.862 7
-431.425 581.354 -215.852 7
-430.931 583.207 -218.666 7
-430.473 585.348 -221.274 7
-430.057 587.753 -223.646 7
-429.686 590.397 -225.758 7
-429.365 593.25 -227.585 7
-429.098 596.281 -229.108 7
-428.887 599.457 -230.311 7
-428.734 602.743 -231.179 7
-428.642 606.103 -231.704 7
-428.611 609.5 -231.88 7
-428.642 612.897 -231.704 7
-428.734 616.257 -231.179 7
-428.887 619.543 -230.311 7
-429.098 622.719 -229.108 7
-429.365 625.75 -227.585 7
-429.686 628.603 -225.758 7
-430.057 631.247 -223.646 7
-430.473 633.652 -221.274 7
-430.931 635.793 -218.666 7
-431.425 637.646 -215.852 7
-431.95 639.19 -212.862 7
-432.499 640.409 -209.73 7
-433.068 641.29 -206.489 7
-433.65 641.822 -203.175 7
-434.238 642 -199.824 7
-434.582 609.5 -199.903 0
-435.379 609.5 -195.322 7
-436.162 609.5 -190.738 7
-436.931 609.5 -186.151 7
-437.686 609.5 -181.56 7
-438.426 609.5 -176.966 7
-439.153 609.5 -172.369 7
-439.866 609.5 -167.768 7
-434.582 609.5 -199.903 0
-433.772 609.5 -204.481 7
-432.947 609.5 -209.056 7
-432.108 609.5 -213.627 7
-431.254 609.5 -218.195 7
-430.387 609.5 -222.76 7
-429.506 609.5 -227.322 7
-428.611 609.5 -231.88 7
-434.582 609.5 -199.903 0
-434.575 614.143 -199.902 7
-434.554 618.786 -199.897 7
-434.519 623.429 -199.889 7
-434.47 628.071 -199.877 7
-434.407 632.714 -199.863 7
-434.33 637.357 -199.845 7
-434.238 642 -199.824 7
-434.582 609.5 -199.903 0
-434.575 604.857 -199.902 7
-434.554 600.214 -199.897 7
-434.519 595.571 -199.889 7
-434.47 590.929 -199.877 7
-434.407 586.286 -199.863 7
-434.33 581.643 -199.845 7
-434.238 577 -199.824 7
106.179 672.5 -74.994 0
104.697 672.155 -68.578 7
103.231 671.123 -62.232 7
101.797 669.417 -56.026 7
100.412 667.053 -50.027 7
99.089 664.06 -44.303 7
97.845 660.468 -38.914 7
96.691 656.318 -33.921 7
95.642 651.655 -29.377 7
94.708 646.53 -25.334 7
93.9 641 -21.835 7
93.226 635.124 -18.918 7
92.694 628.968 -16.615 7
92.31 622.598 -14.952 7
92.078 616.085 -13.947 7
92 609.5 -13.611 7
92.078 602.915 -13.947 7
92.31 596.402 -14.952 7
92.694 590.032 -16.615 7
93.226 583.876 -18.918 7
93.9 578 -21.835 7
94.708 572.47 -25.334 7
95.642 567.345 -29.377 7
96.691 562.682 -33.921 7
97.845 558.532 -38.914 7
99.089 554.94 -44.303 7
100.412 551.947 -50.027 7
101.797 549.583 -56.026 7
103.231 547.877 -62.232 7
104.697 546.845 -68.578 7
106.179 546.5 -74.994 7
107.661 546.845 -81.411 7
109.127 547.877 -87.757 7
110.56 549.583 -93.963 7
111.946 551.947 -99.961 7
113.268 554.94 -105.686 7
114.513 558.532 -111.075 7
115.666 562.682 -116.068 7
116.716 567.345 -120.611 7
117.65 572.47 -124.655 7
118.458 578 -128.154 7
119.132 583.876 -131.071 7
119.664 590.032 -133.374 7
120.048 596.402 -135.037 7
120.28 602.915 -136.042 7
120.358 609.5 -136.378 7
120.28 616.085 -136.042 7
120.048 622.598 -135.037 7
119.664 628.968 -133.374 7
119.132 635.124 -131.071 7
118.458 641 -128.154 7
117.65 646.53 -124.655 7
116.716 651.655 -120.611 7
115.666 656.318 -116.068 7
114.513 660.468 -111.075 7
113.268 664.06 -105.686 7
111.946 667.053 -99.961 7
110.56 669.417 -93.963 7
109.127 671.123 -87.757 7
107.661 672.155 -81.411 7
106.179 672.5 -74.994 7
106.179 609.5 -74.994 0
104.153 609.5 -66.225 7
102.128 609.5 -57.456 7
100.102 609.5 -48.687 7
98.077 609.5 -39.918 7
96.051 609.5 -31.149 7
94.025 609.5 -22.38 7
92 609.5 -13.611 7
106.179 609.5 -74.994 0
108.204 609.5 -83.763 7
110.23 609.5 -92.533 7
112.256 609.5 -101.302 7
114.281 609.5 -110.071 7
116.307 609.5 -118.84 7
118.332 609.5 -127.609 7
120.358 609.5 -136.378 7
106.179 609.5 -74.994 0
106.179 618.5 -74.994 7
106.179 627.5 -74.994 7
106.179 636.5 -74.994 7
106.179 645.5 -74.994 7
106.179 654.5 -74.994 7
106.179 663.5 -74.994 7
106.179 672.5 -74.994 7
106.179 609.5 -74.994 0
106.179 600.5 -74.994 7
106.179 591.5 -74.994 7
106.179 582.5 -74.994 7
106.179 573.5 -74.994 7
106.179 564.5 -74.994 7
106.179 555.5 -74.994 7
106.179 546.5 -74.994 7
111.051 649.5 -73.869 0
110.11 649.281 -69.795 7
109.179 648.626 -65.766 7
108.269 647.542 -61.825 7
107.389 646.042 -58.017 7
106.549 644.141 -54.382 7
105.759 641.861 -50.961 7
105.027 639.226 -47.791 7
104.36 636.265 -44.906 7
103.767 633.011 -42.339 7
103.254 629.5 -40.117 7
102.826 625.769 -38.265 7
102.489 621.861 -36.803 7
102.245 617.816 -35.747 7
102.097 613.681 -35.109 7
102.048 609.5 -34.895 7
102.097 605.319 -35.109 7
102.245 601.184 -35.747 7
102.489 597.139 -36.803 7
102.826 593.231 -38.265 7
103.254 589.5 -40.117 7
103.767 585.989 -42.339 7
104.36 582.735 -44.906 7
105.027 579.774 -47.791 7
105.759 577.139 -50.961 7
106.549 574.859 -54.382 7
107.389 572.958 -58.017 7
108.269 571.458 -61.825 7
109.179 570.374 -65.766 7
110.11 569.719 -69.795 7
111.051 569.5 -73.869 7
111.992 569.719 -77.943 7
112.922 570.374 -81.972 7
113.833 571.458 -85.913 7
114.712 572.958 -89.721 7
115.552 574.859 -93.356 7
116.342 577.139 -96.777 7
117.074 579.774 -99.948 7
117.741 582.735 -102.832 7
118.334 585.989 -105.399 7
118.847 589.5 -107.621 7
119.275 593.231 -109.473 7
119.612 597.139 -110.935 7
119.856 601.184 -111.991 7
120.004 605.319 -112.629 7
120.053 609.5 -112.843 7
120.004 613.681 -112.629 7
119.856 617.816 -111.991 7
119.612 621.861 -110.935 7
119.275 625.769 -109.473 7
118.847 629.5 -107.621 7
118.334 633.011 -105.399 7
117.741 636.265 -102.832 7
117.074 639.226 -99.948 7
116.342 641.861 -96.777 7
115.552 644.141 -93.356 7
114.712 646.042 -89.721 7
113.833 647.542 -85.913 7
112.922 648.626 -81.972 7
111.992 649.281 -77.943 7
111.051 649.5 -73.869 7
111.051 609.5 -73.869 0
109.765 609.5 -68.301 7
108.478 609.5 -62.734 7
107.192 609.5 -57.166 7
105.906 609.5 -51.598 7
104.62 609.5 -46.031 7
103.334 609.5 -40.463 7
102.048 609.5 -34.895 7
111.051 609.5 -73.869 0
112.337 609.5 -79.437 7
113.623 609.5 -85.004 7
114.909 609.5 -90.572 7
116.195 609.5 -96.14 7
117.481 609.5 -101.707 7
118.767 609.5 -107.275 7
120.053 609.5 -112.843 7
111.051 609.5 -73.869 0
111.051 615.214 -73.869 7
111.051 620.929 -73.869 7
111.051 626.643 -73.869 7
111.051 632.357 -73.869 7
111.051 638.071 -73.869 7
111.051 643.786 -73.869 7
111.051 649.5 -73.869 7
111.051 609.5 -73.869 0
111.051 603.786 -73.869 7
111.051 598.071 -73.869 7
111.051 592.357 -73.869 7
111.051 586.643 -73.869 7
111.051 580.929 -73.869 7
111.051 575.214 -73.869 7
111.051 569.5 -73.869 7
102.048 609.5 -34.895 0
124.334 609.5 -44.732 7
120.053 609.5 -112.843 0
135.767 609.5 -94.229 7
111.051 649.5 -73.869 0
130.05 634.9 -69.48 7
111.051 569.5 -73.869 0
130.05 584.1 -69.48 7
111.051 609.5 -73.869 0
130.05 609.5 -69.48 7
130.05 634.9 -69.48 0
129.453 634.761 -66.893 7
128.862 634.345 -64.335 7
128.284 633.657 -61.833 7
127.725 632.704 -59.414 7
127.192 631.497 -57.106 7
126.69 630.049 -54.934 7
126.225 628.376 -52.92 7
125.802 626.496 -51.089 7
125.425 624.43 -49.458 7
125.1 622.2 -48.048 7
124.828 619.831 -46.872 7
124.613 617.349 -45.943 7
124.459 614.781 -45.273 7
124.365 612.155 -44.868 7
124.334 609.5 -44.732 7
124.365 606.845 -44.868 7
124.459 604.219 -45.273 7
124.613 601.651 -45.943 7
124.828 599.169 -46.872 7
125.1 596.8 -48.048 7
125.425 594.57 -49.458 7
125.802 592.504 -51.089 7
126.225 590.624 -52.92 7
126.69 588.951 -54.934 7
127.192 587.503 -57.106 7
127.725 586.296 -59.414 7
128.284 585.343 -61.833 7
128.862 584.655 -64.335 7
129.453 584.239 -66.893 7
130.05 584.1 -69.48 7
130.648 584.239 -72.067 7
131.239 584.655 -74.626 7
131.817 585.343 -77.128 7
132.375 586.296 -79.546 7
132.909 587.503 -81.854 7
133.41 588.951 -84.027 7
133.875 590.624 -86.04 7
134.299 592.504 -87.872 7
134.675 594.57 -89.502 7
135.001 596.8 -90.913 7
135.273 599.169 -92.089 7
135.487 601.651 -93.017 7
135.642 604.219 -93.688 7
135.736 606.845 -94.093 7
135.767 609.5 -94.229 7
135.736 612.155 -94.093 7
135.642 614.781 -93.688 7
135.487 617.349 -93.017 7
135.273 619.831 -92.089 7
135.001 622.2 -90.913 7
134.675 624.43 -89.502 7
134.299 626.496 -87.872 7
133.875 628.376 -86.04 7
133.41 630.049 -84.027 7
132.909 631.497 -81.854 7
132.375 632.704 -79.546 7
131.817 633.657 -77.128 7
131.239 634.345 -74.626 7
130.648 634.761 -72.067 7
130.05 634.9 -69.48 7
130.05 609.5 -69.48 0
129.234 609.5 -65.945 7
128.417 609.5 -62.409 7
127.6 609.5 -58.874 7
126.784 609.5 -55.338 7
125.967 609.5 -51.803 7
125.15 609.5 -48.267 7
124.334 609.5 -44.732 7
130.05 609.5 -69.48 0
130.867 609.5 -73.016 7
131.684 609.5 -76.551 7
132.5 609.5 -80.087 7
133.317 609.5 -83.622 7
134.134 609.5 -87.158 7
134.95 609.5 -90.693 7
135.767 609.5 -94.229 7
130.05 609.5 -69.48 0
130.05 613.129 -69.48 7
130.05 616.757 -69.48 7
130.05 620.386 -69.48 7
130.05 624.014 -69.48 7
130.05 627.643 -69.48 7
130.05 631.271 -69.48 7
130.05 634.9 -69.48 7
130.05 609.5 -69.48 0
130.05 605.871 -69.48 7
130.05 602.243 -69.48 7
130.05 598.614 -69.48 7
130.05 594.986 -69.48 7
130.05 591.357 -69.48 7
130.05 587.729 -69.48 7
130.05 584.1 -69.48 7
130.537 634.9 -69.368 0
129.94 634.761 -66.781 7
129.349 634.345 -64.222 7
128.771 633.657 -61.72 7
128.212 632.704 -59.302 7
127.679 631.497 -56.994 7
127.177 630.049 -54.821 7
126.712 628.376 -52.808 7
126.289 626.496 -50.976 7
125.913 624.43 -49.346 7
125.587 622.2 -47.935 7
125.315 619.831 -46.759 7
125.101 617.349 -45.831 7
124.946 614.781 -45.16 7
124.852 612.155 -44.755 7
124.821 609.5 -44.619 7
124.852 606.845 -44.755 7
124.946 604.219 -45.16 7
125.101 601.651 -45.831 7
125.315 599.169 -46.759 7
125.587 596.8 -47.935 7
125.913 594.57 -49.346 7
126.289 592.504 -50.976 7
126.712 590.624 -52.808 7
127.177 588.951 -54.821 7
127.679 587.503 -56.994 7
128.212 586.296 -59.302 7
128.771 585.343 -61.72 7
129.349 584.655 -64.222 7
129.94 584.239 -66.781 7
130.537 584.1 -69.368 7
131.135 584.239 -71.955 7
131.726 584.655 -74.513 7
132.304 585.343 -77.015 7
132.863 586.296 -79.434 7
133.396 587.503 -81.742 7
133.898 588.951 -83.915 7
134.363 590.624 -85.928 7
134.786 592.504 -87.759 7
135.162 594.57 -89.39 7
135.488 596.8 -90.8 7
135.76 599.169 -91.977 7
135.974 601.651 -92.905 7
136.129 604.219 -93.575 7
136.223 606.845 -93.981 7
136.254 609.5 -94.116 7
136.223 612.155 -93.981 7
136.129 614.781 -93.575 7
135.974 617.349 -92.905 7
135.76 619.831 -91.977 7
135.488 622.2 -90.8 7
135.162 624.43 -89.39 7
134.786 626.496 -87.759 7
134.363 628.376 -85.928 7
133.898 630.049 -83.915 7
133.396 631.497 -81.742 7
132.863 632.704 -79.434 7
132.304 633.657 -77.015 7
131.726 634.345 -74.513 7
131.135 634.761 -71.955 7
130.537 634.9 -69.368 7
130.537 609.5 -69.368 0
129.721 609.5 -65.832 7
128.904 609.5 -62.297 7
128.087 609.5 -58.761 7
127.271 609.5 -55.226 7
126.454 609.5 -51.69 7
125.638 609.5 -48.155 7
124.821 609.5 -44.619 7
130.537 609.5 -69.368 0
131.354 609.5 -72.903 7
132.171 609.5 -76.439 7
132.987 609.5 -79.974 7
133.804 609.5 -83.51 7
134.621 609.5 -87.045 7
135.437 609.5 -90.581 7
136.254 609.5 -94.116 7
130.537 609.5 -69.368 0
130.537 613.129 -69.368 7
130.537 616.757 -69.368 7
130.537 620.386 -69.368 7
130.537 624.014 -69.368 7
130.537 627.643 -69.368 7
130.537 631.271 -69.368 7
130.537 634.9 -69.368 7
130.537 609.5 -69.368 0
130.537 605.871 -69.368 7
130.537 602.243 -69.368 7
130.537 598.614 -69.368 7
130.537 594.986 -69.368 7
130.537 591.357 -69.368 7
130.537 587.729 -69.368 7
130.537 584.1 -69.368 7
124.821 609.5 -44.619 0
155.637 609.5 -22.517 7
136.254 609.5 -94.116 0
173.642 609.5 -100.464 7
130.537 634.9 -69.368 0
164.64 649.5 -61.491 7
130.537 584.1 -69.368 0
164.64 569.5 -61.491 7
130.537 609.5 -69.368 0
164.64 609.5 -61.491 7
164.64 649.5 -61.491 0
163.698 649.281 -57.417 7
162.768 648.626 -53.387 7
161.858 647.542 -49.447 7
160.978 646.042 -45.639 7
160.138 644.141 -42.004 7
159.348 641.861 -38.582 7
158.616 639.226 -35.412 7
157.949 636.265 -32.527 7
157.356 633.011 -29.96 7
156.843 629.5 -27.738 7
156.415 625.769 -25.886 7
156.078 621.861 -24.424 7
155.834 617.816 -23.368 7
155.686 613.681 -22.73 7
155.637 609.5 -22.517 7
155.686 605.319 -22.73 7
155.834 601.184 -23.368 7
156.078 597.139 -24.424 7
156.415 593.231 -25.886 7
156.843 589.5 -27.738 7
157.356 585.989 -29.96 7
157.949 582.735 -32.527 7
158.616 579.774 -35.412 7
159.348 577.139 -38.582 7
160.138 574.859 -42.004 7
160.978 572.958 -45.639 7
161.858 571.458 -49.447 7
162.768 570.374 -53.387 7
163.698 569.719 -57.417 7
164.64 569.5 -61.491 7
165.581 569.719 -65.564 7
166.511 570.374 -69.594 7
167.421 571.458 -73.534 7
168.301 572.958 -77.343 7
169.141 574.859 -80.977 7
169.931 577.139 -84.399 7
170.663 579.774 -87.569 7
171.33 582.735 -90.454 7
171.923 585.989 -93.021 7
172.436 589.5 -95.243 7
172.864 593.231 -97.095 7
173.201 597.139 -98.557 7
173.445 601.184 -99.613 7
173.593 605.319 -100.251 7
173.642 609.5 -100.464 7
173.593 613.681 -100.251 7
173.445 617.816 -99.613 7
173.201 621.861 -98.557 7
172.864 625.769 -97.095 7
172.436 629.5 -95.243 7
171.923 633.011 -93.021 7
171.33 636.265 -90.454 7
170.663 639.226 -87.569 7
169.931 641.861 -84.399 7
169.141 644.141 -80.977 7
168.301 646.042 -77.343 7
167.421 647.542 -73.534 7
166.511 648.626 -69.594 7
165.581 649.281 -65.564 7
164.64 649.5 -61.491 7
164.64 609.5 -61.491 0
163.353 609.5 -55.923 7
162.067 609.5 -50.355 7
160.781 609.5 -44.788 7
159.495 609.5 -39.22 7
158.209 609.5 -33.652 7
156.923 609.5 -28.084 7
155.637 609.5 -22.517 7
164.64 609.5 -61.491 0
165.926 609.5 -67.058 7
167.212 609.5 -72.626 7
168.498 609.5 -78.194 7
169.784 609.5 -83.761 7
171.07 609.5 -89.329 7
172.356 609.5 -94.897 7
173.642 609.5 -100.464 7
164.64 609.5 -61.491 0
164.64 615.214 -61.491 7
164.64 620.929 -61.491 7
164.64 626.643 -61.491 7
164.64 632.357 -61.491 7
164.64 638.071 -61.491 7
164.64 643.786 -61.491 7
164.64 649.5 -61.491 7
164.64 609.5 -61.491 0
164.64 603.786 -61.491 7
164.64 598.071 -61.491 7
164.64 592.357 -61.491 7
164.64 586.643 -61.491 7
164.64 580.929 -61.491 7
164.64 575.214 -61.491 7
164.64 569.5 -61.491 7
169.511 672.5 -60.365 0
168.029 672.155 -53.949 7
166.563 671.123 -47.603 7
165.13 669.417 -41.397 7
163.744 667.053 -35.398 7
162.422 664.06 -29.673 7
161.177 660.468 -24.285 7
160.024 656.318 -19.292 7
158.974 651.655 -14.748 7
158.04 646.53 -10.705 7
157.232 641 -7.205 7
156.558 635.124 -4.288 7
156.026 628.968 -1.986 7
155.642 622.598 -0.323 7
155.41 616.085 0.682 7
155.332 609.5 1.018 7
155.41 602.915 0.682 7
155.642 596.402 -0.323 7
156.026 590.032 -1.986 7
156.558 583.876 -4.288 7
157.232 578 -7.205 7
158.04 572.47 -10.705 7
158.974 567.345 -14.748 7
160.024 562.682 -19.292 7
161.177 558.532 -24.285 7
162.422 554.94 -29.673 7
163.744 551.947 -35.398 7
165.13 549.583 -41.397 7
166.563 547.877 -47.603 7
168.029 546.845 -53.949 7
169.511 546.5 -60.365 7
170.993 546.845 -66.782 7
172.459 547.877 -73.128 7
173.893 549.583 -79.334 7
175.278 551.947 -85.332 7
176.601 554.94 -91.057 7
177.845 558.532 -96.446 7
178.999 562.682 -101.439 7
180.048 567.345 -105.982 7
180.982 572.47 -110.026 7
181.791 578 -113.525 7
182.464 583.876 -116.442 7
182.996 590.032 -118.745 7
183.38 596.402 -120.408 7
183.613 602.915 -121.413 7
183.69 609.5 -121.749 7
183.613 616.085 -121.413 7
183.38 622.598 -120.408 7
182.996 628.968 -118.745 7
182.464 635.124 -116.442 7
181.791 641 -113.525 7
180.982 646.53 -110.026 7
180.048 651.655 -105.982 7
178.999 656.318 -101.439 7
177.845 660.468 -96.446 7
176.601 664.06 -91.057 7
175.278 667.053 -85.332 7
173.893 669.417 -79.334 7
172.459 671.123 -73.128 7
170.993 672.155 -66.782 7
169.511 672.5 -60.365 7
169.511 609.5 -60.365 0
167.486 609.5 -51.596 7
165.46 609.5 -42.827 7
163.435 609.5 -34.058 7
161.409 609.5 -25.289 7
159.383 609.5 -16.52 7
157.358 609.5 -7.751 7
155.332 609.5 1.018 7
169.511 609.5 -60.365 0
171.537 609.5 -69.134 7
173.562 609.5 -77.903 7
175.588 609.5 -86.673 7
177.614 609.5 -95.442 7
179.639 609.5 -104.211 7
181.665 609.5 -112.98 7
183.69 609.5 -121.749 7
169.511 609.5 -60.365 0
169.511 618.5 -60.365 7
169.511 627.5 -60.365 7
169.511 636.5 -60.365 7
169.511 645.5 -60.365 7
169.511 654.5 -60.365 7
169.511 663.5 -60.365 7
169.511 672.5 -60.365 7
169.511 609.5 -60.365 0
169.511 600.5 -60.365 7
169.511 591.5 -60.365 7
169.511 582.5 -60.365 7
169.511 573.5 -60.365 7
169.511 564.5 -60.365 7
169.511 555.5 -60.365 7
169.511 546.5 -60.365 7
586.836 609.5 48.883 0
586.863 608.172 48.819 7
586.943 606.86 48.627 7
587.076 605.575 48.309 7
587.259 604.334 47.87 7
587.492 603.15 47.313 7
587.771 602.035 46.645 7
588.093 601.002 45.873 7
588.455 600.062 45.005 7
588.853 599.225 44.052 7
589.283 598.501 43.023 7
589.739 597.898 41.93 7
590.217 597.422 40.785 7
590.712 597.078 39.6 7
591.218 596.87 38.389 7
591.729 596.8 37.164 7
592.241 596.87 35.939 7
592.747 597.078 34.727 7
593.242 597.422 33.542 7
593.72 597.898 32.397 7
594.176 598.501 31.304 7
594.606 599.225 30.275 7
595.004 600.062 29.322 7
595.366 601.002 28.454 7
595.688 602.035 27.682 7
595.967 603.15 27.014 7
596.2 604.334 26.457 7
596.383 605.575 26.018 7
596.516 606.86 25.7 7
596.596 608.172 25.508 7
596.623 609.5 25.444 7
596.596 610.828 25.508 7
596.516 612.14 25.7 7
596.383 613.425 26.018 7
596.2 614.666 26.457 7
595.967 615.85 27.014 7
595.688 616.965 27.682 7
595.366 617.998 28.454 7
595.004 618.938 29.322 7
594.606 619.775 30.275 7
594.176 620.499 31.304 7
593.72 621.102 32.397 7
593.242 621.578 33.542 7
592.747 621.922 34.727 7
592.241 622.13 35.939 7
591.729 622.2 37.164 7
591.218 622.13 38.389 7
590.712 621.922 39.6 7
590.217 621.578 40.785 7
589.739 621.102 41.93 7
589.283 620.499 43.023 7
588.853 619.775 44.052 7
588.455 618.938 45.005 7
588.093 617.998 45.873 7
587.771 616.965 46.645 7
587.492 615.85 47.313 7
587.259 614.666 47.87 7
587.076 613.425 48.309 7
586.943 612.14 48.627 7
586.863 610.828 48.819 7
586.836 609.5 48.883 7
591.729 609.5 37.164 0
591.729 607.686 37.164 7
591.729 605.871 37.164 7
591.729 604.057 37.164 7
591.729 602.243 37.164 7
591.729 600.429 37.164 7
591.729 598.614 37.164 7
591.729 596.8 37.164 7
591.729 609.5 37.164 0
591.729 611.314 37.164 7
591.729 613.129 37.164 7
591.729 614.943 37.164 7
591.729 616.757 37.164 7
591.729 618.571 37.164 7
591.729 620.386 37.164 7
591.729 622.2 37.164 7
591.729 609.5 37.164 0
591.03 609.5 38.838 7
590.331 609.5 40.512 7
589.632 609.5 42.186 7
588.933 609.5 43.86 7
588.234 609.5 45.535 7
587.535 609.5 47.209 7
586.836 609.5 48.883 7
591.729 609.5 37.164 0
592.428 609.5 35.489 7
593.128 609.5 33.815 7
593.827 609.5 32.141 7
594.526 609.5 30.467 7
595.225 609.5 28.793 7
595.924 609.5 27.118 7
596.623 609.5 25.444 7
113.214 642 30.427 0
112.985 641.822 33.821 7
112.759 641.29 37.178 7
112.537 640.409 40.461 7
112.324 639.19 43.635 7
112.119 637.646 46.663 7
111.927 635.793 49.514 7
111.749 633.652 52.155 7
111.587 631.247 54.559 7
111.443 628.603 56.698 7
111.318 625.75 58.549 7
111.214 622.719 60.092 7
111.132 619.543 61.31 7
111.073 616.257 62.19 7
111.037 612.897 62.721 7
111.025 609.5 62.899 7
111.037 606.103 62.721 7
111.073 602.743 62.19 7
111.132 599.457 61.31 7
111.214 596.281 60.092 7
111.318 593.25 58.549 7
111.443 590.397 56.698 7
111.587 587.753 54.559 7
111.749 585.348 52.155 7
111.927 583.207 49.514 7
112.119 581.354 46.663 7
112.324 579.81 43.635 7
112.537 578.591 40.461 7
112.759 577.71 37.178 7
112.985 577.178 33.821 7
113.214 577 30.427 7
113.443 577.178 27.033 7
113.669 577.71 23.675 7
113.89 578.591 20.392 7
114.104 579.81 17.219 7
114.308 581.354 14.191 7
114.501 583.207 11.34 7
114.679 585.348 8.699 7
114.841 587.753 6.295 7
114.985 590.397 4.156 7
115.11 593.25 2.305 7
115.214 596.281 0.762 7
115.296 599.457 -0.456 7
115.355 602.743 -1.336 7
115.391 606.103 -1.868 7
115.403 609.5 -2.046 7
115.391 612.897 -1.868 7
115.355 616.257 -1.336 7
115.296 619.543 -0.456 7
115.214 622.719 0.762 7
115.11 625.75 2.305 7
114.985 628.603 4.156 7
114.841 631.247 6.295 7
114.679 633.652 8.699 7
114.501 635.793 11.34 7
114.308 637.646 14.191 7
114.104 639.19 17.219 7
113.89 640.409 20.392 7
113.669 641.29 23.675 7
113.443 641.822 27.033 7
113.214 642 30.427 7
112.861 609.5 30.422 0
112.555 609.5 35.061 7
112.264 609.5 39.7 7
111.988 609.5 44.34 7
111.725 609.5 48.979 7
111.477 609.5 53.619 7
111.244 609.5 58.259 7
111.025 609.5 62.899 7
112.861 609.5 30.422 0
113.181 609.5 25.783 7
113.515 609.5 21.144 7
113.864 609.5 16.506 7
114.227 609.5 11.868 7
114.605 609.5 7.23 7
114.997 609.5 2.592 7
115.403 609.5 -2.046 7
112.861 609.5 30.422 0
112.868 614.143 30.422 7
112.89 618.786 30.422 7
112.926 623.429 30.423 7
112.976 628.071 30.423 7
113.041 632.714 30.424 7
113.12 637.357 30.426 7
113.214 642 30.427 7
112.861 609.5 30.422 0
112.868 604.857 30.422 7
112.89 600.214 30.422 7
112.926 595.571 30.423 7
112.976 590.929 30.423 7
113.041 586.286 30.424 7
113.12 581.643 30.426 7
113.214 577 30.427 7
341.09 628.5 39.08 0
341.105 628.5 41.794 7
341.119 628.5 44.508 7
341.134 628.5 47.223 7
341.148 628.5 49.937 7
341.163 628.5 52.651 7
341.177 628.5 55.365 7
341.192 628.5 58.08 7
341.206 628.5 60.794 7
341.221 628.5 63.508 7
341.235 628.5 66.222 7
341.25 628.5 68.937 7
341.264 628.5 71.651 7
341.279 628.5 74.365 7
341.293 628.5 77.079 7
341.293 628.5 77.079 7
341.293 625.786 77.079 7
341.293 623.071 77.079 7
341.293 620.357 77.079 7
341.293 617.643 77.079 7
341.293 614.929 77.079 7
341.293 612.214 77.079 7
341.293 609.5 77.079 7
341.293 606.786 77.079 7
341.293 604.071 77.079 7
341.293 601.357 77.079 7
341.293 598.643 77.079 7
341.293 595.929 77.079 7
341.293 593.214 77.079 7
341.293 590.5 77.079 7
341.293 590.5 77.079 7
341.279 590.5 74.365 7
341.264 590.5 71.651 7
341.25 590.5 68.937 7
341.235 590.5 66.222 7
341.221 590.5 63.508 7
341.206 590.5 60.794 7
341.192 590.5 58.08 7
341.177 590.5 55.365 7
341.163 590.5 52.651 7
341.148 590.5 49.937 7
341.134 590.5 47.223 7
341.119 590.5 44.508 7
341.105 590.5 41.794 7
341.09 590.5 39.08 7
341.09 590.5 39.08 7
341.09 593.214 39.08 7
341.09 595.929 39.08 7
341.09 598.643 39.08 7
341.09 601.357 39.08 7
341.09 604.071 39.08 7
341.09 606.786 39.08 7
341.09 609.5 39.08 7
341.09 612.214 39.08 7
341.09 614.929 39.08 7
341.09 617.643 39.08 7
341.09 620.357 39.08 7
341.09 623.071 39.08 7
341.09 625.786 39.08 7
341.09 628.5 39.08 7
341.192 609.5 58.08 0
341.206 609.5 60.794 7
341.221 609.5 63.508 7
341.235 609.5 66.222 7
341.25 609.5 68.937 7
341.264 609.5 71.651 7
341.279 609.5 74.365 7
341.293 609.5 77.079 7
341.192 609.5 58.08 0
341.177 609.5 55.365 7
341.163 609.5 52.651 7
341.148 609.5 49.937 7
341.134 609.5 47.223 7
341.119 609.5 44.508 7
341.105 609.5 41.794 7
341.09 609.5 39.08 7
341.192 609.5 58.08 0
341.192 612.214 58.08 7
341.192 614.929 58.08 7
341.192 617.643 58.08 7
341.192 620.357 58.08 7
341.192 623.071 58.08 7
341.192 625.786 58.08 7
341.192 628.5 58.08 7
341.192 609.5 58.08 0
341.192 606.786 58.08 7
341.192 604.071 58.08 7
341.192 601.357 58.08 7
341.192 598.643 58.08 7
341.192 595.929 58.08 7
341.192 593.214 58.08 7
341.192 590.5 58.08 7
37.679 628.5 86.396 0
35.77 628.5 88.325 7
33.861 628.5 90.255 7
31.952 628.5 92.184 7
30.043 628.5 94.114 7
28.134 628.5 96.043 7
26.225 628.5 97.973 7
24.316 628.5 99.902 7
22.407 628.5 101.832 7
20.498 628.5 103.761 7
18.589 628.5 105.691 7
16.68 628.5 107.62 7
14.771 628.5 109.55 7
12.862 628.5 111.479 7
10.953 628.5 113.409 7
10.953 628.5 113.409 7
10.953 625.786 113.409 7
10.953 623.071 113.409 7
10.953 620.357 113.409 7
10.953 617.643 113.409 7
10.953 614.929 113.409 7
10.953 612.214 113.409 7
10.953 609.5 113.409 7
10.953 606.786 113.409 7
10.953 604.071 113.409 7
10.953 601.357 113.409 7
10.953 598.643 113.409 7
10.953 595.929 113.409 7
10.953 593.214 113.409 7
10.953 590.5 113.409 7
10.953 590.5 113.409 7
12.862 590.5 111.479 7
14.771 590.5 109.55 7
16.68 590.5 107.62 7
18.589 590.5 105.691 7
20.498 590.5 103.761 7
22.407 590.5 101.832 7
24.316 590.5 99.902 7
26.225 590.5 97.973 7
28.134 590.5 96.043 7
30.043 590.5 94.114 7
31.952 590.5 92.184 7
33.861 590.5 90.255 7
35.77 590.5 88.325 7
37.679 590.5 86.396 7
37.679 590.5 86.396 7
37.679 593.214 86.396 7
37.679 595.929 86.396 7
37.679 598.643 86.396 7
37.679 601.357 86.396 7
37.679 604.071 86.396 7
37.679 606.786 86.396 7
37.679 609.5 86.396 7
37.679 612.214 86.396 7
37.679 614.929 86.396 7
37.679 617.643 86.396 7
37.679 620.357 86.396 7
37.679 623.071 86.396 7
37.679 625.786 86.396 7
37.679 628.5 86.396 7
24.316 609.5 99.902 0
22.407 609.5 101.832 7
20.498 609.5 103.761 7
18.589 609.5 105.691 7
16.68 609.5 107.62 7
14.771 609.5 109.55 7
12.862 609.5 111.479 7
10.953 609.5 113.409 7
24.316 609.5 99.902 0
26.225 609.5 97.973 7
28.134 609.5 96.043 7
30.043 609.5 94.114 7
31.952 609.5 92.184 7
33.861 609.5 90.255 7
35.77 609.5 88.325 7
37.679 609.5 86.396 7
24.316 609.5 99.902 0
24.316 612.214 99.902 7
24.316 614.929 99.902 7
24.316 617.643 99.902 7
24.316 620.357 99.902 7
24.316 623.071 99.902 7
24.316 625.786 99.902 7
24.316 628.5 99.902 7
24.316 609.5 99.902 0
24.316 606.786 99.902 7
24.316 604.071 99.902 7
24.316 601.357 99.902 7
24.316 598.643 99.902 7
24.316 595.929 99.902 7
24.316 593.214 99.902 7
24.316 590.5 99.902 7
7.17 616.5 299.666 0
6.177 616.5 299.546 7
5.184 616.5 299.425 7
4.191 616.5 299.305 7
3.199 616.5 299.185 7
2.206 616.5 299.065 7
1.213 616.5 298.944 7
0.221 616.5 298.824 7
-0.772 616.5 298.704 7
-1.765 616.5 298.584 7
-2.758 616.5 298.463 7
-3.75 616.5 298.343 7
-4.743 616.5 298.223 7
-5.736 616.5 298.103 7
-6.729 616.5 297.982 7
-6.729 616.5 297.982 7
-6.729 615.5 297.982 7
-6.729 614.5 297.982 7
-6.729 613.5 297.982 7
-6.729 612.5 297.982 7
-6.729 611.5 297.982 7
-6.729 610.5 297.982 7
-6.729 609.5 297.982 7
-6.729 608.5 297.982 7
-6.729 607.5 297.982 7
-6.729 606.5 297.982 7
-6.729 605.5 297.982 7
-6.729 604.5 297.982 7
-6.729 603.5 297.982 7
-6.729 602.5 297.982 7
-6.729 602.5 297.982 7
-5.736 602.5 298.103 7
-4.743 602.5 298.223 7
-3.75 602.5 298.343 7
-2.758 602.5 298.463 7
-1.765 602.5 298.584 7
-0.772 602.5 298.704 7
0.221 602.5 298.824 7
1.213 602.5 298.944 7
2.206 602.5 299.065 7
3.199 602.5 299.185 7
4.191 602.5 299.305 7
5.184 602.5 299.425 7
6.177 602.5 299.546 7
7.17 602.5 299.666 7
7.17 602.5 299.666 7
7.17 603.5 299.666 7
7.17 604.5 299.666 7
7.17 605.5 299.666 7
7.17 606.5 299.666 7
7.17 607.5 299.666 7
7.17 608.5 299.666 7
7.17 609.5 299.666 7
7.17 610.5 299.666 7
7.17 611.5 299.666 7
7.17 612.5 299.666 7
7.17 613.5 299.666 7
7.17 614.5 299.666 7
7.17 615.5 299.666 7
7.17 616.5 299.666 7
0.221 609.5 298.824 0
-0.772 609.5 298.704 7
-1.765 609.5 298.584 7
-2.758 609.5 298.463 7
-3.75 609.5 298.343 7
-4.743 609.5 298.223 7
-5.736 609.5 298.103 7
-6.729 609.5 297.982 7
0.221 609.5 298.824 0
1.213 609.5 298.944 7
2.206 609.5 299.065 7
3.199 609.5 299.185 7
4.191 609.5 299.305 7
5.184 609.5 299.425 7
6.177 609.5 299.546 7
7.17 609.5 299.666 7
0.221 609.5 298.824 0
0.221 610.5 298.824 7
0.221 611.5 298.824 7
0.221 612.5 298.824 7
0.221 613.5 298.824 7
0.221 614.5 298.824 7
0.221 615.5 298.824 7
0.221 616.5 298.824 7
0.221 609.5 298.824 0
0.221 608.5 298.824 7
0.221 607.5 298.824 7
0.221 606.5 298.824 7
0.221 605.5 298.824 7
0.221 604.5 298.824 7
0.221 603.5 298.824 7
0.221 602.5 298.824 7
-3.387 624.5 328.606 0
-4.944 624.418 328.418 7
-6.483 624.172 328.231 7
-7.989 623.766 328.049 7
-9.444 623.203 327.873 7
-10.833 622.49 327.705 7
-12.14 621.635 327.546 7
-13.351 620.647 327.4 7
-14.453 619.537 327.266 7
-15.434 618.317 327.147 7
-16.283 617 327.044 7
-16.991 615.601 326.959 7
-17.549 614.135 326.891 7
-17.953 612.619 326.842 7
-18.197 611.068 326.813 7
-18.278 609.5 326.803 7
-18.197 607.932 326.813 7
-17.953 606.381 326.842 7
-17.549 604.865 326.891 7
-16.991 603.399 326.959 7
-16.283 602 327.044 7
-15.434 600.683 327.147 7
-14.453 599.463 327.266 7
-13.351 598.353 327.4 7
-12.14 597.365 327.546 7
-10.833 596.51 327.705 7
-9.444 595.797 327.873 7
-7.989 595.234 328.049 7
-6.483 594.828 328.231 7
-4.944 594.582 328.418 7
-3.387 594.5 328.606 7
-1.83 594.582 328.795 7
-0.291 594.828 328.981 7
1.215 595.234 329.164 7
2.67 595.797 329.34 7
4.059 596.51 329.508 7
5.366 597.365 329.667 7
6.577 598.353 329.813 7
7.679 599.463 329.947 7
8.66 600.683 330.066 7
9.509 602 330.169 7
10.217 603.399 330.254 7
10.775 604.865 330.322 7
11.179 606.381 330.371 7
11.423 607.932 330.4 7
11.504 609.5 330.41 7
11.423 611.068 330.4 7
11.179 612.619 330.371 7
10.775 614.135 330.322 7
10.217 615.601 330.254 7
9.509 617 330.169 7
8.66 618.317 330.066 7
7.679 619.537 329.947 7
6.577 620.647 329.813 7
5.366 621.635 329.667 7
4.059 622.49 329.508 7
2.67 623.203 329.34 7
1.215 623.766 329.164 7
-0.291 624.172 328.981 7
-1.83 624.418 328.795 7
-3.387 624.5 328.606 7
-3.387 609.5 328.606 0
-5.514 609.5 328.349 7
-7.642 609.5 328.091 7
-9.769 609.5 327.833 7
-11.896 609.5 327.576 7
-14.024 609.5 327.318 7
-16.151 609.5 327.06 7
-18.278 609.5 326.803 7
-3.387 609.5 328.606 0
-1.26 609.5 328.864 7
0.868 609.5 329.122 7
2.995 609.5 329.379 7
5.122 609.5 329.637 7
7.25 609.5 329.895 7
9.377 609.5 330.153 7
11.504 609.5 330.41 7
-3.387 609.5 328.606 0
-3.387 611.643 328.606 7
-3.387 613.786 328.606 7
-3.387 615.929 328.606 7
-3.387 618.071 328.606 7
-3.387 620.214 328.606 7
-3.387 622.357 328.606 7
-3.387 624.5 328.606 7
-3.387 609.5 328.606 0
-3.387 607.357 328.606 7
-3.387 605.214 328.606 7
-3.387 603.071 328.606 7
-3.387 600.929 328.606 7
-3.387 598.786 328.606 7
-3.387 596.643 328.606 7
-3.387 594.5 328.606 7
-18.278 609.5 326.803 0
-18.759 609.5 330.774 7
11.504 609.5 330.41 0
11.023 609.5 334.381 7
-3.387 624.5 328.606 0
-3.868 624.5 332.577 7
-3.387 594.5 328.606 0
-3.868 594.5 332.577 7
-3.387 609.5 328.606 0
-3.868 609.5 332.577 7
-3.868 624.5 332.577 0
-5.425 624.418 332.389 7
-6.964 624.172 332.202 7
-8.47 623.766 332.02 7
-9.925 623.203 331.844 7
-11.314 622.49 331.676 7
-12.621 621.635 331.517 7
-13.832 620.647 331.37 7
-14.934 619.537 331.237 7
-15.915 618.317 331.118 7
-16.764 617 331.015 7
-17.472 615.601 330.93 7
-18.03 614.135 330.862 7
-18.434 612.619 330.813 7
-18.678 611.068 330.784 7
-18.759 609.5 330.774 7
-18.678 607.932 330.784 7
-18.434 606.381 330.813 7
-18.03 604.865 330.862 7
-17.472 603.399 330.93 7
-16.764 602 331.015 7
-15.915 600.683 331.118 7
-14.934 599.463 331.237 7
-13.832 598.353 331.37 7
-12.621 597.365 331.517 7
-11.314 596.51 331.676 7
-9.925 595.797 331.844 7
-8.47 595.234 332.02 7
-6.964 594.828 332.202 7
-5.425 594.582 332.389 7
-3.868 594.5 332.577 7
-2.311 594.582 332.766 7
-0.772 594.828 332.952 7
0.734 595.234 333.135 7
2.189 595.797 333.311 7
3.578 596.51 333.479 7
4.885 597.365 333.638 7
6.096 598.353 333.784 7
7.198 599.463 333.918 7
8.179 600.683 334.037 7
9.028 602 334.14 7
9.736 603.399 334.225 7
10.294 604.865 334.293 7
10.698 606.381 334.342 7
10.942 607.932 334.371 7
11.023 609.5 334.381 7
10.942 611.068 334.371 7
10.698 612.619 334.342 7
10.294 614.135 334.293 7
9.736 615.601 334.225 7
9.028 617 334.14 7
8.179 618.317 334.037 7
7.198 619.537 333.918 7
6.096 620.647 333.784 7
4.885 621.635 333.638 7
3.578 622.49 333.479 7
2.189 623.203 333.311 7
0.734 623.766 333.135 7
-0.772 624.172 332.952 7
-2.311 624.418 332.766 7
-3.868 624.5 332.577 7
-3.868 609.5 332.577 0
-5.995 609.5 332.32 7
-8.123 609.5 332.062 7
-10.25 609.5 331.804 7
-12.377 609.5 331.547 7
-14.505 609.5 331.289 7
-16.632 609.5 331.031 7
-18.759 609.5 330.774 7
-3.868 609.5 332.577 0
-1.741 609.5 332.835 7
0.387 609.5 333.093 7
2.514 609.5 333.35 7
4.641 609.5 333.608 7
6.769 609.5 333.866 7
8.896 609.5 334.124 7
11.023 609.5 334.381 7
-3.868 609.5 332.577 0
-3.868 611.643 332.577 7
-3.868 613.786 332.577 7
-3.868 615.929 332.577 7
-3.868 618.071 332.577 7
-3.868 620.214 332.577 7
-3.868 622.357 332.577 7
-3.868 624.5 332.577 7
-3.868 609.5 332.577 0
-3.868 607.357 332.577 7
-3.868 605.214 332.577 7
-3.868 603.071 332.577 7
-3.868 600.929 332.577 7
-3.868 598.786 332.577 7
-3.868 596.643 332.577 7
-3.868 594.5 332.577 7
-8.351 627 369.591 0
-10.167 626.904 369.371 7
-11.963 626.618 369.153 7
-13.72 626.143 368.941 7
-15.418 625.487 368.735 7
-17.038 624.655 368.539 7
-18.563 623.658 368.354 7
-19.976 622.505 368.183 7
-21.262 621.21 368.027 7
-22.407 619.786 367.888 7
-23.397 618.25 367.768 7
-24.222 616.618 367.668 7
