# Points on circle (cos t, sin t, 0) joined to points on
# circle (0, cos t, sin t).  Done in Mathematica by:
# Ronald Bruck, University of Southern California, bruck@mtha.usc.edu
1.	0	0	0
0.998027	0.0627905	0	3
0.992115	0.125333	0	3
0.982287	0.187381	0	3
0.968583	0.24869	0	3
0.951057	0.309017	0	3
0.929776	0.368125	0	3
0.904827	0.425779	0	3
0.876307	0.481754	0	3
0.844328	0.535827	0	3
0.809017	0.587785	0	3
0.770513	0.637424	0	3
0.728969	0.684547	0	3
0.684547	0.728969	0	3
0.637424	0.770513	0	3
0.587785	0.809017	0	3
0.535827	0.844328	0	3
0.481754	0.876307	0	3
0.425779	0.904827	0	3
0.368125	0.929776	0	3
0.309017	0.951057	0	3
0.24869	0.968583	0	3
0.187381	0.982287	0	3
0.125333	0.992115	0	3
0.0627905	0.998027	0	3
0	1.	0	3
-0.0627905	0.998027	0	3
-0.125333	0.992115	0	3
-0.187381	0.982287	0	3
-0.24869	0.968583	0	3
-0.309017	0.951057	0	3
-0.368125	0.929776	0	3
-0.425779	0.904827	0	3
-0.481754	0.876307	0	3
-0.535827	0.844328	0	3
-0.587785	0.809017	0	3
-0.637424	0.770513	0	3
-0.684547	0.728969	0	3
-0.728969	0.684547	0	3
-0.770513	0.637424	0	3
-0.809017	0.587785	0	3
-0.844328	0.535827	0	3
-0.876307	0.481754	0	3
-0.904827	0.425779	0	3
-0.929776	0.368125	0	3
-0.951057	0.309017	0	3
-0.968583	0.24869	0	3
-0.982287	0.187381	0	3
-0.992115	0.125333	0	3
-0.998027	0.0627905	0	3
-1.	0	0	3
-0.998027	-0.0627905	0	3
-0.992115	-0.125333	0	3
-0.982287	-0.187381	0	3
-0.968583	-0.24869	0	3
-0.951057	-0.309017	0	3
-0.929776	-0.368125	0	3
-0.904827	-0.425779	0	3
-0.876307	-0.481754	0	3
-0.844328	-0.535827	0	3
-0.809017	-0.587785	0	3
-0.770513	-0.637424	0	3
-0.728969	-0.684547	0	3
-0.684547	-0.728969	0	3
-0.637424	-0.770513	0	3
-0.587785	-0.809017	0	3
-0.535827	-0.844328	0	3
-0.481754	-0.876307	0	3
-0.425779	-0.904827	0	3
-0.368125	-0.929776	0	3
-0.309017	-0.951057	0	3
-0.24869	-0.968583	0	3
-0.187381	-0.982287	0	3
-0.125333	-0.992115	0	3
-0.0627905	-0.998027	0	3
0	-1.	0	3
0.0627905	-0.998027	0	3
0.125333	-0.992115	0	3
0.187381	-0.982287	0	3
0.24869	-0.968583	0	3
0.309017	-0.951057	0	3
0.368125	-0.929776	0	3
0.425779	-0.904827	0	3
0.481754	-0.876307	0	3
0.535827	-0.844328	0	3
0.587785	-0.809017	0	3
0.637424	-0.770513	0	3
0.684547	-0.728969	0	3
0.728969	-0.684547	0	3
0.770513	-0.637424	0	3
0.809017	-0.587785	0	3
0.844328	-0.535827	0	3
0.876307	-0.481754	0	3
0.904827	-0.425779	0	3
0.929776	-0.368125	0	3
0.951057	-0.309017	0	3
0.968583	-0.24869	0	3
0.982287	-0.187381	0	3
0.992115	-0.125333	0	3
0.998027	-0.0627905	0	3
1.	0	0	3
0	1.	0	0
0	0.998027	0.0627905	3
0	0.992115	0.125333	3
0	0.982287	0.187381	3
0	0.968583	0.24869	3
0	0.951057	0.309017	3
0	0.929776	0.368125	3
0	0.904827	0.425779	3
0	0.876307	0.481754	3
0	0.844328	0.535827	3
0	0.809017	0.587785	3
0	0.770513	0.637424	3
0	0.728969	0.684547	3
0	0.684547	0.728969	3
0	0.637424	0.770513	3
0	0.587785	0.809017	3
0	0.535827	0.844328	3
0	0.481754	0.876307	3
0	0.425779	0.904827	3
0	0.368125	0.929776	3
0	0.309017	0.951057	3
0	0.24869	0.968583	3
0	0.187381	0.982287	3
0	0.125333	0.992115	3
0	0.0627905	0.998027	3
0	0	1.	3
0	-0.0627905	0.998027	3
0	-0.125333	0.992115	3
0	-0.187381	0.982287	3
0	-0.24869	0.968583	3
0	-0.309017	0.951057	3
0	-0.368125	0.929776	3
0	-0.425779	0.904827	3
0	-0.481754	0.876307	3
0	-0.535827	0.844328	3
0	-0.587785	0.809017	3
0	-0.637424	0.770513	3
0	-0.684547	0.728969	3
0	-0.728969	0.684547	3
0	-0.770513	0.637424	3
0	-0.809017	0.587785	3
0	-0.844328	0.535827	3
0	-0.876307	0.481754	3
0	-0.904827	0.425779	3
0	-0.929776	0.368125	3
0	-0.951057	0.309017	3
0	-0.968583	0.24869	3
0	-0.982287	0.187381	3
0	-0.992115	0.125333	3
0	-0.998027	0.0627905	3
0	-1.	0	3
0	-0.998027	-0.0627905	3
0	-0.992115	-0.125333	3
0	-0.982287	-0.187381	3
0	-0.968583	-0.24869	3
0	-0.951057	-0.309017	3
0	-0.929776	-0.368125	3
0	-0.904827	-0.425779	3
0	-0.876307	-0.481754	3
0	-0.844328	-0.535827	3
0	-0.809017	-0.587785	3
0	-0.770513	-0.637424	3
0	-0.728969	-0.684547	3
0	-0.684547	-0.728969	3
0	-0.637424	-0.770513	3
0	-0.587785	-0.809017	3
0	-0.535827	-0.844328	3
0	-0.481754	-0.876307	3
0	-0.425779	-0.904827	3
0	-0.368125	-0.929776	3
0	-0.309017	-0.951057	3
0	-0.24869	-0.968583	3
0	-0.187381	-0.982287	3
0	-0.125333	-0.992115	3
0	-0.0627905	-0.998027	3
0	0	-1.	3
0	0.0627905	-0.998027	3
0	0.125333	-0.992115	3
0	0.187381	-0.982287	3
0	0.24869	-0.968583	3
0	0.309017	-0.951057	3
0	0.368125	-0.929776	3
0	0.425779	-0.904827	3
0	0.481754	-0.876307	3
0	0.535827	-0.844328	3
0	0.587785	-0.809017	3
0	0.637424	-0.770513	3
0	0.684547	-0.728969	3
0	0.728969	-0.684547	3
0	0.770513	-0.637424	3
0	0.809017	-0.587785	3
0	0.844328	-0.535827	3
0	0.876307	-0.481754	3
0	0.904827	-0.425779	3
0	0.929776	-0.368125	3
0	0.951057	-0.309017	3
0	0.968583	-0.24869	3
0	0.982287	-0.187381	3
0	0.992115	-0.125333	3
0	0.998027	-0.0627905	3
0	1.	0	3
1.	0	0	0
0	1.	0	6
0.998027	0.0627905	0	0
0	0.998027	0.0627905	6
0.992115	0.125333	0	0
0	0.992115	0.125333	6
0.982287	0.187381	0	0
0	0.982287	0.187381	6
0.968583	0.24869	0	0
0	0.968583	0.24869	6
0.951057	0.309017	0	0
0	0.951057	0.309017	6
0.929776	0.368125	0	0
0	0.929776	0.368125	6
0.904827	0.425779	0	0
0	0.904827	0.425779	6
0.876307	0.481754	0	0
0	0.876307	0.481754	6
0.844328	0.535827	0	0
0	0.844328	0.535827	6
0.809017	0.587785	0	0
0	0.809017	0.587785	6
0.770513	0.637424	0	0
0	0.770513	0.637424	6
0.728969	0.684547	0	0
0	0.728969	0.684547	6
0.684547	0.728969	0	0
0	0.684547	0.728969	6
0.637424	0.770513	0	0
0	0.637424	0.770513	6
0.587785	0.809017	0	0
0	0.587785	0.809017	6
0.535827	0.844328	0	0
0	0.535827	0.844328	6
0.481754	0.876307	0	0
0	0.481754	0.876307	6
0.425779	0.904827	0	0
0	0.425779	0.904827	6
0.368125	0.929776	0	0
0	0.368125	0.929776	6
0.309017	0.951057	0	0
0	0.309017	0.951057	6
0.24869	0.968583	0	0
0	0.24869	0.968583	6
0.187381	0.982287	0	0
0	0.187381	0.982287	6
0.125333	0.992115	0	0
0	0.125333	0.992115	6
0.0627905	0.998027	0	0
0	0.0627905	0.998027	6
0	1.	0	0
0	0	1.	6
-0.0627905	0.998027	0	0
0	-0.0627905	0.998027	6
-0.125333	0.992115	0	0
0	-0.125333	0.992115	6
-0.187381	0.982287	0	0
0	-0.187381	0.982287	6
-0.24869	0.968583	0	0
0	-0.24869	0.968583	6
-0.309017	0.951057	0	0
0	-0.309017	0.951057	6
-0.368125	0.929776	0	0
0	-0.368125	0.929776	6
-0.425779	0.904827	0	0
0	-0.425779	0.904827	6
-0.481754	0.876307	0	0
0	-0.481754	0.876307	6
-0.535827	0.844328	0	0
0	-0.535827	0.844328	6
-0.587785	0.809017	0	0
0	-0.587785	0.809017	6
-0.637424	0.770513	0	0
0	-0.637424	0.770513	6
-0.684547	0.728969	0	0
0	-0.684547	0.728969	6
-0.728969	0.684547	0	0
0	-0.728969	0.684547	6
-0.770513	0.637424	0	0
0	-0.770513	0.637424	6
-0.809017	0.587785	0	0
0	-0.809017	0.587785	6
-0.844328	0.535827	0	0
0	-0.844328	0.535827	6
-0.876307	0.481754	0	0
0	-0.876307	0.481754	6
-0.904827	0.425779	0	0
0	-0.904827	0.425779	6
-0.929776	0.368125	0	0
0	-0.929776	0.368125	6
-0.951057	0.309017	0	0
0	-0.951057	0.309017	6
-0.968583	0.24869	0	0
0	-0.968583	0.24869	6
-0.982287	0.187381	0	0
0	-0.982287	0.187381	6
-0.992115	0.125333	0	0
0	-0.992115	0.125333	6
-0.998027	0.0627905	0	0
0	-0.998027	0.0627905	6
-1.	0	0	0
0	-1.	0	6
-0.998027	-0.0627905	0	0
0	-0.998027	-0.0627905	6
-0.992115	-0.125333	0	0
0	-0.992115	-0.125333	6
-0.982287	-0.187381	0	0
0	-0.982287	-0.187381	6
-0.968583	-0.24869	0	0
0	-0.968583	-0.24869	6
-0.951057	-0.309017	0	0
0	-0.951057	-0.309017	6
-0.929776	-0.368125	0	0
0	-0.929776	-0.368125	6
-0.904827	-0.425779	0	0
0	-0.904827	-0.425779	6
-0.876307	-0.481754	0	0
0	-0.876307	-0.481754	6
-0.844328	-0.535827	0	0
0	-0.844328	-0.535827	6
-0.809017	-0.587785	0	0
0	-0.809017	-0.587785	6
-0.770513	-0.637424	0	0
0	-0.770513	-0.637424	6
-0.728969	-0.684547	0	0
0	-0.728969	-0.684547	6
-0.684547	-0.728969	0	0
0	-0.684547	-0.728969	6
-0.637424	-0.770513	0	0
0	-0.637424	-0.770513	6
-0.587785	-0.809017	0	0
0	-0.587785	-0.809017	6
-0.535827	-0.844328	0	0
0	-0.535827	-0.844328	6
-0.481754	-0.876307	0	0
0	-0.481754	-0.876307	6
-0.425779	-0.904827	0	0
0	-0.425779	-0.904827	6
-0.368125	-0.929776	0	0
0	-0.368125	-0.929776	6
-0.309017	-0.951057	0	0
0	-0.309017	-0.951057	6
-0.24869	-0.968583	0	0
0	-0.24869	-0.968583	6
-0.187381	-0.982287	0	0
0	-0.187381	-0.982287	6
-0.125333	-0.992115	0	0
0	-0.125333	-0.992115	6
-0.0627905	-0.998027	0	0
0	-0.0627905	-0.998027	6
0	-1.	0	0
0	0	-1.	6
0.0627905	-0.998027	0	0
0	0.0627905	-0.998027	6
0.125333	-0.992115	0	0
0	0.125333	-0.992115	6
0.187381	-0.982287	0	0
0	0.187381	-0.982287	6
0.24869	-0.968583	0	0
0	0.24869	-0.968583	6
0.309017	-0.951057	0	0
0	0.309017	-0.951057	6
0.368125	-0.929776	0	0
0	0.368125	-0.929776	6
0.425779	-0.904827	0	0
0	0.425779	-0.904827	6
0.481754	-0.876307	0	0
0	0.481754	-0.876307	6
0.535827	-0.844328	0	0
0	0.535827	-0.844328	6
0.587785	-0.809017	0	0
0	0.587785	-0.809017	6
0.637424	-0.770513	0	0
0	0.637424	-0.770513	6
0.684547	-0.728969	0	0
0	0.684547	-0.728969	6
0.728969	-0.684547	0	0
0	0.728969	-0.684547	6
0.770513	-0.637424	0	0
0	0.770513	-0.637424	6
0.809017	-0.587785	0	0
0	0.809017	-0.587785	6
0.844328	-0.535827	0	0
0	0.844328	-0.535827	6
0.876307	-0.481754	0	0
0	0.876307	-0.481754	6
0.904827	-0.425779	0	0
0	0.904827	-0.425779	6
0.929776	-0.368125	0	0
0	0.929776	-0.368125	6
0.951057	-0.309017	0	0
0	0.951057	-0.309017	6
0.968583	-0.24869	0	0
0	0.968583	-0.24869	6
0.982287	-0.187381	0	0
0	0.982287	-0.187381	6
0.992115	-0.125333	0	0
0	0.992115	-0.125333	6
0.998027	-0.0627905	0	0
0	0.998027	-0.0627905	6
1.	0	0	0
0	1.	0	6



