# Castle 2
# by Danny Osborne <OSBORNDH@ctrvax.Vanderbilt.Edu>

   2.000   -23.000     0.000  0
   2.000   -23.000     6.000  1
   1.933   -22.750     6.000  1
   1.933   -22.750     7.000  1
   1.799   -22.250     7.000  1
   1.799   -22.250     6.000  1
   1.732   -22.000     6.000  1
   1.732   -22.000     0.000  1
   2.000   -23.000     0.000  1
   1.732   -22.000     0.000  0
   1.732   -22.000     6.000  1
   1.549   -21.817     6.000  1
   1.549   -21.817     7.000  1
   1.183   -21.451     7.000  1
   1.183   -21.451     6.000  1
   1.000   -21.268     6.000  1
   1.000   -21.268     0.000  1
   1.732   -22.000     0.000  1
   1.000   -21.268     0.000  0
   1.000   -21.268     6.000  1
   0.750   -21.201     6.000  1
   0.750   -21.201     7.000  1
   0.250   -21.067     7.000  1
   0.250   -21.067     6.000  1
   0.000   -21.000     6.000  1
   0.000   -21.000     0.000  1
   1.000   -21.268     0.000  1
   0.000   -21.000     0.000  0
   0.000   -21.000     6.000  1
  -0.250   -21.067     6.000  1
  -0.250   -21.067     7.000  1
  -0.750   -21.201     7.000  1
  -0.750   -21.201     6.000  1
  -1.000   -21.268     6.000  1
  -1.000   -21.268     0.000  1
   0.000   -21.000     0.000  1
  -1.000   -21.268     0.000  0
  -1.000   -21.268     6.000  1
  -1.183   -21.451     6.000  1
  -1.183   -21.451     7.000  1
  -1.549   -21.817     7.000  1
  -1.549   -21.817     6.000  1
  -1.732   -22.000     6.000  1
  -1.732   -22.000     0.000  1
  -1.000   -21.268     0.000  1
  -1.732   -22.000     0.000  0
  -1.732   -22.000     6.000  1
  -1.799   -22.250     6.000  1
  -1.799   -22.250     7.000  1
  -1.933   -22.750     7.000  1
  -1.933   -22.750     6.000  1
  -2.000   -23.000     6.000  1
  -2.000   -23.000     0.000  1
  -1.732   -22.000     0.000  1
  -2.000   -23.000     0.000  0
  -2.000   -23.000     6.000  1
  -1.933   -23.250     6.000  1
  -1.933   -23.250     7.000  1
  -1.799   -23.750     7.000  1
  -1.799   -23.750     6.000  1
  -1.732   -24.000     6.000  1
  -1.732   -24.000     0.000  1
  -2.000   -23.000     0.000  1
  -1.732   -24.000     0.000  0
  -1.732   -24.000     6.000  1
  -1.549   -24.183     6.000  1
  -1.549   -24.183     7.000  1
  -1.183   -24.549     7.000  1
  -1.183   -24.549     6.000  1
  -1.000   -24.732     6.000  1
  -1.000   -24.732     0.000  1
  -1.732   -24.000     0.000  1
  -1.000   -24.732     0.000  0
  -1.000   -24.732     6.000  1
  -0.750   -24.799     6.000  1
  -0.750   -24.799     7.000  1
  -0.250   -24.933     7.000  1
  -0.250   -24.933     6.000  1
   0.000   -25.000     6.000  1
   0.000   -25.000     0.000  1
  -1.000   -24.732     0.000  1
   0.000   -25.000     0.000  0
   0.000   -25.000     6.000  1
   0.250   -24.933     6.000  1
   0.250   -24.933     7.000  1
   0.750   -24.799     7.000  1
   0.750   -24.799     6.000  1
   1.000   -24.732     6.000  1
   1.000   -24.732     0.000  1
   0.000   -25.000     0.000  1
   1.000   -24.732     0.000  0
   1.000   -24.732     6.000  1
   1.183   -24.549     6.000  1
   1.183   -24.549     7.000  1
   1.549   -24.183     7.000  1
   1.549   -24.183     6.000  1
   1.732   -24.000     6.000  1
   1.732   -24.000     0.000  1
   1.000   -24.732     0.000  1
   1.732   -24.000     0.000  0
   1.732   -24.000     6.000  1
   1.799   -23.750     6.000  1
   1.799   -23.750     7.000  1
   1.933   -23.250     7.000  1
   1.933   -23.250     6.000  1
   2.000   -23.000     6.000  1
   2.000   -23.000     0.000  1
   1.732   -24.000     0.000  1
  17.000   -23.000     0.000  0
  17.000   -23.000     6.000  1
  16.933   -22.750     6.000  1
  16.933   -22.750     7.000  1
  16.799   -22.250     7.000  1
  16.799   -22.250     6.000  1
  16.732   -22.000     6.000  1
  16.732   -22.000     0.000  1
  17.000   -23.000     0.000  1
  16.732   -22.000     0.000  0
  16.732   -22.000     6.000  1
  16.549   -21.817     6.000  1
  16.549   -21.817     7.000  1
  16.183   -21.451     7.000  1
  16.183   -21.451     6.000  1
  16.000   -21.268     6.000  1
  16.000   -21.268     0.000  1
  16.732   -22.000     0.000  1
  16.000   -21.268     0.000  0
  16.000   -21.268     6.000  1
  15.750   -21.201     6.000  1
  15.750   -21.201     7.000  1
  15.250   -21.067     7.000  1
  15.250   -21.067     6.000  1
  15.000   -21.000     6.000  1
  15.000   -21.000     0.000  1
  16.000   -21.268     0.000  1
  15.000   -21.000     0.000  0
  15.000   -21.000     6.000  1
  14.750   -21.067     6.000  1
  14.750   -21.067     7.000  1
  14.250   -21.201     7.000  1
  14.250   -21.201     6.000  1
  14.000   -21.268     6.000  1
  14.000   -21.268     0.000  1
  15.000   -21.000     0.000  1
  14.000   -21.268     0.000  0
  14.000   -21.268     6.000  1
  13.817   -21.451     6.000  1
  13.817   -21.451     7.000  1
  13.451   -21.817     7.000  1
  13.451   -21.817     6.000  1
  13.268   -22.000     6.000  1
  13.268   -22.000     0.000  1
  14.000   -21.268     0.000  1
  13.268   -22.000     0.000  0
  13.268   -22.000     6.000  1
  13.201   -22.250     6.000  1
  13.201   -22.250     7.000  1
  13.067   -22.750     7.000  1
  13.067   -22.750     6.000  1
  13.000   -23.000     6.000  1
  13.000   -23.000     0.000  1
  13.268   -22.000     0.000  1
  13.000   -23.000     0.000  0
  13.000   -23.000     6.000  1
  13.067   -23.250     6.000  1
  13.067   -23.250     7.000  1
  13.201   -23.750     7.000  1
  13.201   -23.750     6.000  1
  13.268   -24.000     6.000  1
  13.268   -24.000     0.000  1
  13.000   -23.000     0.000  1
  13.268   -24.000     0.000  0
  13.268   -24.000     6.000  1
  13.451   -24.183     6.000  1
  13.451   -24.183     7.000  1
  13.817   -24.549     7.000  1
  13.817   -24.549     6.000  1
  14.000   -24.732     6.000  1
  14.000   -24.732     0.000  1
  13.268   -24.000     0.000  1
  14.000   -24.732     0.000  0
  14.000   -24.732     6.000  1
  14.250   -24.799     6.000  1
  14.250   -24.799     7.000  1
  14.750   -24.933     7.000  1
  14.750   -24.933     6.000  1
  15.000   -25.000     6.000  1
  15.000   -25.000     0.000  1
  14.000   -24.732     0.000  1
  15.000   -25.000     0.000  0
  15.000   -25.000     6.000  1
  15.250   -24.933     6.000  1
  15.250   -24.933     7.000  1
  15.750   -24.799     7.000  1
  15.750   -24.799     6.000  1
  16.000   -24.732     6.000  1
  16.000   -24.732     0.000  1
  15.000   -25.000     0.000  1
  16.000   -24.732     0.000  0
  16.000   -24.732     6.000  1
  16.183   -24.549     6.000  1
  16.183   -24.549     7.000  1
  16.549   -24.183     7.000  1
  16.549   -24.183     6.000  1
  16.732   -24.000     6.000  1
  16.732   -24.000     0.000  1
  16.000   -24.732     0.000  1
  16.732   -24.000     0.000  0
  16.732   -24.000     6.000  1
  16.799   -23.750     6.000  1
  16.799   -23.750     7.000  1
  16.933   -23.250     7.000  1
  16.933   -23.250     6.000  1
  17.000   -23.000     6.000  1
  17.000   -23.000     0.000  1
  16.732   -24.000     0.000  1
   5.000   -11.000     0.000  0
   5.000   -11.000    14.000  1
   4.974   -10.748    14.000  1
   4.974   -10.748    15.000  1
   4.923   -10.245    15.000  1
   4.923   -10.245    14.000  1
   4.898    -9.994    14.000  1
   4.898    -9.994     0.000  1
   5.000   -11.000     0.000  1
   4.898    -9.994     0.000  0
   4.898    -9.994    14.000  1
   4.822    -9.752    14.000  1
   4.822    -9.752    15.000  1
   4.671    -9.270    15.000  1
   4.671    -9.270    14.000  1
   4.595    -9.028    14.000  1
   4.595    -9.028     0.000  1
   4.898    -9.994     0.000  1
   4.595    -9.028     0.000  0
   4.595    -9.028    14.000  1
   4.472    -8.807    14.000  1
   4.472    -8.807    15.000  1
   4.227    -8.365    15.000  1
   4.227    -8.365    14.000  1
   4.104    -8.144    14.000  1
   4.104    -8.144     0.000  1
   4.595    -9.028     0.000  1
   4.104    -8.144     0.000  0
   4.104    -8.144    14.000  1
   3.939    -7.952    14.000  1
   3.939    -7.952    15.000  1
   3.610    -7.568    15.000  1
   3.610    -7.568    14.000  1
   3.445    -7.376    14.000  1
   3.445    -7.376     0.000  1
   4.104    -8.144     0.000  1
   3.445    -7.376     0.000  0
   3.445    -7.376    14.000  1
   3.245    -7.221    14.000  1
   3.245    -7.221    15.000  1
   2.845    -6.912    15.000  1
   2.845    -6.912    14.000  1
   2.645    -6.757    14.000  1
   2.645    -6.757     0.000  1
   3.445    -7.376     0.000  1
   2.645    -6.757     0.000  0
   2.645    -6.757    14.000  1
   2.418    -6.645    14.000  1
   2.418    -6.645    15.000  1
   1.964    -6.423    15.000  1
   1.964    -6.423    14.000  1
   1.737    -6.311    14.000  1
   1.737    -6.311     0.000  1
   2.645    -6.757     0.000  1
   1.737    -6.311     0.000  0
   1.737    -6.311    14.000  1
   1.492    -6.248    14.000  1
   1.492    -6.248    15.000  1
   1.002    -6.121    15.000  1
   1.002    -6.121    14.000  1
   0.757    -6.058    14.000  1
   0.757    -6.058     0.000  1
   1.737    -6.311     0.000  1
   0.757    -6.058     0.000  0
   0.757    -6.058    14.000  1
   0.505    -6.045    14.000  1
   0.505    -6.045    15.000  1
  -0.001    -6.019    15.000  1
  -0.001    -6.019    14.000  1
  -0.253    -6.006    14.000  1
  -0.253    -6.006     0.000  1
   0.757    -6.058     0.000  1
  -0.253    -6.006     0.000  0
  -0.253    -6.006    14.000  1
  -0.503    -6.045    14.000  1
  -0.503    -6.045    15.000  1
  -1.003    -6.121    15.000  1
  -1.003    -6.121    14.000  1
  -1.253    -6.160    14.000  1
  -1.253    -6.160     0.000  1
  -0.253    -6.006     0.000  1
  -1.253    -6.160     0.000  0
  -1.253    -6.160    14.000  1
  -1.490    -6.247    14.000  1
  -1.490    -6.247    15.000  1
  -1.965    -6.423    15.000  1
  -1.965    -6.423    14.000  1
  -2.202    -6.511    14.000  1
  -2.202    -6.511     0.000  1
  -1.253    -6.160     0.000  1
  -2.202    -6.511     0.000  0
  -2.202    -6.511    14.000  1
  -2.417    -6.645    14.000  1
  -2.417    -6.645    15.000  1
  -2.846    -6.912    15.000  1
  -2.846    -6.912    14.000  1
  -3.061    -7.046    14.000  1
  -3.061    -7.046     0.000  1
  -2.202    -6.511     0.000  1
  -3.061    -7.046     0.000  0
  -3.061    -7.046    14.000  1
  -3.244    -7.220    14.000  1
  -3.244    -7.220    15.000  1
  -3.610    -7.569    15.000  1
  -3.610    -7.569    14.000  1
  -3.794    -7.743    14.000  1
  -3.794    -7.743     0.000  1
  -3.061    -7.046     0.000  1
  -3.794    -7.743     0.000  0
  -3.794    -7.743    14.000  1
  -3.938    -7.951    14.000  1
  -3.938    -7.951    15.000  1
  -4.227    -8.366    15.000  1
  -4.227    -8.366    14.000  1
  -4.372    -8.573    14.000  1
  -4.372    -8.573     0.000  1
  -3.794    -7.743     0.000  1
  -4.372    -8.573     0.000  0
  -4.372    -8.573    14.000  1
  -4.471    -8.806    14.000  1
  -4.471    -8.806    15.000  1
  -4.671    -9.271    15.000  1
  -4.671    -9.271    14.000  1
  -4.771    -9.503    14.000  1
  -4.771    -9.503     0.000  1
  -4.372    -8.573     0.000  1
  -4.771    -9.503     0.000  0
  -4.771    -9.503    14.000  1
  -4.822    -9.751    14.000  1
  -4.822    -9.751    15.000  1
  -4.923   -10.246    15.000  1
  -4.923   -10.246    14.000  1
  -4.974   -10.494    14.000  1
  -4.974   -10.494     0.000  1
  -4.771    -9.503     0.000  1
  -4.974   -10.494     0.000  0
  -4.974   -10.494    14.000  1
  -4.974   -10.747    14.000  1
  -4.974   -10.747    15.000  1
  -4.974   -11.253    15.000  1
  -4.974   -11.253    14.000  1
  -4.974   -11.506    14.000  1
  -4.974   -11.506     0.000  1
  -4.974   -10.494     0.000  1
  -4.974   -11.506     0.000  0
  -4.974   -11.506    14.000  1
  -4.923   -11.754    14.000  1
  -4.923   -11.754    15.000  1
  -4.822   -12.249    15.000  1
  -4.822   -12.249    14.000  1
  -4.771   -12.497    14.000  1
  -4.771   -12.497     0.000  1
  -4.974   -11.506     0.000  1
  -4.771   -12.497     0.000  0
  -4.771   -12.497    14.000  1
  -4.671   -12.729    14.000  1
  -4.671   -12.729    15.000  1
  -4.471   -13.194    15.000  1
  -4.471   -13.194    14.000  1
  -4.372   -13.427    14.000  1
  -4.372   -13.427     0.000  1
  -4.771   -12.497     0.000  1
  -4.372   -13.427     0.000  0
  -4.372   -13.427    14.000  1
  -4.227   -13.634    14.000  1
  -4.227   -13.634    15.000  1
  -3.938   -14.049    15.000  1
  -3.938   -14.049    14.000  1
  -3.794   -14.257    14.000  1
  -3.794   -14.257     0.000  1
  -4.372   -13.427     0.000  1
  -3.794   -14.257     0.000  0
  -3.794   -14.257    14.000  1
  -3.610   -14.431    14.000  1
  -3.610   -14.431    15.000  1
  -3.244   -14.780    15.000  1
  -3.244   -14.780    14.000  1
  -3.061   -14.954    14.000  1
  -3.061   -14.954     0.000  1
  -3.794   -14.257     0.000  1
  -3.061   -14.954     0.000  0
  -3.061   -14.954    14.000  1
  -2.846   -15.088    14.000  1
  -2.846   -15.088    15.000  1
  -2.417   -15.355    15.000  1
  -2.417   -15.355    14.000  1
  -2.202   -15.489    14.000  1
  -2.202   -15.489     0.000  1
  -3.061   -14.954     0.000  1
  -2.202   -15.489     0.000  0
  -2.202   -15.489    14.000  1
  -1.965   -15.577    14.000  1
  -1.965   -15.577    15.000  1
  -1.490   -15.753    15.000  1
  -1.490   -15.753    14.000  1
  -1.253   -15.840    14.000  1
  -1.253   -15.840     0.000  1
  -2.202   -15.489     0.000  1
  -1.253   -15.840     0.000  0
  -1.253   -15.840    14.000  1
  -1.003   -15.879    14.000  1
  -1.003   -15.879    15.000  1
  -0.503   -15.955    15.000  1
  -0.503   -15.955    14.000  1
  -0.253   -15.994    14.000  1
  -0.253   -15.994     0.000  1
  -1.253   -15.840     0.000  1
  -0.253   -15.994     0.000  0
  -0.253   -15.994    14.000  1
  -0.001   -15.981    14.000  1
  -0.001   -15.981    15.000  1
   0.505   -15.955    15.000  1
   0.505   -15.955    14.000  1
   0.757   -15.942    14.000  1
   0.757   -15.942     0.000  1
  -0.253   -15.994     0.000  1
   0.757   -15.942     0.000  0
   0.757   -15.942    14.000  1
   1.002   -15.879    14.000  1
   1.002   -15.879    15.000  1
   1.492   -15.752    15.000  1
   1.492   -15.752    14.000  1
   1.737   -15.689    14.000  1
   1.737   -15.689     0.000  1
   0.757   -15.942     0.000  1
   1.737   -15.689     0.000  0
   1.737   -15.689    14.000  1
   1.964   -15.577    14.000  1
   1.964   -15.577    15.000  1
   2.418   -15.355    15.000  1
   2.418   -15.355    14.000  1
   2.645   -15.243    14.000  1
   2.645   -15.243     0.000  1
   1.737   -15.689     0.000  1
   2.645   -15.243     0.000  0
   2.645   -15.243    14.000  1
   2.845   -15.088    14.000  1
   2.845   -15.088    15.000  1
   3.245   -14.779    15.000  1
   3.245   -14.779    14.000  1
   3.445   -14.624    14.000  1
   3.445   -14.624     0.000  1
   2.645   -15.243     0.000  1
   3.445   -14.624     0.000  0
   3.445   -14.624    14.000  1
   3.610   -14.432    14.000  1
   3.610   -14.432    15.000  1
   3.939   -14.048    15.000  1
   3.939   -14.048    14.000  1
   4.104   -13.856    14.000  1
   4.104   -13.856     0.000  1
   3.445   -14.624     0.000  1
   4.104   -13.856     0.000  0
   4.104   -13.856    14.000  1
   4.227   -13.635    14.000  1
   4.227   -13.635    15.000  1
   4.472   -13.193    15.000  1
   4.472   -13.193    14.000  1
   4.595   -12.972    14.000  1
   4.595   -12.972     0.000  1
   4.104   -13.856     0.000  1
   4.595   -12.972     0.000  0
   4.595   -12.972    14.000  1
   4.671   -12.730    14.000  1
   4.671   -12.730    15.000  1
   4.822   -12.248    15.000  1
   4.822   -12.248    14.000  1
   4.898   -12.006    14.000  1
   4.898   -12.006     0.000  1
   4.595   -12.972     0.000  1
   4.898   -12.006     0.000  0
   4.898   -12.006    14.000  1
   4.923   -11.755    14.000  1
   4.923   -11.755    15.000  1
   4.974   -11.252    15.000  1
   4.974   -11.252    14.000  1
   5.000   -11.000    14.000  1
   5.000   -11.000     0.000  1
   4.898   -12.006     0.000  1
  20.000   -11.000     0.000  0
  20.000   -11.000    14.000  1
  19.974   -10.748    14.000  1
  19.974   -10.748    15.000  1
  19.923   -10.245    15.000  1
  19.923   -10.245    14.000  1
  19.898    -9.994    14.000  1
  19.898    -9.994     0.000  1
  20.000   -11.000     0.000  1
  19.898    -9.994     0.000  0
  19.898    -9.994    14.000  1
  19.822    -9.752    14.000  1
  19.822    -9.752    15.000  1
  19.671    -9.270    15.000  1
  19.671    -9.270    14.000  1
  19.595    -9.028    14.000  1
  19.595    -9.028     0.000  1
  19.898    -9.994     0.000  1
  19.595    -9.028     0.000  0
  19.595    -9.028    14.000  1
  19.472    -8.807    14.000  1
  19.472    -8.807    15.000  1
  19.227    -8.365    15.000  1
  19.227    -8.365    14.000  1
  19.104    -8.144    14.000  1
  19.104    -8.144     0.000  1
  19.595    -9.028     0.000  1
  19.104    -8.144     0.000  0
  19.104    -8.144    14.000  1
  18.939    -7.952    14.000  1
  18.939    -7.952    15.000  1
  18.610    -7.568    15.000  1
  18.610    -7.568    14.000  1
  18.445    -7.376    14.000  1
  18.445    -7.376     0.000  1
  19.104    -8.144     0.000  1
  18.445    -7.376     0.000  0
  18.445    -7.376    14.000  1
  18.245    -7.221    14.000  1
  18.245    -7.221    15.000  1
  17.845    -6.912    15.000  1
  17.845    -6.912    14.000  1
  17.645    -6.757    14.000  1
  17.645    -6.757     0.000  1
  18.445    -7.376     0.000  1
  17.645    -6.757     0.000  0
  17.645    -6.757    14.000  1
  17.418    -6.645    14.000  1
  17.418    -6.645    15.000  1
  16.964    -6.423    15.000  1
  16.964    -6.423    14.000  1
  16.737    -6.311    14.000  1
  16.737    -6.311     0.000  1
  17.645    -6.757     0.000  1
  16.737    -6.311     0.000  0
  16.737    -6.311    14.000  1
  16.492    -6.248    14.000  1
  16.492    -6.248    15.000  1
  16.002    -6.121    15.000  1
  16.002    -6.121    14.000  1
  15.757    -6.058    14.000  1
  15.757    -6.058     0.000  1
  16.737    -6.311     0.000  1
  15.757    -6.058     0.000  0
  15.757    -6.058    14.000  1
  15.505    -6.045    14.000  1
  15.505    -6.045    15.000  1
  14.999    -6.019    15.000  1
  14.999    -6.019    14.000  1
  14.747    -6.006    14.000  1
  14.747    -6.006     0.000  1
  15.757    -6.058     0.000  1
  14.747    -6.006     0.000  0
  14.747    -6.006    14.000  1
  14.497    -6.045    14.000  1
  14.497    -6.045    15.000  1
  13.997    -6.121    15.000  1
  13.997    -6.121    14.000  1
  13.747    -6.160    14.000  1
  13.747    -6.160     0.000  1
  14.747    -6.006     0.000  1
  13.747    -6.160     0.000  0
  13.747    -6.160    14.000  1
  13.510    -6.247    14.000  1
  13.510    -6.247    15.000  1
  13.035    -6.423    15.000  1
  13.035    -6.423    14.000  1
  12.798    -6.511    14.000  1
  12.798    -6.511     0.000  1
  13.747    -6.160     0.000  1
  12.798    -6.511     0.000  0
  12.798    -6.511    14.000  1
  12.583    -6.645    14.000  1
  12.583    -6.645    15.000  1
  12.154    -6.912    15.000  1
  12.154    -6.912    14.000  1
  11.939    -7.046    14.000  1
  11.939    -7.046     0.000  1
  12.798    -6.511     0.000  1
  11.939    -7.046     0.000  0
  11.939    -7.046    14.000  1
  11.756    -7.220    14.000  1
  11.756    -7.220    15.000  1
  11.390    -7.569    15.000  1
  11.390    -7.569    14.000  1
  11.206    -7.743    14.000  1
  11.206    -7.743     0.000  1
  11.939    -7.046     0.000  1
  11.206    -7.743     0.000  0
  11.206    -7.743    14.000  1
  11.062    -7.951    14.000  1
  11.062    -7.951    15.000  1
  10.773    -8.366    15.000  1
  10.773    -8.366    14.000  1
  10.628    -8.573    14.000  1
  10.628    -8.573     0.000  1
  11.206    -7.743     0.000  1
  10.628    -8.573     0.000  0
  10.628    -8.573    14.000  1
  10.529    -8.806    14.000  1
  10.529    -8.806    15.000  1
  10.329    -9.271    15.000  1
  10.329    -9.271    14.000  1
  10.229    -9.503    14.000  1
  10.229    -9.503     0.000  1
  10.628    -8.573     0.000  1
  10.229    -9.503     0.000  0
  10.229    -9.503    14.000  1
  10.178    -9.751    14.000  1
  10.178    -9.751    15.000  1
  10.077   -10.246    15.000  1
  10.077   -10.246    14.000  1
  10.026   -10.494    14.000  1
  10.026   -10.494     0.000  1
  10.229    -9.503     0.000  1
  10.026   -10.494     0.000  0
  10.026   -10.494    14.000  1
  10.026   -10.747    14.000  1
  10.026   -10.747    15.000  1
  10.026   -11.253    15.000  1
  10.026   -11.253    14.000  1
  10.026   -11.506    14.000  1
  10.026   -11.506     0.000  1
  10.026   -10.494     0.000  1
  10.026   -11.506     0.000  0
  10.026   -11.506    14.000  1
  10.077   -11.754    14.000  1
  10.077   -11.754    15.000  1
  10.178   -12.249    15.000  1
  10.178   -12.249    14.000  1
  10.229   -12.497    14.000  1
  10.229   -12.497     0.000  1
  10.026   -11.506     0.000  1
  10.229   -12.497     0.000  0
  10.229   -12.497    14.000  1
  10.329   -12.729    14.000  1
  10.329   -12.729    15.000  1
  10.529   -13.194    15.000  1
  10.529   -13.194    14.000  1
  10.628   -13.427    14.000  1
  10.628   -13.427     0.000  1
  10.229   -12.497     0.000  1
  10.628   -13.427     0.000  0
  10.628   -13.427    14.000  1
  10.773   -13.634    14.000  1
  10.773   -13.634    15.000  1
  11.062   -14.049    15.000  1
  11.062   -14.049    14.000  1
  11.206   -14.257    14.000  1
  11.206   -14.257     0.000  1
  10.628   -13.427     0.000  1
  11.206   -14.257     0.000  0
  11.206   -14.257    14.000  1
  11.390   -14.431    14.000  1
  11.390   -14.431    15.000  1
  11.756   -14.780    15.000  1
  11.756   -14.780    14.000  1
  11.939   -14.954    14.000  1
  11.939   -14.954     0.000  1
  11.206   -14.257     0.000  1
  11.939   -14.954     0.000  0
  11.939   -14.954    14.000  1
  12.154   -15.088    14.000  1
  12.154   -15.088    15.000  1
  12.583   -15.355    15.000  1
  12.583   -15.355    14.000  1
  12.798   -15.489    14.000  1
  12.798   -15.489     0.000  1
  11.939   -14.954     0.000  1
  12.798   -15.489     0.000  0
  12.798   -15.489    14.000  1
  13.035   -15.577    14.000  1
  13.035   -15.577    15.000  1
  13.510   -15.753    15.000  1
  13.510   -15.753    14.000  1
  13.747   -15.840    14.000  1
  13.747   -15.840     0.000  1
  12.798   -15.489     0.000  1
  13.747   -15.840     0.000  0
  13.747   -15.840    14.000  1
  13.997   -15.879    14.000  1
  13.997   -15.879    15.000  1
  14.497   -15.955    15.000  1
  14.497   -15.955    14.000  1
  14.747   -15.994    14.000  1
  14.747   -15.994     0.000  1
  13.747   -15.840     0.000  1
  14.747   -15.994     0.000  0
  14.747   -15.994    14.000  1
  14.999   -15.981    14.000  1
  14.999   -15.981    15.000  1
  15.505   -15.955    15.000  1
  15.505   -15.955    14.000  1
  15.757   -15.942    14.000  1
  15.757   -15.942     0.000  1
  14.747   -15.994     0.000  1
  15.757   -15.942     0.000  0
  15.757   -15.942    14.000  1
  16.002   -15.879    14.000  1
  16.002   -15.879    15.000  1
  16.492   -15.752    15.000  1
  16.492   -15.752    14.000  1
  16.737   -15.689    14.000  1
  16.737   -15.689     0.000  1
  15.757   -15.942     0.000  1
  16.737   -15.689     0.000  0
  16.737   -15.689    14.000  1
  16.964   -15.577    14.000  1
  16.964   -15.577    15.000  1
  17.418   -15.355    15.000  1
  17.418   -15.355    14.000  1
  17.645   -15.243    14.000  1
  17.645   -15.243     0.000  1
  16.737   -15.689     0.000  1
  17.645   -15.243     0.000  0
  17.645   -15.243    14.000  1
  17.845   -15.088    14.000  1
  17.845   -15.088    15.000  1
  18.245   -14.779    15.000  1
  18.245   -14.779    14.000  1
  18.445   -14.624    14.000  1
  18.445   -14.624     0.000  1
  17.645   -15.243     0.000  1
  18.445   -14.624     0.000  0
  18.445   -14.624    14.000  1
  18.610   -14.432    14.000  1
  18.610   -14.432    15.000  1
  18.939   -14.048    15.000  1
  18.939   -14.048    14.000  1
  19.104   -13.856    14.000  1
  19.104   -13.856     0.000  1
  18.445   -14.624     0.000  1
  19.104   -13.856     0.000  0
  19.104   -13.856    14.000  1
  19.227   -13.635    14.000  1
  19.227   -13.635    15.000  1
  19.472   -13.193    15.000  1
  19.472   -13.193    14.000  1
  19.595   -12.972    14.000  1
  19.595   -12.972     0.000  1
  19.104   -13.856     0.000  1
  19.595   -12.972     0.000  0
  19.595   -12.972    14.000  1
  19.671   -12.730    14.000  1
  19.671   -12.730    15.000  1
  19.822   -12.248    15.000  1
  19.822   -12.248    14.000  1
  19.898   -12.006    14.000  1
  19.898   -12.006     0.000  1
  19.595   -12.972     0.000  1
  19.898   -12.006     0.000  0
  19.898   -12.006    14.000  1
  19.923   -11.755    14.000  1
  19.923   -11.755    15.000  1
  19.974   -11.252    15.000  1
  19.974   -11.252    14.000  1
  20.000   -11.000    14.000  1
  20.000   -11.000     0.000  1
  19.898   -12.006     0.000  1
  27.000   -11.000     0.000  0
  27.000   -11.000    10.000  1
  26.933   -10.750    10.000  1
  26.933   -10.750    11.000  1
  26.799   -10.250    11.000  1
  26.799   -10.250    10.000  1
  26.732   -10.000    10.000  1
  26.732   -10.000     0.000  1
  27.000   -11.000     0.000  1
  26.732   -10.000     0.000  0
  26.732   -10.000    10.000  1
  26.549    -9.817    10.000  1
  26.549    -9.817    11.000  1
  26.183    -9.451    11.000  1
  26.183    -9.451    10.000  1
  26.000    -9.268    10.000  1
  26.000    -9.268     0.000  1
  26.732   -10.000     0.000  1
  26.000    -9.268     0.000  0
  26.000    -9.268    10.000  1
  25.750    -9.201    10.000  1
  25.750    -9.201    11.000  1
  25.250    -9.067    11.000  1
  25.250    -9.067    10.000  1
  25.000    -9.000    10.000  1
  25.000    -9.000     0.000  1
  26.000    -9.268     0.000  1
  25.000    -9.000     0.000  0
  25.000    -9.000    10.000  1
  24.750    -9.067    10.000  1
  24.750    -9.067    11.000  1
  24.250    -9.201    11.000  1
  24.250    -9.201    10.000  1
  24.000    -9.268    10.000  1
  24.000    -9.268     0.000  1
  25.000    -9.000     0.000  1
  24.000    -9.268     0.000  0
  24.000    -9.268    10.000  1
  23.817    -9.451    10.000  1
  23.817    -9.451    11.000  1
  23.451    -9.817    11.000  1
  23.451    -9.817    10.000  1
  23.268   -10.000    10.000  1
  23.268   -10.000     0.000  1
  24.000    -9.268     0.000  1
  23.268   -10.000     0.000  0
  23.268   -10.000    10.000  1
  23.201   -10.250    10.000  1
  23.201   -10.250    11.000  1
  23.067   -10.750    11.000  1
  23.067   -10.750    10.000  1
  23.000   -11.000    10.000  1
  23.000   -11.000     0.000  1
  23.268   -10.000     0.000  1
  23.000   -11.000     0.000  0
  23.000   -11.000    10.000  1
  23.067   -11.250    10.000  1
  23.067   -11.250    11.000  1
  23.201   -11.750    11.000  1
  23.201   -11.750    10.000  1
  23.268   -12.000    10.000  1
  23.268   -12.000     0.000  1
  23.000   -11.000     0.000  1
  23.268   -12.000     0.000  0
  23.268   -12.000    10.000  1
  23.451   -12.183    10.000  1
  23.451   -12.183    11.000  1
  23.817   -12.549    11.000  1
  23.817   -12.549    10.000  1
  24.000   -12.732    10.000  1
  24.000   -12.732     0.000  1
  23.268   -12.000     0.000  1
  24.000   -12.732     0.000  0
  24.000   -12.732    10.000  1
  24.250   -12.799    10.000  1
  24.250   -12.799    11.000  1
  24.750   -12.933    11.000  1
  24.750   -12.933    10.000  1
  25.000   -13.000    10.000  1
  25.000   -13.000     0.000  1
  24.000   -12.732     0.000  1
  25.000   -13.000     0.000  0
  25.000   -13.000    10.000  1
  25.250   -12.933    10.000  1
  25.250   -12.933    11.000  1
  25.750   -12.799    11.000  1
  25.750   -12.799    10.000  1
  26.000   -12.732    10.000  1
  26.000   -12.732     0.000  1
  25.000   -13.000     0.000  1
  26.000   -12.732     0.000  0
  26.000   -12.732    10.000  1
  26.183   -12.549    10.000  1
  26.183   -12.549    11.000  1
  26.549   -12.183    11.000  1
  26.549   -12.183    10.000  1
  26.732   -12.000    10.000  1
  26.732   -12.000     0.000  1
  26.000   -12.732     0.000  1
  26.732   -12.000     0.000  0
  26.732   -12.000    10.000  1
  26.799   -11.750    10.000  1
  26.799   -11.750    11.000  1
  26.933   -11.250    11.000  1
  26.933   -11.250    10.000  1
  27.000   -11.000    10.000  1
  27.000   -11.000     0.000  1
  26.732   -12.000     0.000  1
  30.000    25.000     0.000  0
  30.000    25.000    10.000  1
  29.974    25.252    10.000  1
  29.974    25.252    11.000  1
  29.923    25.755    11.000  1
  29.923    25.755    10.000  1
  29.898    26.006    10.000  1
  29.898    26.006     0.000  1
  30.000    25.000     0.000  1
  29.898    26.006     0.000  0
  29.898    26.006    10.000  1
  29.822    26.248    10.000  1
  29.822    26.248    11.000  1
  29.671    26.730    11.000  1
  29.671    26.730    10.000  1
  29.595    26.972    10.000  1
  29.595    26.972     0.000  1
  29.898    26.006     0.000  1
  29.595    26.972     0.000  0
  29.595    26.972    10.000  1
  29.472    27.193    10.000  1
  29.472    27.193    11.000  1
  29.227    27.635    11.000  1
  29.227    27.635    10.000  1
  29.104    27.856    10.000  1
  29.104    27.856     0.000  1
  29.595    26.972     0.000  1
  29.104    27.856     0.000  0
  29.104    27.856    10.000  1
  28.939    28.048    10.000  1
  28.939    28.048    11.000  1
  28.610    28.432    11.000  1
  28.610    28.432    10.000  1
  28.445    28.624    10.000  1
  28.445    28.624     0.000  1
  29.104    27.856     0.000  1
  28.445    28.624     0.000  0
  28.445    28.624    10.000  1
  28.245    28.779    10.000  1
  28.245    28.779    11.000  1
  27.845    29.088    11.000  1
  27.845    29.088    10.000  1
  27.645    29.243    10.000  1
  27.645    29.243     0.000  1
  28.445    28.624     0.000  1
  27.645    29.243     0.000  0
  27.645    29.243    10.000  1
  27.418    29.355    10.000  1
  27.418    29.355    11.000  1
  26.964    29.577    11.000  1
  26.964    29.577    10.000  1
  26.737    29.689    10.000  1
  26.737    29.689     0.000  1
  27.645    29.243     0.000  1
  26.737    29.689     0.000  0
  26.737    29.689    10.000  1
  26.492    29.752    10.000  1
  26.492    29.752    11.000  1
  26.002    29.879    11.000  1
  26.002    29.879    10.000  1
  25.757    29.942    10.000  1
  25.757    29.942     0.000  1
  26.737    29.689     0.000  1
  25.757    29.942     0.000  0
  25.757    29.942    10.000  1
  25.505    29.955    10.000  1
  25.505    29.955    11.000  1
  24.999    29.981    11.000  1
  24.999    29.981    10.000  1
  24.747    29.994    10.000  1
  24.747    29.994     0.000  1
  25.757    29.942     0.000  1
  24.747    29.994     0.000  0
  24.747    29.994    10.000  1
  24.497    29.955    10.000  1
  24.497    29.955    11.000  1
  23.997    29.879    11.000  1
  23.997    29.879    10.000  1
  23.747    29.840    10.000  1
  23.747    29.840     0.000  1
  24.747    29.994     0.000  1
  23.747    29.840     0.000  0
  23.747    29.840    10.000  1
  23.510    29.753    10.000  1
  23.510    29.753    11.000  1
  23.035    29.577    11.000  1
  23.035    29.577    10.000  1
  22.798    29.489    10.000  1
  22.798    29.489     0.000  1
  23.747    29.840     0.000  1
  22.798    29.489     0.000  0
  22.798    29.489    10.000  1
  22.583    29.355    10.000  1
  22.583    29.355    11.000  1
  22.154    29.088    11.000  1
  22.154    29.088    10.000  1
  21.939    28.954    10.000  1
  21.939    28.954     0.000  1
  22.798    29.489     0.000  1
  21.939    28.954     0.000  0
  21.939    28.954    10.000  1
  21.756    28.780    10.000  1
  21.756    28.780    11.000  1
  21.390    28.431    11.000  1
  21.390    28.431    10.000  1
  21.206    28.257    10.000  1
  21.206    28.257     0.000  1
  21.939    28.954     0.000  1
  21.206    28.257     0.000  0
  21.206    28.257    10.000  1
  21.062    28.049    10.000  1
  21.062    28.049    11.000  1
  20.773    27.634    11.000  1
  20.773    27.634    10.000  1
  20.628    27.427    10.000  1
  20.628    27.427     0.000  1
  21.206    28.257     0.000  1
  20.628    27.427     0.000  0
  20.628    27.427    10.000  1
  20.529    27.194    10.000  1
  20.529    27.194    11.000  1
  20.329    26.729    11.000  1
  20.329    26.729    10.000  1
  20.229    26.497    10.000  1
  20.229    26.497     0.000  1
  20.628    27.427     0.000  1
  20.229    26.497     0.000  0
  20.229    26.497    10.000  1
  20.178    26.249    10.000  1
  20.178    26.249    11.000  1
  20.077    25.754    11.000  1
  20.077    25.754    10.000  1
  20.026    25.506    10.000  1
  20.026    25.506     0.000  1
  20.229    26.497     0.000  1
  20.026    25.506     0.000  0
  20.026    25.506    10.000  1
  20.026    25.253    10.000  1
  20.026    25.253    11.000  1
  20.026    24.747    11.000  1
  20.026    24.747    10.000  1
  20.026    24.494    10.000  1
  20.026    24.494     0.000  1
  20.026    25.506     0.000  1
  20.026    24.494     0.000  0
  20.026    24.494    10.000  1
  20.077    24.246    10.000  1
  20.077    24.246    11.000  1
  20.178    23.751    11.000  1
  20.178    23.751    10.000  1
  20.229    23.503    10.000  1
  20.229    23.503     0.000  1
  20.026    24.494     0.000  1
  20.229    23.503     0.000  0
  20.229    23.503    10.000  1
  20.329    23.271    10.000  1
  20.329    23.271    11.000  1
  20.529    22.806    11.000  1
  20.529    22.806    10.000  1
  20.628    22.573    10.000  1
  20.628    22.573     0.000  1
  20.229    23.503     0.000  1
  20.628    22.573     0.000  0
  20.628    22.573    10.000  1
  20.773    22.366    10.000  1
  20.773    22.366    11.000  1
  21.062    21.951    11.000  1
  21.062    21.951    10.000  1
  21.206    21.743    10.000  1
  21.206    21.743     0.000  1
  20.628    22.573     0.000  1
  21.206    21.743     0.000  0
  21.206    21.743    10.000  1
  21.390    21.569    10.000  1
  21.390    21.569    11.000  1
  21.756    21.220    11.000  1
  21.756    21.220    10.000  1
  21.939    21.046    10.000  1
  21.939    21.046     0.000  1
  21.206    21.743     0.000  1
  21.939    21.046     0.000  0
  21.939    21.046    10.000  1
  22.154    20.912    10.000  1
  22.154    20.912    11.000  1
  22.583    20.645    11.000  1
  22.583    20.645    10.000  1
  22.798    20.511    10.000  1
  22.798    20.511     0.000  1
  21.939    21.046     0.000  1
  22.798    20.511     0.000  0
  22.798    20.511    10.000  1
  23.035    20.423    10.000  1
  23.035    20.423    11.000  1
  23.510    20.247    11.000  1
  23.510    20.247    10.000  1
  23.747    20.160    10.000  1
  23.747    20.160     0.000  1
  22.798    20.511     0.000  1
  23.747    20.160     0.000  0
  23.747    20.160    10.000  1
  23.997    20.121    10.000  1
  23.997    20.121    11.000  1
  24.497    20.045    11.000  1
  24.497    20.045    10.000  1
  24.747    20.006    10.000  1
  24.747    20.006     0.000  1
  23.747    20.160     0.000  1
  24.747    20.006     0.000  0
  24.747    20.006    10.000  1
  24.999    20.019    10.000  1
  24.999    20.019    11.000  1
  25.505    20.045    11.000  1
  25.505    20.045    10.000  1
  25.757    20.058    10.000  1
  25.757    20.058     0.000  1
  24.747    20.006     0.000  1
  25.757    20.058     0.000  0
  25.757    20.058    10.000  1
  26.002    20.121    10.000  1
  26.002    20.121    11.000  1
  26.492    20.248    11.000  1
  26.492    20.248    10.000  1
  26.737    20.311    10.000  1
  26.737    20.311     0.000  1
  25.757    20.058     0.000  1
  26.737    20.311     0.000  0
  26.737    20.311    10.000  1
  26.964    20.423    10.000  1
  26.964    20.423    11.000  1
  27.418    20.645    11.000  1
  27.418    20.645    10.000  1
  27.645    20.757    10.000  1
  27.645    20.757     0.000  1
  26.737    20.311     0.000  1
  27.645    20.757     0.000  0
  27.645    20.757    10.000  1
  27.845    20.912    10.000  1
  27.845    20.912    11.000  1
  28.245    21.221    11.000  1
  28.245    21.221    10.000  1
  28.445    21.376    10.000  1
  28.445    21.376     0.000  1
  27.645    20.757     0.000  1
  28.445    21.376     0.000  0
  28.445    21.376    10.000  1
  28.610    21.568    10.000  1
  28.610    21.568    11.000  1
  28.939    21.952    11.000  1
  28.939    21.952    10.000  1
  29.104    22.144    10.000  1
  29.104    22.144     0.000  1
  28.445    21.376     0.000  1
  29.104    22.144     0.000  0
  29.104    22.144    10.000  1
  29.227    22.365    10.000  1
  29.227    22.365    11.000  1
  29.472    22.807    11.000  1
  29.472    22.807    10.000  1
  29.595    23.028    10.000  1
  29.595    23.028     0.000  1
  29.104    22.144     0.000  1
  29.595    23.028     0.000  0
  29.595    23.028    10.000  1
  29.671    23.270    10.000  1
  29.671    23.270    11.000  1
  29.822    23.752    11.000  1
  29.822    23.752    10.000  1
  29.898    23.994    10.000  1
  29.898    23.994     0.000  1
  29.595    23.028     0.000  1
  29.898    23.994     0.000  0
  29.898    23.994    10.000  1
  29.923    24.245    10.000  1
  29.923    24.245    11.000  1
  29.974    24.748    11.000  1
  29.974    24.748    10.000  1
  30.000    25.000    10.000  1
  30.000    25.000     0.000  1
  29.898    23.994     0.000  1
 -15.000    25.000     0.000  0
 -15.000    25.000    10.000  1
 -15.026    25.252    10.000  1
 -15.026    25.252    11.000  1
 -15.077    25.755    11.000  1
 -15.077    25.755    10.000  1
 -15.102    26.006    10.000  1
 -15.102    26.006     0.000  1
 -15.000    25.000     0.000  1
 -15.102    26.006     0.000  0
 -15.102    26.006    10.000  1
 -15.178    26.248    10.000  1
 -15.178    26.248    11.000  1
 -15.329    26.730    11.000  1
 -15.329    26.730    10.000  1
 -15.405    26.972    10.000  1
 -15.405    26.972     0.000  1
 -15.102    26.006     0.000  1
 -15.405    26.972     0.000  0
 -15.405    26.972    10.000  1
 -15.528    27.193    10.000  1
 -15.528    27.193    11.000  1
 -15.773    27.635    11.000  1
 -15.773    27.635    10.000  1
 -15.896    27.856    10.000  1
 -15.896    27.856     0.000  1
 -15.405    26.972     0.000  1
 -15.896    27.856     0.000  0
 -15.896    27.856    10.000  1
 -16.061    28.048    10.000  1
 -16.061    28.048    11.000  1
 -16.390    28.432    11.000  1
 -16.390    28.432    10.000  1
 -16.555    28.624    10.000  1
 -16.555    28.624     0.000  1
 -15.896    27.856     0.000  1
 -16.555    28.624     0.000  0
 -16.555    28.624    10.000  1
 -16.755    28.779    10.000  1
 -16.755    28.779    11.000  1
 -17.155    29.088    11.000  1
 -17.155    29.088    10.000  1
 -17.355    29.243    10.000  1
 -17.355    29.243     0.000  1
 -16.555    28.624     0.000  1
 -17.355    29.243     0.000  0
 -17.355    29.243    10.000  1
 -17.582    29.355    10.000  1
 -17.582    29.355    11.000  1
 -18.036    29.577    11.000  1
 -18.036    29.577    10.000  1
 -18.263    29.689    10.000  1
 -18.263    29.689     0.000  1
 -17.355    29.243     0.000  1
 -18.263    29.689     0.000  0
 -18.263    29.689    10.000  1
 -18.508    29.752    10.000  1
 -18.508    29.752    11.000  1
 -18.998    29.879    11.000  1
 -18.998    29.879    10.000  1
 -19.243    29.942    10.000  1
 -19.243    29.942     0.000  1
 -18.263    29.689     0.000  1
 -19.243    29.942     0.000  0
 -19.243    29.942    10.000  1
 -19.495    29.955    10.000  1
 -19.495    29.955    11.000  1
 -20.001    29.981    11.000  1
 -20.001    29.981    10.000  1
 -20.253    29.994    10.000  1
 -20.253    29.994     0.000  1
 -19.243    29.942     0.000  1
 -20.253    29.994     0.000  0
 -20.253    29.994    10.000  1
 -20.503    29.955    10.000  1
 -20.503    29.955    11.000  1
 -21.003    29.879    11.000  1
 -21.003    29.879    10.000  1
 -21.253    29.840    10.000  1
 -21.253    29.840     0.000  1
 -20.253    29.994     0.000  1
 -21.253    29.840     0.000  0
 -21.253    29.840    10.000  1
 -21.490    29.753    10.000  1
 -21.490    29.753    11.000  1
 -21.965    29.577    11.000  1
 -21.965    29.577    10.000  1
 -22.202    29.489    10.000  1
 -22.202    29.489     0.000  1
 -21.253    29.840     0.000  1
 -22.202    29.489     0.000  0
 -22.202    29.489    10.000  1
 -22.417    29.355    10.000  1
 -22.417    29.355    11.000  1
 -22.846    29.088    11.000  1
 -22.846    29.088    10.000  1
 -23.061    28.954    10.000  1
 -23.061    28.954     0.000  1
 -22.202    29.489     0.000  1
 -23.061    28.954     0.000  0
 -23.061    28.954    10.000  1
 -23.244    28.780    10.000  1
 -23.244    28.780    11.000  1
 -23.610    28.431    11.000  1
 -23.610    28.431    10.000  1
 -23.794    28.257    10.000  1
 -23.794    28.257     0.000  1
 -23.061    28.954     0.000  1
 -23.794    28.257     0.000  0
 -23.794    28.257    10.000  1
 -23.938    28.049    10.000  1
 -23.938    28.049    11.000  1
 -24.227    27.634    11.000  1
 -24.227    27.634    10.000  1
 -24.372    27.427    10.000  1
 -24.372    27.427     0.000  1
 -23.794    28.257     0.000  1
 -24.372    27.427     0.000  0
 -24.372    27.427    10.000  1
 -24.471    27.194    10.000  1
 -24.471    27.194    11.000  1
 -24.671    26.729    11.000  1
 -24.671    26.729    10.000  1
 -24.771    26.497    10.000  1
 -24.771    26.497     0.000  1
 -24.372    27.427     0.000  1
 -24.771    26.497     0.000  0
 -24.771    26.497    10.000  1
 -24.822    26.249    10.000  1
 -24.822    26.249    11.000  1
 -24.923    25.754    11.000  1
 -24.923    25.754    10.000  1
 -24.974    25.506    10.000  1
 -24.974    25.506     0.000  1
 -24.771    26.497     0.000  1
 -24.974    25.506     0.000  0
 -24.974    25.506    10.000  1
 -24.974    25.253    10.000  1
 -24.974    25.253    11.000  1
 -24.974    24.747    11.000  1
 -24.974    24.747    10.000  1
 -24.974    24.494    10.000  1
 -24.974    24.494     0.000  1
 -24.974    25.506     0.000  1
 -24.974    24.494     0.000  0
 -24.974    24.494    10.000  1
 -24.923    24.246    10.000  1
 -24.923    24.246    11.000  1
 -24.822    23.751    11.000  1
 -24.822    23.751    10.000  1
 -24.771    23.503    10.000  1
 -24.771    23.503     0.000  1
 -24.974    24.494     0.000  1
 -24.771    23.503     0.000  0
 -24.771    23.503    10.000  1
 -24.671    23.271    10.000  1
 -24.671    23.271    11.000  1
 -24.471    22.806    11.000  1
 -24.471    22.806    10.000  1
 -24.372    22.573    10.000  1
 -24.372    22.573     0.000  1
 -24.771    23.503     0.000  1
 -24.372    22.573     0.000  0
 -24.372    22.573    10.000  1
 -24.227    22.366    10.000  1
 -24.227    22.366    11.000  1
 -23.938    21.951    11.000  1
 -23.938    21.951    10.000  1
 -23.794    21.743    10.000  1
 -23.794    21.743     0.000  1
 -24.372    22.573     0.000  1
 -23.794    21.743     0.000  0
 -23.794    21.743    10.000  1
 -23.610    21.569    10.000  1
 -23.610    21.569    11.000  1
 -23.244    21.220    11.000  1
 -23.244    21.220    10.000  1
 -23.061    21.046    10.000  1
 -23.061    21.046     0.000  1
 -23.794    21.743     0.000  1
 -23.061    21.046     0.000  0
 -23.061    21.046    10.000  1
 -22.846    20.912    10.000  1
 -22.846    20.912    11.000  1
 -22.417    20.645    11.000  1
 -22.417    20.645    10.000  1
 -22.202    20.511    10.000  1
 -22.202    20.511     0.000  1
 -23.061    21.046     0.000  1
 -22.202    20.511     0.000  0
 -22.202    20.511    10.000  1
 -21.965    20.423    10.000  1
 -21.965    20.423    11.000  1
 -21.490    20.247    11.000  1
 -21.490    20.247    10.000  1
 -21.253    20.160    10.000  1
 -21.253    20.160     0.000  1
 -22.202    20.511     0.000  1
 -21.253    20.160     0.000  0
 -21.253    20.160    10.000  1
 -21.003    20.121    10.000  1
 -21.003    20.121    11.000  1
 -20.503    20.045    11.000  1
 -20.503    20.045    10.000  1
 -20.253    20.006    10.000  1
 -20.253    20.006     0.000  1
 -21.253    20.160     0.000  1
 -20.253    20.006     0.000  0
 -20.253    20.006    10.000  1
 -20.001    20.019    10.000  1
 -20.001    20.019    11.000  1
 -19.495    20.045    11.000  1
 -19.495    20.045    10.000  1
 -19.243    20.058    10.000  1
 -19.243    20.058     0.000  1
 -20.253    20.006     0.000  1
 -19.243    20.058     0.000  0
 -19.243    20.058    10.000  1
 -18.998    20.121    10.000  1
 -18.998    20.121    11.000  1
 -18.508    20.248    11.000  1
 -18.508    20.248    10.000  1
 -18.263    20.311    10.000  1
 -18.263    20.311     0.000  1
 -19.243    20.058     0.000  1
 -18.263    20.311     0.000  0
 -18.263    20.311    10.000  1
 -18.036    20.423    10.000  1
 -18.036    20.423    11.000  1
 -17.582    20.645    11.000  1
 -17.582    20.645    10.000  1
 -17.355    20.757    10.000  1
 -17.355    20.757     0.000  1
 -18.263    20.311     0.000  1
 -17.355    20.757     0.000  0
 -17.355    20.757    10.000  1
 -17.155    20.912    10.000  1
 -17.155    20.912    11.000  1
 -16.755    21.221    11.000  1
 -16.755    21.221    10.000  1
 -16.555    21.376    10.000  1
 -16.555    21.376     0.000  1
 -17.355    20.757     0.000  1
 -16.555    21.376     0.000  0
 -16.555    21.376    10.000  1
 -16.390    21.568    10.000  1
 -16.390    21.568    11.000  1
 -16.061    21.952    11.000  1
 -16.061    21.952    10.000  1
 -15.896    22.144    10.000  1
 -15.896    22.144     0.000  1
 -16.555    21.376     0.000  1
 -15.896    22.144     0.000  0
 -15.896    22.144    10.000  1
 -15.773    22.365    10.000  1
 -15.773    22.365    11.000  1
 -15.528    22.807    11.000  1
 -15.528    22.807    10.000  1
 -15.405    23.028    10.000  1
 -15.405    23.028     0.000  1
 -15.896    22.144     0.000  1
 -15.405    23.028     0.000  0
 -15.405    23.028    10.000  1
 -15.329    23.270    10.000  1
 -15.329    23.270    11.000  1
 -15.178    23.752    11.000  1
 -15.178    23.752    10.000  1
 -15.102    23.994    10.000  1
 -15.102    23.994     0.000  1
 -15.405    23.028     0.000  1
 -15.102    23.994     0.000  0
 -15.102    23.994    10.000  1
 -15.077    24.245    10.000  1
 -15.077    24.245    11.000  1
 -15.026    24.748    11.000  1
 -15.026    24.748    10.000  1
 -15.000    25.000    10.000  1
 -15.000    25.000     0.000  1
 -15.102    23.994     0.000  1
 -18.000    -1.000     0.000  0
 -18.000    -1.000    10.000  1
 -18.067    -0.750    10.000  1
 -18.067    -0.750    11.000  1
 -18.201    -0.250    11.000  1
 -18.201    -0.250    10.000  1
 -18.268     0.000    10.000  1
 -18.268     0.000     0.000  1
 -18.000    -1.000     0.000  1
 -18.268     0.000     0.000  0
 -18.268     0.000    10.000  1
 -18.451     0.183    10.000  1
 -18.451     0.183    11.000  1
 -18.817     0.549    11.000  1
 -18.817     0.549    10.000  1
 -19.000     0.732    10.000  1
 -19.000     0.732     0.000  1
 -18.268     0.000     0.000  1
 -19.000     0.732     0.000  0
 -19.000     0.732    10.000  1
 -19.250     0.799    10.000  1
 -19.250     0.799    11.000  1
 -19.750     0.933    11.000  1
 -19.750     0.933    10.000  1
 -20.000     1.000    10.000  1
 -20.000     1.000     0.000  1
 -19.000     0.732     0.000  1
 -20.000     1.000     0.000  0
 -20.000     1.000    10.000  1
 -20.250     0.933    10.000  1
 -20.250     0.933    11.000  1
 -20.750     0.799    11.000  1
 -20.750     0.799    10.000  1
 -21.000     0.732    10.000  1
 -21.000     0.732     0.000  1
 -20.000     1.000     0.000  1
 -21.000     0.732     0.000  0
 -21.000     0.732    10.000  1
 -21.183     0.549    10.000  1
 -21.183     0.549    11.000  1
 -21.549     0.183    11.000  1
 -21.549     0.183    10.000  1
 -21.732     0.000    10.000  1
 -21.732     0.000     0.000  1
 -21.000     0.732     0.000  1
 -21.732     0.000     0.000  0
 -21.732     0.000    10.000  1
 -21.799    -0.250    10.000  1
 -21.799    -0.250    11.000  1
 -21.933    -0.750    11.000  1
 -21.933    -0.750    10.000  1
 -22.000    -1.000    10.000  1
 -22.000    -1.000     0.000  1
 -21.732     0.000     0.000  1
 -22.000    -1.000     0.000  0
 -22.000    -1.000    10.000  1
 -21.933    -1.250    10.000  1
 -21.933    -1.250    11.000  1
 -21.799    -1.750    11.000  1
 -21.799    -1.750    10.000  1
 -21.732    -2.000    10.000  1
 -21.732    -2.000     0.000  1
 -22.000    -1.000     0.000  1
 -21.732    -2.000     0.000  0
 -21.732    -2.000    10.000  1
 -21.549    -2.183    10.000  1
 -21.549    -2.183    11.000  1
 -21.183    -2.549    11.000  1
 -21.183    -2.549    10.000  1
 -21.000    -2.732    10.000  1
 -21.000    -2.732     0.000  1
 -21.732    -2.000     0.000  1
 -21.000    -2.732     0.000  0
 -21.000    -2.732    10.000  1
 -20.750    -2.799    10.000  1
 -20.750    -2.799    11.000  1
 -20.250    -2.933    11.000  1
 -20.250    -2.933    10.000  1
 -20.000    -3.000    10.000  1
 -20.000    -3.000     0.000  1
 -21.000    -2.732     0.000  1
 -20.000    -3.000     0.000  0
 -20.000    -3.000    10.000  1
 -19.750    -2.933    10.000  1
 -19.750    -2.933    11.000  1
 -19.250    -2.799    11.000  1
 -19.250    -2.799    10.000  1
 -19.000    -2.732    10.000  1
 -19.000    -2.732     0.000  1
 -20.000    -3.000     0.000  1
 -19.000    -2.732     0.000  0
 -19.000    -2.732    10.000  1
 -18.817    -2.549    10.000  1
 -18.817    -2.549    11.000  1
 -18.451    -2.183    11.000  1
 -18.451    -2.183    10.000  1
 -18.268    -2.000    10.000  1
 -18.268    -2.000     0.000  1
 -19.000    -2.732     0.000  1
 -18.268    -2.000     0.000  0
 -18.268    -2.000    10.000  1
 -18.201    -1.750    10.000  1
 -18.201    -1.750    11.000  1
 -18.067    -1.250    11.000  1
 -18.067    -1.250    10.000  1
 -18.000    -1.000    10.000  1
 -18.000    -1.000     0.000  1
 -18.268    -2.000     0.000  1
  -8.000   -11.000     0.000  0
  -8.000   -11.000    10.000  1
  -8.067   -10.750    10.000  1
  -8.067   -10.750    11.000  1
  -8.201   -10.250    11.000  1
  -8.201   -10.250    10.000  1
  -8.268   -10.000    10.000  1
  -8.268   -10.000     0.000  1
  -8.000   -11.000     0.000  1
  -8.268   -10.000     0.000  0
  -8.268   -10.000    10.000  1
  -8.451    -9.817    10.000  1
  -8.451    -9.817    11.000  1
  -8.817    -9.451    11.000  1
  -8.817    -9.451    10.000  1
  -9.000    -9.268    10.000  1
  -9.000    -9.268     0.000  1
  -8.268   -10.000     0.000  1
  -9.000    -9.268     0.000  0
  -9.000    -9.268    10.000  1
  -9.250    -9.201    10.000  1
  -9.250    -9.201    11.000  1
  -9.750    -9.067    11.000  1
  -9.750    -9.067    10.000  1
 -10.000    -9.000    10.000  1
 -10.000    -9.000     0.000  1
  -9.000    -9.268     0.000  1
 -10.000    -9.000     0.000  0
 -10.000    -9.000    10.000  1
 -10.250    -9.067    10.000  1
 -10.250    -9.067    11.000  1
 -10.750    -9.201    11.000  1
 -10.750    -9.201    10.000  1
 -11.000    -9.268    10.000  1
 -11.000    -9.268     0.000  1
 -10.000    -9.000     0.000  1
 -11.000    -9.268     0.000  0
 -11.000    -9.268    10.000  1
 -11.183    -9.451    10.000  1
 -11.183    -9.451    11.000  1
 -11.549    -9.817    11.000  1
 -11.549    -9.817    10.000  1
 -11.732   -10.000    10.000  1
 -11.732   -10.000     0.000  1
 -11.000    -9.268     0.000  1
 -11.732   -10.000     0.000  0
 -11.732   -10.000    10.000  1
 -11.799   -10.250    10.000  1
 -11.799   -10.250    11.000  1
 -11.933   -10.750    11.000  1
 -11.933   -10.750    10.000  1
 -12.000   -11.000    10.000  1
 -12.000   -11.000     0.000  1
 -11.732   -10.000     0.000  1
 -12.000   -11.000     0.000  0
 -12.000   -11.000    10.000  1
 -11.933   -11.250    10.000  1
 -11.933   -11.250    11.000  1
 -11.799   -11.750    11.000  1
 -11.799   -11.750    10.000  1
 -11.732   -12.000    10.000  1
 -11.732   -12.000     0.000  1
 -12.000   -11.000     0.000  1
 -11.732   -12.000     0.000  0
 -11.732   -12.000    10.000  1
 -11.549   -12.183    10.000  1
 -11.549   -12.183    11.000  1
 -11.183   -12.549    11.000  1
 -11.183   -12.549    10.000  1
 -11.000   -12.732    10.000  1
 -11.000   -12.732     0.000  1
 -11.732   -12.000     0.000  1
 -11.000   -12.732     0.000  0
 -11.000   -12.732    10.000  1
 -10.750   -12.799    10.000  1
 -10.750   -12.799    11.000  1
 -10.250   -12.933    11.000  1
 -10.250   -12.933    10.000  1
 -10.000   -13.000    10.000  1
 -10.000   -13.000     0.000  1
 -11.000   -12.732     0.000  1
 -10.000   -13.000     0.000  0
 -10.000   -13.000    10.000  1
  -9.750   -12.933    10.000  1
  -9.750   -12.933    11.000  1
  -9.250   -12.799    11.000  1
  -9.250   -12.799    10.000  1
  -9.000   -12.732    10.000  1
  -9.000   -12.732     0.000  1
 -10.000   -13.000     0.000  1
  -9.000   -12.732     0.000  0
  -9.000   -12.732    10.000  1
  -8.817   -12.549    10.000  1
  -8.817   -12.549    11.000  1
  -8.451   -12.183    11.000  1
  -8.451   -12.183    10.000  1
  -8.268   -12.000    10.000  1
  -8.268   -12.000     0.000  1
  -9.000   -12.732     0.000  1
  -8.268   -12.000     0.000  0
  -8.268   -12.000    10.000  1
  -8.201   -11.750    10.000  1
  -8.201   -11.750    11.000  1
  -8.067   -11.250    11.000  1
  -8.067   -11.250    10.000  1
  -8.000   -11.000    10.000  1
  -8.000   -11.000     0.000  1
  -8.268   -12.000     0.000  1
   2.000   -23.000     0.000  0
   2.000   -23.000     6.000  1
   2.250   -23.000     6.000  1
   2.250   -23.000     7.000  1
   2.750   -23.000     7.000  1
   2.750   -23.000     6.000  1
   3.000   -23.000     6.000  1
   3.000   -23.000     0.000  1
   2.000   -23.000     0.000  1
   3.000   -23.000     0.000  0
   3.000   -23.000     6.000  1
   3.250   -23.000     6.000  1
   3.250   -23.000     7.000  1
   3.750   -23.000     7.000  1
   3.750   -23.000     6.000  1
   4.000   -23.000     6.000  1
   4.000   -23.000     0.000  1
   3.000   -23.000     0.000  1
   4.000   -23.000     0.000  0
   4.000   -23.000     6.000  1
   4.250   -23.000     6.000  1
   4.250   -23.000     7.000  1
   4.750   -23.000     7.000  1
   4.750   -23.000     6.000  1
   5.000   -23.000     6.000  1
   5.000   -23.000     0.000  1
   4.000   -23.000     0.000  1
   5.000   -23.000     0.000  0
   5.000   -23.000     6.000  1
   5.250   -23.000     6.000  1
   5.250   -23.000     7.000  1
   5.750   -23.000     7.000  1
   5.750   -23.000     6.000  1
   6.000   -23.000     6.000  1
   6.000   -23.000     0.000  1
   5.000   -23.000     0.000  1
   6.000   -23.000     0.000  0
   6.000   -23.000     6.000  1
   6.250   -23.000     6.000  1
   6.250   -23.000     7.000  1
   6.750   -23.000     7.000  1
   6.750   -23.000     6.000  1
   7.000   -23.000     6.000  1
   7.000   -23.000     0.000  1
   6.000   -23.000     0.000  1
   7.000   -23.000     0.000  0
   7.000   -23.000     6.000  1
   7.250   -23.000     6.000  1
   7.250   -23.000     7.000  1
   7.750   -23.000     7.000  1
   7.750   -23.000     6.000  1
   8.000   -23.000     6.000  1
   8.000   -23.000     0.000  1
   7.000   -23.000     0.000  1
   8.000   -23.000     0.000  0
   8.000   -23.000     6.000  1
   8.250   -23.000     6.000  1
   8.250   -23.000     7.000  1
   8.750   -23.000     7.000  1
   8.750   -23.000     6.000  1
   9.000   -23.000     6.000  1
   9.000   -23.000     0.000  1
   8.000   -23.000     0.000  1
   9.000   -23.000     0.000  0
   9.000   -23.000     6.000  1
   9.250   -23.000     6.000  1
   9.250   -23.000     7.000  1
   9.750   -23.000     7.000  1
   9.750   -23.000     6.000  1
  10.000   -23.000     6.000  1
  10.000   -23.000     0.000  1
   9.000   -23.000     0.000  1
  10.000   -23.000     0.000  0
  10.000   -23.000     6.000  1
  10.250   -23.000     6.000  1
  10.250   -23.000     7.000  1
  10.750   -23.000     7.000  1
  10.750   -23.000     6.000  1
  11.000   -23.000     6.000  1
  11.000   -23.000     0.000  1
  10.000   -23.000     0.000  1
  11.000   -23.000     0.000  0
  11.000   -23.000     6.000  1
  11.250   -23.000     6.000  1
  11.250   -23.000     7.000  1
  11.750   -23.000     7.000  1
  11.750   -23.000     6.000  1
  12.000   -23.000     6.000  1
  12.000   -23.000     0.000  1
  11.000   -23.000     0.000  1
  12.000   -23.000     0.000  0
  12.000   -23.000     6.000  1
  12.250   -23.000     6.000  1
  12.250   -23.000     7.000  1
  12.750   -23.000     7.000  1
  12.750   -23.000     6.000  1
  13.000   -23.000     6.000  1
  13.000   -23.000     0.000  1
  12.000   -23.000     0.000  1
  15.000   -21.000     0.000  0
  15.000   -21.000     6.000  1
  15.000   -20.750     6.000  1
  15.000   -20.750     7.000  1
  15.000   -20.250     7.000  1
  15.000   -20.250     6.000  1
  15.000   -20.000     6.000  1
  15.000   -20.000     0.000  1
  15.000   -21.000     0.000  1
  15.000   -20.000     0.000  0
  15.000   -20.000     6.000  1
  15.000   -19.750     6.000  1
  15.000   -19.750     7.000  1
  15.000   -19.250     7.000  1
  15.000   -19.250     6.000  1
  15.000   -19.000     6.000  1
  15.000   -19.000     0.000  1
  15.000   -20.000     0.000  1
  15.000   -19.000     0.000  0
  15.000   -19.000     6.000  1
  15.000   -18.750     6.000  1
  15.000   -18.750     7.000  1
  15.000   -18.250     7.000  1
  15.000   -18.250     6.000  1
  15.000   -18.000     6.000  1
  15.000   -18.000     0.000  1
  15.000   -19.000     0.000  1
  15.000   -18.000     0.000  0
  15.000   -18.000     6.000  1
  15.000   -17.750     6.000  1
  15.000   -17.750     7.000  1
  15.000   -17.250     7.000  1
  15.000   -17.250     6.000  1
  15.000   -17.000     6.000  1
  15.000   -17.000     0.000  1
  15.000   -18.000     0.000  1
  15.000   -17.000     0.000  0
  15.000   -17.000     6.000  1
  15.000   -16.750     6.000  1
  15.000   -16.750     7.000  1
  15.000   -16.250     7.000  1
  15.000   -16.250     6.000  1
  15.000   -16.000     6.000  1
  15.000   -16.000     0.000  1
  15.000   -17.000     0.000  1
  10.000   -11.000     0.000  0
  10.000   -11.000    10.000  1
   9.750   -11.000    10.000  1
   9.750   -11.000    11.000  1
   9.250   -11.000    11.000  1
   9.250   -11.000    10.000  1
   9.000   -11.000    10.000  1
   9.000   -11.000     0.000  1
  10.000   -11.000     0.000  1
   9.000   -11.000     0.000  0
   9.000   -11.000    10.000  1
   8.750   -11.000    10.000  1
   8.750   -11.000    11.000  1
   8.250   -11.000    11.000  1
   8.250   -11.000    10.000  1
   8.000   -11.000    10.000  1
   8.000   -11.000     0.000  1
   9.000   -11.000     0.000  1
   8.000   -11.000     0.000  0
   8.000   -11.000    10.000  1
   7.750   -11.000    10.000  1
   7.750   -11.000    11.000  1
   7.250   -11.000    11.000  1
   7.250   -11.000    10.000  1
   7.000   -11.000    10.000  1
   7.000   -11.000     0.000  1
   8.000   -11.000     0.000  1
   7.000   -11.000     0.000  0
   7.000   -11.000    10.000  1
   6.750   -11.000    10.000  1
   6.750   -11.000    11.000  1
   6.250   -11.000    11.000  1
   6.250   -11.000    10.000  1
   6.000   -11.000    10.000  1
   6.000   -11.000     0.000  1
   7.000   -11.000     0.000  1
   6.000   -11.000     0.000  0
   6.000   -11.000    10.000  1
   5.750   -11.000    10.000  1
   5.750   -11.000    11.000  1
   5.250   -11.000    11.000  1
   5.250   -11.000    10.000  1
   5.000   -11.000    10.000  1
   5.000   -11.000     0.000  1
   6.000   -11.000     0.000  1
   0.000   -16.000     0.000  0
   0.000   -16.000     6.000  1
   0.000   -16.250     6.000  1
   0.000   -16.250     7.000  1
   0.000   -16.750     7.000  1
   0.000   -16.750     6.000  1
   0.000   -17.000     6.000  1
   0.000   -17.000     0.000  1
   0.000   -16.000     0.000  1
   0.000   -17.000     0.000  0
   0.000   -17.000     6.000  1
   0.000   -17.250     6.000  1
   0.000   -17.250     7.000  1
   0.000   -17.750     7.000  1
   0.000   -17.750     6.000  1
   0.000   -18.000     6.000  1
   0.000   -18.000     0.000  1
   0.000   -17.000     0.000  1
   0.000   -18.000     0.000  0
   0.000   -18.000     6.000  1
   0.000   -18.250     6.000  1
   0.000   -18.250     7.000  1
   0.000   -18.750     7.000  1
   0.000   -18.750     6.000  1
   0.000   -19.000     6.000  1
   0.000   -19.000     0.000  1
   0.000   -18.000     0.000  1
   0.000   -19.000     0.000  0
   0.000   -19.000     6.000  1
   0.000   -19.250     6.000  1
   0.000   -19.250     7.000  1
   0.000   -19.750     7.000  1
   0.000   -19.750     6.000  1
   0.000   -20.000     6.000  1
   0.000   -20.000     0.000  1
   0.000   -19.000     0.000  1
   0.000   -20.000     0.000  0
   0.000   -20.000     6.000  1
   0.000   -20.250     6.000  1
   0.000   -20.250     7.000  1
   0.000   -20.750     7.000  1
   0.000   -20.750     6.000  1
   0.000   -21.000     6.000  1
   0.000   -21.000     0.000  1
   0.000   -20.000     0.000  1
  20.000   -11.000     0.000  0
  20.000   -11.000    10.000  1
  20.250   -11.000    10.000  1
  20.250   -11.000    11.000  1
  20.750   -11.000    11.000  1
  20.750   -11.000    10.000  1
  21.000   -11.000    10.000  1
  21.000   -11.000     0.000  1
  20.000   -11.000     0.000  1
  21.000   -11.000     0.000  0
  21.000   -11.000    10.000  1
  21.250   -11.000    10.000  1
  21.250   -11.000    11.000  1
  21.750   -11.000    11.000  1
  21.750   -11.000    10.000  1
  22.000   -11.000    10.000  1
  22.000   -11.000     0.000  1
  21.000   -11.000     0.000  1
  22.000   -11.000     0.000  0
  22.000   -11.000    10.000  1
  22.250   -11.000    10.000  1
  22.250   -11.000    11.000  1
  22.750   -11.000    11.000  1
  22.750   -11.000    10.000  1
  23.000   -11.000    10.000  1
  23.000   -11.000     0.000  1
  22.000   -11.000     0.000  1
  25.000    -9.000     0.000  0
  25.000    -9.000    10.000  1
  25.000    -8.750    10.000  1
  25.000    -8.750    11.000  1
  25.000    -8.250    11.000  1
  25.000    -8.250    10.000  1
  25.000    -8.000    10.000  1
  25.000    -8.000     0.000  1
  25.000    -9.000     0.000  1
  25.000    -8.000     0.000  0
  25.000    -8.000    10.000  1
  25.000    -7.750    10.000  1
  25.000    -7.750    11.000  1
  25.000    -7.250    11.000  1
  25.000    -7.250    10.000  1
  25.000    -7.000    10.000  1
  25.000    -7.000     0.000  1
  25.000    -8.000     0.000  1
  25.000    -7.000     0.000  0
  25.000    -7.000    10.000  1
  25.000    -6.750    10.000  1
  25.000    -6.750    11.000  1
  25.000    -6.250    11.000  1
  25.000    -6.250    10.000  1
  25.000    -6.000    10.000  1
  25.000    -6.000     0.000  1
  25.000    -7.000     0.000  1
  25.000    -6.000     0.000  0
  25.000    -6.000    10.000  1
  25.000    -5.750    10.000  1
  25.000    -5.750    11.000  1
  25.000    -5.250    11.000  1
  25.000    -5.250    10.000  1
  25.000    -5.000    10.000  1
  25.000    -5.000     0.000  1
  25.000    -6.000     0.000  1
  25.000    -5.000     0.000  0
  25.000    -5.000    10.000  1
  25.000    -4.750    10.000  1
  25.000    -4.750    11.000  1
  25.000    -4.250    11.000  1
  25.000    -4.250    10.000  1
  25.000    -4.000    10.000  1
  25.000    -4.000     0.000  1
  25.000    -5.000     0.000  1
  25.000    -4.000     0.000  0
  25.000    -4.000    10.000  1
  25.000    -3.750    10.000  1
  25.000    -3.750    11.000  1
  25.000    -3.250    11.000  1
  25.000    -3.250    10.000  1
  25.000    -3.000    10.000  1
  25.000    -3.000     0.000  1
  25.000    -4.000     0.000  1
  25.000    -3.000     0.000  0
  25.000    -3.000    10.000  1
  25.000    -2.750    10.000  1
  25.000    -2.750    11.000  1
  25.000    -2.250    11.000  1
  25.000    -2.250    10.000  1
  25.000    -2.000    10.000  1
  25.000    -2.000     0.000  1
  25.000    -3.000     0.000  1
  25.000    -2.000     0.000  0
  25.000    -2.000    10.000  1
  25.000    -1.750    10.000  1
  25.000    -1.750    11.000  1
  25.000    -1.250    11.000  1
  25.000    -1.250    10.000  1
  25.000    -1.000    10.000  1
  25.000    -1.000     0.000  1
  25.000    -2.000     0.000  1
  25.000    -1.000     0.000  0
  25.000    -1.000    10.000  1
  25.000    -0.750    10.000  1
  25.000    -0.750    11.000  1
  25.000    -0.250    11.000  1
  25.000    -0.250    10.000  1
  25.000     0.000    10.000  1
  25.000     0.000     0.000  1
  25.000    -1.000     0.000  1
  25.000     0.000     0.000  0
  25.000     0.000    10.000  1
  25.000     0.250    10.000  1
  25.000     0.250    11.000  1
  25.000     0.750    11.000  1
  25.000     0.750    10.000  1
  25.000     1.000    10.000  1
  25.000     1.000     0.000  1
  25.000     0.000     0.000  1
  25.000     1.000     0.000  0
  25.000     1.000    10.000  1
  25.000     1.250    10.000  1
  25.000     1.250    11.000  1
  25.000     1.750    11.000  1
  25.000     1.750    10.000  1
  25.000     2.000    10.000  1
  25.000     2.000     0.000  1
  25.000     1.000     0.000  1
  25.000     2.000     0.000  0
  25.000     2.000    10.000  1
  25.000     2.250    10.000  1
  25.000     2.250    11.000  1
  25.000     2.750    11.000  1
  25.000     2.750    10.000  1
  25.000     3.000    10.000  1
  25.000     3.000     0.000  1
  25.000     2.000     0.000  1
  25.000     3.000     0.000  0
  25.000     3.000    10.000  1
  25.000     3.250    10.000  1
  25.000     3.250    11.000  1
  25.000     3.750    11.000  1
  25.000     3.750    10.000  1
  25.000     4.000    10.000  1
  25.000     4.000     0.000  1
  25.000     3.000     0.000  1
  25.000     4.000     0.000  0
  25.000     4.000    10.000  1
  25.000     4.250    10.000  1
  25.000     4.250    11.000  1
  25.000     4.750    11.000  1
  25.000     4.750    10.000  1
  25.000     5.000    10.000  1
  25.000     5.000     0.000  1
  25.000     4.000     0.000  1
  25.000     5.000     0.000  0
  25.000     5.000    10.000  1
  25.000     5.250    10.000  1
  25.000     5.250    11.000  1
  25.000     5.750    11.000  1
  25.000     5.750    10.000  1
  25.000     6.000    10.000  1
  25.000     6.000     0.000  1
  25.000     5.000     0.000  1
  25.000     6.000     0.000  0
  25.000     6.000    10.000  1
  25.000     6.250    10.000  1
  25.000     6.250    11.000  1
  25.000     6.750    11.000  1
  25.000     6.750    10.000  1
  25.000     7.000    10.000  1
  25.000     7.000     0.000  1
  25.000     6.000     0.000  1
  25.000     7.000     0.000  0
  25.000     7.000    10.000  1
  25.000     7.250    10.000  1
  25.000     7.250    11.000  1
  25.000     7.750    11.000  1
  25.000     7.750    10.000  1
  25.000     8.000    10.000  1
  25.000     8.000     0.000  1
  25.000     7.000     0.000  1
  25.000     8.000     0.000  0
  25.000     8.000    10.000  1
  25.000     8.250    10.000  1
  25.000     8.250    11.000  1
  25.000     8.750    11.000  1
  25.000     8.750    10.000  1
  25.000     9.000    10.000  1
  25.000     9.000     0.000  1
  25.000     8.000     0.000  1
  25.000     9.000     0.000  0
  25.000     9.000    10.000  1
  25.000     9.250    10.000  1
  25.000     9.250    11.000  1
  25.000     9.750    11.000  1
  25.000     9.750    10.000  1
  25.000    10.000    10.000  1
  25.000    10.000     0.000  1
  25.000     9.000     0.000  1
  25.000    10.000     0.000  0
  25.000    10.000    10.000  1
  25.000    10.250    10.000  1
  25.000    10.250    11.000  1
  25.000    10.750    11.000  1
  25.000    10.750    10.000  1
  25.000    11.000    10.000  1
  25.000    11.000     0.000  1
  25.000    10.000     0.000  1
  25.000    11.000     0.000  0
  25.000    11.000    10.000  1
  25.000    11.250    10.000  1
  25.000    11.250    11.000  1
  25.000    11.750    11.000  1
  25.000    11.750    10.000  1
  25.000    12.000    10.000  1
  25.000    12.000     0.000  1
  25.000    11.000     0.000  1
  25.000    12.000     0.000  0
  25.000    12.000    10.000  1
  25.000    12.250    10.000  1
  25.000    12.250    11.000  1
  25.000    12.750    11.000  1
  25.000    12.750    10.000  1
  25.000    13.000    10.000  1
  25.000    13.000     0.000  1
  25.000    12.000     0.000  1
  25.000    13.000     0.000  0
  25.000    13.000    10.000  1
  25.000    13.250    10.000  1
  25.000    13.250    11.000  1
  25.000    13.750    11.000  1
  25.000    13.750    10.000  1
  25.000    14.000    10.000  1
  25.000    14.000     0.000  1
  25.000    13.000     0.000  1
  25.000    14.000     0.000  0
  25.000    14.000    10.000  1
  25.000    14.250    10.000  1
  25.000    14.250    11.000  1
  25.000    14.750    11.000  1
  25.000    14.750    10.000  1
  25.000    15.000    10.000  1
  25.000    15.000     0.000  1
  25.000    14.000     0.000  1
  25.000    15.000     0.000  0
  25.000    15.000    10.000  1
  25.000    15.250    10.000  1
  25.000    15.250    11.000  1
  25.000    15.750    11.000  1
  25.000    15.750    10.000  1
  25.000    16.000    10.000  1
  25.000    16.000     0.000  1
  25.000    15.000     0.000  1
  25.000    16.000     0.000  0
  25.000    16.000    10.000  1
  25.000    16.250    10.000  1
  25.000    16.250    11.000  1
  25.000    16.750    11.000  1
  25.000    16.750    10.000  1
  25.000    17.000    10.000  1
  25.000    17.000     0.000  1
  25.000    16.000     0.000  1
  25.000    17.000     0.000  0
  25.000    17.000    10.000  1
  25.000    17.250    10.000  1
  25.000    17.250    11.000  1
  25.000    17.750    11.000  1
  25.000    17.750    10.000  1
  25.000    18.000    10.000  1
  25.000    18.000     0.000  1
  25.000    17.000     0.000  1
  25.000    18.000     0.000  0
  25.000    18.000    10.000  1
  25.000    18.250    10.000  1
  25.000    18.250    11.000  1
  25.000    18.750    11.000  1
  25.000    18.750    10.000  1
  25.000    19.000    10.000  1
  25.000    19.000     0.000  1
  25.000    18.000     0.000  1
  25.000    19.000     0.000  0
  25.000    19.000    10.000  1
  25.000    19.250    10.000  1
  25.000    19.250    11.000  1
  25.000    19.750    11.000  1
  25.000    19.750    10.000  1
  25.000    20.000    10.000  1
  25.000    20.000     0.000  1
  25.000    19.000     0.000  1
  20.000    25.000     0.000  0
  20.000    25.000    10.000  1
  19.750    25.000    10.000  1
  19.750    25.000    11.000  1
  19.250    25.000    11.000  1
  19.250    25.000    10.000  1
  19.000    25.000    10.000  1
  19.000    25.000     0.000  1
  20.000    25.000     0.000  1
  19.000    25.000     0.000  0
  19.000    25.000    10.000  1
  18.750    25.000    10.000  1
  18.750    25.000    11.000  1
  18.250    25.000    11.000  1
  18.250    25.000    10.000  1
  18.000    25.000    10.000  1
  18.000    25.000     0.000  1
  19.000    25.000     0.000  1
  18.000    25.000     0.000  0
  18.000    25.000    10.000  1
  17.750    25.000    10.000  1
  17.750    25.000    11.000  1
  17.250    25.000    11.000  1
  17.250    25.000    10.000  1
  17.000    25.000    10.000  1
  17.000    25.000     0.000  1
  18.000    25.000     0.000  1
  17.000    25.000     0.000  0
  17.000    25.000    10.000  1
  16.750    25.000    10.000  1
  16.750    25.000    11.000  1
  16.250    25.000    11.000  1
  16.250    25.000    10.000  1
  16.000    25.000    10.000  1
  16.000    25.000     0.000  1
  17.000    25.000     0.000  1
  16.000    25.000     0.000  0
  16.000    25.000    10.000  1
  15.750    25.000    10.000  1
  15.750    25.000    11.000  1
  15.250    25.000    11.000  1
  15.250    25.000    10.000  1
  15.000    25.000    10.000  1
  15.000    25.000     0.000  1
  16.000    25.000     0.000  1
  15.000    25.000     0.000  0
  15.000    25.000    10.000  1
  14.750    25.000    10.000  1
  14.750    25.000    11.000  1
  14.250    25.000    11.000  1
  14.250    25.000    10.000  1
  14.000    25.000    10.000  1
  14.000    25.000     0.000  1
  15.000    25.000     0.000  1
  14.000    25.000     0.000  0
  14.000    25.000    10.000  1
  13.750    25.000    10.000  1
  13.750    25.000    11.000  1
  13.250    25.000    11.000  1
  13.250    25.000    10.000  1
  13.000    25.000    10.000  1
  13.000    25.000     0.000  1
  14.000    25.000     0.000  1
  13.000    25.000     0.000  0
  13.000    25.000    10.000  1
  12.750    25.000    10.000  1
  12.750    25.000    11.000  1
  12.250    25.000    11.000  1
  12.250    25.000    10.000  1
  12.000    25.000    10.000  1
  12.000    25.000     0.000  1
  13.000    25.000     0.000  1
  12.000    25.000     0.000  0
  12.000    25.000    10.000  1
  11.750    25.000    10.000  1
  11.750    25.000    11.000  1
  11.250    25.000    11.000  1
  11.250    25.000    10.000  1
  11.000    25.000    10.000  1
  11.000    25.000     0.000  1
  12.000    25.000     0.000  1
  11.000    25.000     0.000  0
  11.000    25.000    10.000  1
  10.750    25.000    10.000  1
  10.750    25.000    11.000  1
  10.250    25.000    11.000  1
  10.250    25.000    10.000  1
  10.000    25.000    10.000  1
  10.000    25.000     0.000  1
  11.000    25.000     0.000  1
  10.000    25.000     0.000  0
  10.000    25.000    10.000  1
   9.750    25.000    10.000  1
   9.750    25.000    11.000  1
   9.250    25.000    11.000  1
   9.250    25.000    10.000  1
   9.000    25.000    10.000  1
   9.000    25.000     0.000  1
  10.000    25.000     0.000  1
   9.000    25.000     0.000  0
   9.000    25.000    10.000  1
   8.750    25.000    10.000  1
   8.750    25.000    11.000  1
   8.250    25.000    11.000  1
   8.250    25.000    10.000  1
   8.000    25.000    10.000  1
   8.000    25.000     0.000  1
   9.000    25.000     0.000  1
   8.000    25.000     0.000  0
   8.000    25.000    10.000  1
   7.750    25.000    10.000  1
   7.750    25.000    11.000  1
   7.250    25.000    11.000  1
   7.250    25.000    10.000  1
   7.000    25.000    10.000  1
   7.000    25.000     0.000  1
   8.000    25.000     0.000  1
   7.000    25.000     0.000  0
   7.000    25.000    10.000  1
   6.750    25.000    10.000  1
   6.750    25.000    11.000  1
   6.250    25.000    11.000  1
   6.250    25.000    10.000  1
   6.000    25.000    10.000  1
   6.000    25.000     0.000  1
   7.000    25.000     0.000  1
   6.000    25.000     0.000  0
   6.000    25.000    10.000  1
   5.750    25.000    10.000  1
   5.750    25.000    11.000  1
   5.250    25.000    11.000  1
   5.250    25.000    10.000  1
   5.000    25.000    10.000  1
   5.000    25.000     0.000  1
   6.000    25.000     0.000  1
   5.000    25.000     0.000  0
   5.000    25.000    10.000  1
   4.750    25.000    10.000  1
   4.750    25.000    11.000  1
   4.250    25.000    11.000  1
   4.250    25.000    10.000  1
   4.000    25.000    10.000  1
   4.000    25.000     0.000  1
   5.000    25.000     0.000  1
   4.000    25.000     0.000  0
   4.000    25.000    10.000  1
   3.750    25.000    10.000  1
   3.750    25.000    11.000  1
   3.250    25.000    11.000  1
   3.250    25.000    10.000  1
   3.000    25.000    10.000  1
   3.000    25.000     0.000  1
   4.000    25.000     0.000  1
   3.000    25.000     0.000  0
   3.000    25.000    10.000  1
   2.750    25.000    10.000  1
   2.750    25.000    11.000  1
   2.250    25.000    11.000  1
   2.250    25.000    10.000  1
   2.000    25.000    10.000  1
   2.000    25.000     0.000  1
   3.000    25.000     0.000  1
   2.000    25.000     0.000  0
   2.000    25.000    10.000  1
   1.750    25.000    10.000  1
   1.750    25.000    11.000  1
   1.250    25.000    11.000  1
   1.250    25.000    10.000  1
   1.000    25.000    10.000  1
   1.000    25.000     0.000  1
   2.000    25.000     0.000  1
   1.000    25.000     0.000  0
   1.000    25.000    10.000  1
   0.750    25.000    10.000  1
   0.750    25.000    11.000  1
   0.250    25.000    11.000  1
   0.250    25.000    10.000  1
   0.000    25.000    10.000  1
   0.000    25.000     0.000  1
   1.000    25.000     0.000  1
   0.000    25.000     0.000  0
   0.000    25.000    10.000  1
  -0.250    25.000    10.000  1
  -0.250    25.000    11.000  1
  -0.750    25.000    11.000  1
  -0.750    25.000    10.000  1
  -1.000    25.000    10.000  1
  -1.000    25.000     0.000  1
   0.000    25.000     0.000  1
  -1.000    25.000     0.000  0
  -1.000    25.000    10.000  1
  -1.250    25.000    10.000  1
  -1.250    25.000    11.000  1
  -1.750    25.000    11.000  1
  -1.750    25.000    10.000  1
  -2.000    25.000    10.000  1
  -2.000    25.000     0.000  1
  -1.000    25.000     0.000  1
  -2.000    25.000     0.000  0
  -2.000    25.000    10.000  1
  -2.250    25.000    10.000  1
  -2.250    25.000    11.000  1
  -2.750    25.000    11.000  1
  -2.750    25.000    10.000  1
  -3.000    25.000    10.000  1
  -3.000    25.000     0.000  1
  -2.000    25.000     0.000  1
  -3.000    25.000     0.000  0
  -3.000    25.000    10.000  1
  -3.250    25.000    10.000  1
  -3.250    25.000    11.000  1
  -3.750    25.000    11.000  1
  -3.750    25.000    10.000  1
  -4.000    25.000    10.000  1
  -4.000    25.000     0.000  1
  -3.000    25.000     0.000  1
  -4.000    25.000     0.000  0
  -4.000    25.000    10.000  1
  -4.250    25.000    10.000  1
  -4.250    25.000    11.000  1
  -4.750    25.000    11.000  1
  -4.750    25.000    10.000  1
  -5.000    25.000    10.000  1
  -5.000    25.000     0.000  1
  -4.000    25.000     0.000  1
  -5.000    25.000     0.000  0
  -5.000    25.000    10.000  1
  -5.250    25.000    10.000  1
  -5.250    25.000    11.000  1
  -5.750    25.000    11.000  1
  -5.750    25.000    10.000  1
  -6.000    25.000    10.000  1
  -6.000    25.000     0.000  1
  -5.000    25.000     0.000  1
  -6.000    25.000     0.000  0
  -6.000    25.000    10.000  1
  -6.250    25.000    10.000  1
  -6.250    25.000    11.000  1
  -6.750    25.000    11.000  1
  -6.750    25.000    10.000  1
  -7.000    25.000    10.000  1
  -7.000    25.000     0.000  1
  -6.000    25.000     0.000  1
  -7.000    25.000     0.000  0
  -7.000    25.000    10.000  1
  -7.250    25.000    10.000  1
  -7.250    25.000    11.000  1
  -7.750    25.000    11.000  1
  -7.750    25.000    10.000  1
  -8.000    25.000    10.000  1
  -8.000    25.000     0.000  1
  -7.000    25.000     0.000  1
  -8.000    25.000     0.000  0
  -8.000    25.000    10.000  1
  -8.250    25.000    10.000  1
  -8.250    25.000    11.000  1
  -8.750    25.000    11.000  1
  -8.750    25.000    10.000  1
  -9.000    25.000    10.000  1
  -9.000    25.000     0.000  1
  -8.000    25.000     0.000  1
  -9.000    25.000     0.000  0
  -9.000    25.000    10.000  1
  -9.250    25.000    10.000  1
  -9.250    25.000    11.000  1
  -9.750    25.000    11.000  1
  -9.750    25.000    10.000  1
 -10.000    25.000    10.000  1
 -10.000    25.000     0.000  1
  -9.000    25.000     0.000  1
 -10.000    25.000     0.000  0
 -10.000    25.000    10.000  1
 -10.250    25.000    10.000  1
 -10.250    25.000    11.000  1
 -10.750    25.000    11.000  1
 -10.750    25.000    10.000  1
 -11.000    25.000    10.000  1
 -11.000    25.000     0.000  1
 -10.000    25.000     0.000  1
 -11.000    25.000     0.000  0
 -11.000    25.000    10.000  1
 -11.250    25.000    10.000  1
 -11.250    25.000    11.000  1
 -11.750    25.000    11.000  1
 -11.750    25.000    10.000  1
 -12.000    25.000    10.000  1
 -12.000    25.000     0.000  1
 -11.000    25.000     0.000  1
 -12.000    25.000     0.000  0
 -12.000    25.000    10.000  1
 -12.250    25.000    10.000  1
 -12.250    25.000    11.000  1
 -12.750    25.000    11.000  1
 -12.750    25.000    10.000  1
 -13.000    25.000    10.000  1
 -13.000    25.000     0.000  1
 -12.000    25.000     0.000  1
 -13.000    25.000     0.000  0
 -13.000    25.000    10.000  1
 -13.250    25.000    10.000  1
 -13.250    25.000    11.000  1
 -13.750    25.000    11.000  1
 -13.750    25.000    10.000  1
 -14.000    25.000    10.000  1
 -14.000    25.000     0.000  1
 -13.000    25.000     0.000  1
 -14.000    25.000     0.000  0
 -14.000    25.000    10.000  1
 -14.250    25.000    10.000  1
 -14.250    25.000    11.000  1
 -14.750    25.000    11.000  1
 -14.750    25.000    10.000  1
 -15.000    25.000    10.000  1
 -15.000    25.000     0.000  1
 -14.000    25.000     0.000  1
 -20.000    20.000     0.000  0
 -20.000    20.000    10.000  1
 -20.000    19.750    10.000  1
 -20.000    19.750    11.000  1
 -20.000    19.250    11.000  1
 -20.000    19.250    10.000  1
 -20.000    19.000    10.000  1
 -20.000    19.000     0.000  1
 -20.000    20.000     0.000  1
 -20.000    19.000     0.000  0
 -20.000    19.000    10.000  1
 -20.000    18.750    10.000  1
 -20.000    18.750    11.000  1
 -20.000    18.250    11.000  1
 -20.000    18.250    10.000  1
 -20.000    18.000    10.000  1
 -20.000    18.000     0.000  1
 -20.000    19.000     0.000  1
 -20.000    18.000     0.000  0
 -20.000    18.000    10.000  1
 -20.000    17.750    10.000  1
 -20.000    17.750    11.000  1
 -20.000    17.250    11.000  1
 -20.000    17.250    10.000  1
 -20.000    17.000    10.000  1
 -20.000    17.000     0.000  1
 -20.000    18.000     0.000  1
 -20.000    17.000     0.000  0
 -20.000    17.000    10.000  1
 -20.000    16.750    10.000  1
 -20.000    16.750    11.000  1
 -20.000    16.250    11.000  1
 -20.000    16.250    10.000  1
 -20.000    16.000    10.000  1
 -20.000    16.000     0.000  1
 -20.000    17.000     0.000  1
 -20.000    16.000     0.000  0
 -20.000    16.000    10.000  1
 -20.000    15.750    10.000  1
 -20.000    15.750    11.000  1
 -20.000    15.250    11.000  1
 -20.000    15.250    10.000  1
 -20.000    15.000    10.000  1
 -20.000    15.000     0.000  1
 -20.000    16.000     0.000  1
 -20.000    15.000     0.000  0
 -20.000    15.000    10.000  1
 -20.000    14.750    10.000  1
 -20.000    14.750    11.000  1
 -20.000    14.250    11.000  1
 -20.000    14.250    10.000  1
 -20.000    14.000    10.000  1
 -20.000    14.000     0.000  1
 -20.000    15.000     0.000  1
 -20.000    14.000     0.000  0
 -20.000    14.000    10.000  1
 -20.000    13.750    10.000  1
 -20.000    13.750    11.000  1
 -20.000    13.250    11.000  1
 -20.000    13.250    10.000  1
 -20.000    13.000    10.000  1
 -20.000    13.000     0.000  1
 -20.000    14.000     0.000  1
 -20.000    13.000     0.000  0
 -20.000    13.000    10.000  1
 -20.000    12.750    10.000  1
 -20.000    12.750    11.000  1
 -20.000    12.250    11.000  1
 -20.000    12.250    10.000  1
 -20.000    12.000    10.000  1
 -20.000    12.000     0.000  1
 -20.000    13.000     0.000  1
 -20.000    12.000     0.000  0
 -20.000    12.000    10.000  1
 -20.000    11.750    10.000  1
 -20.000    11.750    11.000  1
 -20.000    11.250    11.000  1
 -20.000    11.250    10.000  1
 -20.000    11.000    10.000  1
 -20.000    11.000     0.000  1
 -20.000    12.000     0.000  1
 -20.000    11.000     0.000  0
 -20.000    11.000    10.000  1
 -20.000    10.750    10.000  1
 -20.000    10.750    11.000  1
 -20.000    10.250    11.000  1
 -20.000    10.250    10.000  1
 -20.000    10.000    10.000  1
 -20.000    10.000     0.000  1
 -20.000    11.000     0.000  1
 -20.000    10.000     0.000  0
 -20.000    10.000    10.000  1
 -20.000     9.750    10.000  1
 -20.000     9.750    11.000  1
 -20.000     9.250    11.000  1
 -20.000     9.250    10.000  1
 -20.000     9.000    10.000  1
 -20.000     9.000     0.000  1
 -20.000    10.000     0.000  1
 -20.000     9.000     0.000  0
 -20.000     9.000    10.000  1
 -20.000     8.750    10.000  1
 -20.000     8.750    11.000  1
 -20.000     8.250    11.000  1
 -20.000     8.250    10.000  1
 -20.000     8.000    10.000  1
 -20.000     8.000     0.000  1
 -20.000     9.000     0.000  1
 -20.000     8.000     0.000  0
 -20.000     8.000    10.000  1
 -20.000     7.750    10.000  1
 -20.000     7.750    11.000  1
 -20.000     7.250    11.000  1
 -20.000     7.250    10.000  1
 -20.000     7.000    10.000  1
 -20.000     7.000     0.000  1
 -20.000     8.000     0.000  1
 -20.000     7.000     0.000  0
 -20.000     7.000    10.000  1
 -20.000     6.750    10.000  1
 -20.000     6.750    11.000  1
 -20.000     6.250    11.000  1
 -20.000     6.250    10.000  1
 -20.000     6.000    10.000  1
 -20.000     6.000     0.000  1
 -20.000     7.000     0.000  1
 -20.000     6.000     0.000  0
 -20.000     6.000    10.000  1
 -20.000     5.750    10.000  1
 -20.000     5.750    11.000  1
 -20.000     5.250    11.000  1
 -20.000     5.250    10.000  1
 -20.000     5.000    10.000  1
 -20.000     5.000     0.000  1
 -20.000     6.000     0.000  1
 -20.000     5.000     0.000  0
 -20.000     5.000    10.000  1
 -20.000     4.750    10.000  1
 -20.000     4.750    11.000  1
 -20.000     4.250    11.000  1
 -20.000     4.250    10.000  1
 -20.000     4.000    10.000  1
 -20.000     4.000     0.000  1
 -20.000     5.000     0.000  1
 -20.000     4.000     0.000  0
 -20.000     4.000    10.000  1
 -20.000     3.750    10.000  1
 -20.000     3.750    11.000  1
 -20.000     3.250    11.000  1
 -20.000     3.250    10.000  1
 -20.000     3.000    10.000  1
 -20.000     3.000     0.000  1
 -20.000     4.000     0.000  1
 -20.000     3.000     0.000  0
 -20.000     3.000    10.000  1
 -20.000     2.750    10.000  1
 -20.000     2.750    11.000  1
 -20.000     2.250    11.000  1
 -20.000     2.250    10.000  1
 -20.000     2.000    10.000  1
 -20.000     2.000     0.000  1
 -20.000     3.000     0.000  1
 -20.000     2.000     0.000  0
 -20.000     2.000    10.000  1
 -20.000     1.750    10.000  1
 -20.000     1.750    11.000  1
 -20.000     1.250    11.000  1
 -20.000     1.250    10.000  1
 -20.000     1.000    10.000  1
 -20.000     1.000     0.000  1
 -20.000     2.000     0.000  1
 -18.586    -2.414     0.000  0
 -18.586    -2.414    10.000  1
 -18.423    -2.577    10.000  1
 -18.423    -2.577    11.000  1
 -18.097    -2.903    11.000  1
 -18.097    -2.903    10.000  1
 -17.934    -3.066    10.000  1
 -17.934    -3.066     0.000  1
 -18.586    -2.414     0.000  1
 -17.934    -3.066     0.000  0
 -17.934    -3.066    10.000  1
 -17.771    -3.229    10.000  1
 -17.771    -3.229    11.000  1
 -17.445    -3.555    11.000  1
 -17.445    -3.555    10.000  1
 -17.282    -3.718    10.000  1
 -17.282    -3.718     0.000  1
 -17.934    -3.066     0.000  1
 -17.282    -3.718     0.000  0
 -17.282    -3.718    10.000  1
 -17.119    -3.881    10.000  1
 -17.119    -3.881    11.000  1
 -16.793    -4.207    11.000  1
 -16.793    -4.207    10.000  1
 -16.630    -4.370    10.000  1
 -16.630    -4.370     0.000  1
 -17.282    -3.718     0.000  1
 -16.630    -4.370     0.000  0
 -16.630    -4.370    10.000  1
 -16.467    -4.533    10.000  1
 -16.467    -4.533    11.000  1
 -16.141    -4.859    11.000  1
 -16.141    -4.859    10.000  1
 -15.978    -5.022    10.000  1
 -15.978    -5.022     0.000  1
 -16.630    -4.370     0.000  1
 -15.978    -5.022     0.000  0
 -15.978    -5.022    10.000  1
 -15.815    -5.185    10.000  1
 -15.815    -5.185    11.000  1
 -15.489    -5.511    11.000  1
 -15.489    -5.511    10.000  1
 -15.326    -5.674    10.000  1
 -15.326    -5.674     0.000  1
 -15.978    -5.022     0.000  1
 -15.326    -5.674     0.000  0
 -15.326    -5.674    10.000  1
 -15.163    -5.837    10.000  1
 -15.163    -5.837    11.000  1
 -14.837    -6.163    11.000  1
 -14.837    -6.163    10.000  1
 -14.674    -6.326    10.000  1
 -14.674    -6.326     0.000  1
 -15.326    -5.674     0.000  1
 -14.674    -6.326     0.000  0
 -14.674    -6.326    10.000  1
 -14.511    -6.489    10.000  1
 -14.511    -6.489    11.000  1
 -14.185    -6.815    11.000  1
 -14.185    -6.815    10.000  1
 -14.022    -6.978    10.000  1
 -14.022    -6.978     0.000  1
 -14.674    -6.326     0.000  1
 -14.022    -6.978     0.000  0
 -14.022    -6.978    10.000  1
 -13.859    -7.141    10.000  1
 -13.859    -7.141    11.000  1
 -13.533    -7.467    11.000  1
 -13.533    -7.467    10.000  1
 -13.370    -7.630    10.000  1
 -13.370    -7.630     0.000  1
 -14.022    -6.978     0.000  1
 -13.370    -7.630     0.000  0
 -13.370    -7.630    10.000  1
 -13.207    -7.793    10.000  1
 -13.207    -7.793    11.000  1
 -12.881    -8.119    11.000  1
 -12.881    -8.119    10.000  1
 -12.718    -8.282    10.000  1
 -12.718    -8.282     0.000  1
 -13.370    -7.630     0.000  1
 -12.718    -8.282     0.000  0
 -12.718    -8.282    10.000  1
 -12.555    -8.445    10.000  1
 -12.555    -8.445    11.000  1
 -12.229    -8.771    11.000  1
 -12.229    -8.771    10.000  1
 -12.066    -8.934    10.000  1
 -12.066    -8.934     0.000  1
 -12.718    -8.282     0.000  1
 -12.066    -8.934     0.000  0
 -12.066    -8.934    10.000  1
 -11.903    -9.097    10.000  1
 -11.903    -9.097    11.000  1
 -11.577    -9.423    11.000  1
 -11.577    -9.423    10.000  1
 -11.414    -9.586    10.000  1
 -11.414    -9.586     0.000  1
 -12.066    -8.934     0.000  1
  -8.000   -11.000     0.000  0
  -8.000   -11.000    10.000  1
  -7.750   -11.000    10.000  1
  -7.750   -11.000    11.000  1
  -7.250   -11.000    11.000  1
  -7.250   -11.000    10.000  1
  -7.000   -11.000    10.000  1
  -7.000   -11.000     0.000  1
  -8.000   -11.000     0.000  1
  -7.000   -11.000     0.000  0
  -7.000   -11.000    10.000  1
  -6.750   -11.000    10.000  1
  -6.750   -11.000    11.000  1
  -6.250   -11.000    11.000  1
  -6.250   -11.000    10.000  1
  -6.000   -11.000    10.000  1
  -6.000   -11.000     0.000  1
  -7.000   -11.000     0.000  1
  -6.000   -11.000     0.000  0
  -6.000   -11.000    10.000  1
  -5.750   -11.000    10.000  1
  -5.750   -11.000    11.000  1
  -5.250   -11.000    11.000  1
  -5.250   -11.000    10.000  1
  -5.000   -11.000    10.000  1
  -5.000   -11.000     0.000  1
  -6.000   -11.000     0.000  1
