# by Ronald Bruck <bruck@mtha.usc.edu>

        -33.590 0.000   -41.795 0
        -50.000 0.000   -41.695 1
        -50.000 12.816  -39.146 1
        -30.724 12.816  -38.929 1
        -33.590 0.000   -41.795 1
        -30.724 12.816  -38.929 0
        -50.000 12.816  -39.146 1
        -50.000 23.681  -31.886 1
        -23.550 23.681  -31.755 1
        -30.724 12.816  -38.929 1
        -23.550 23.681  -31.755 0
        -50.000 23.681  -31.886 1
        -50.000 30.941  -21.021 1
        -12.706 30.941  -20.911 1
        -23.550 23.681  -31.755 1
        -12.706 30.941  -20.911 0
        -50.000 30.941  -21.021 1
        -50.000 33.490  -8.205 1
        0.000   33.490  -8.205 1
        -12.706 30.941  -20.911 1
        -30.724 -12.816 -38.929 0
        -50.000 -12.816 -39.146 1
        -50.000 0.000   -41.695 1
        -33.590 0.000   -41.795 1
        -30.724 -12.816 -38.929 1
        -23.550 -23.681 -31.755 0
        -50.000 -23.681 -31.886 1
        -50.000 -12.816 -39.146 1
        -30.724 -12.816 -38.929 1
        -23.550 -23.681 -31.755 1
        -12.706 -30.941 -20.911 0
        -50.000 -30.941 -21.021 1
        -50.000 -23.681 -31.886 1
        -23.550 -23.681 -31.755 1
        -12.706 -30.941 -20.911 1
        0.000   -33.490 -8.205 0
        -50.000 -33.490 -8.205 1
        -50.000 -30.941 -21.021 1
        -12.706 -30.941 -20.911 1
        0.000   -33.490 -8.205 1
        -30.724 12.816  22.519 0
        -50.000 12.816  22.736 1
        -50.000 0.000   25.285 1
        -33.590 0.000   25.385 1
        -30.724 12.816  22.519 1
        -23.550 23.681  15.345 0
        -50.000 23.681  15.476 1
        -50.000 12.816  22.736 1
        -30.724 12.816  22.519 1
        -23.550 23.681  15.345 1
        -12.706 30.941  4.501 0
        -50.000 30.941  4.611 1
        -50.000 23.681  15.476 1
        -23.550 23.681  15.345 1
        -12.706 30.941  4.501 1
        0.000   33.490  -8.205 0
        -50.000 33.490  -8.205 1
        -50.000 30.941  4.611 1
        -12.706 30.941  4.501 1
        0.000   33.490  -8.205 1
        -33.590 0.000   25.385 0
        -50.000 0.000   25.285 1
        -50.000 -12.816 22.736 1
        -30.724 -12.816 22.519 1
        -33.590 0.000   25.385 1
        -30.724 -12.816 22.519 0
        -50.000 -12.816 22.736 1
        -50.000 -23.681 15.476 1
        -23.550 -23.681 15.345 1
        -30.724 -12.816 22.519 1
        -23.550 -23.681 15.345 0
        -50.000 -23.681 15.476 1
        -50.000 -30.941 4.611 1
        -12.706 -30.941 4.501 1
        -23.550 -23.681 15.345 1
        -12.706 -30.941 4.501 0
        -50.000 -30.941 4.611 1
        -50.000 -33.490 -8.205 1
        0.000   -33.490 -8.205 1
        -12.706 -30.941 4.501 1
        -33.590 0.000   25.385 0
        -33.490 0.000   41.795 1
        -30.941 12.816  41.795 1
        -30.724 12.816  22.519 1
        -33.590 0.000   25.385 1
        -30.724 12.816  22.519 0
        -30.941 12.816  41.795 1
        -23.681 23.681  41.795 1
        -23.550 23.681  15.345 1
        -30.724 12.816  22.519 1
        -23.550 23.681  15.345 0
        -23.681 23.681  41.795 1
        -12.816 30.941  41.795 1
        -12.706 30.941  4.501 1
        -23.550 23.681  15.345 1
        -12.706 30.941  4.501 0
        -12.816 30.941  41.795 1
        0.000   33.490  41.795 1
        0.000   33.490  -8.205 1
        -12.706 30.941  4.501 1
        -30.724 -12.816 22.519 0
        -30.941 -12.816 41.795 1
        -33.490 0.000   41.795 1
        -33.590 0.000   25.385 1
        -30.724 -12.816 22.519 1
        -23.550 -23.681 15.345 0
        -23.681 -23.681 41.795 1
        -30.941 -12.816 41.795 1
        -30.724 -12.816 22.519 1
        -23.550 -23.681 15.345 1
        -12.706 -30.941 4.501 0
        -12.816 -30.941 41.795 1
        -23.681 -23.681 41.795 1
        -23.550 -23.681 15.345 1
        -12.706 -30.941 4.501 1
        0.000   -33.490 -8.205 0
        0.000   -33.490 41.795 1
        -12.816 -30.941 41.795 1
        -12.706 -30.941 4.501 1
        0.000   -33.490 -8.205 1
        30.724  12.816  22.519 0
        30.941  12.816  41.795 1
        33.490  0.000   41.795 1
        33.590  0.000   25.385 1
        30.724  12.816  22.519 1
        23.550  23.681  15.345 0
        23.681  23.681  41.795 1
        30.941  12.816  41.795 1
        30.724  12.816  22.519 1
        23.550  23.681  15.345 1
        12.706  30.941  4.501 0
        12.816  30.941  41.795 1
        23.681  23.681  41.795 1
        23.550  23.681  15.345 1
        12.706  30.941  4.501 1
        0.000   33.490  -8.205 0
        0.000   33.490  41.795 1
        12.816  30.941  41.795 1
        12.706  30.941  4.501 1
        0.000   33.490  -8.205 1
        33.590  0.000   25.385 0
        33.490  0.000   41.795 1
        30.941  -12.816 41.795 1
        30.724  -12.816 22.519 1
        33.590  0.000   25.385 1
        30.724  -12.816 22.519 0
        30.941  -12.816 41.795 1
        23.681  -23.681 41.795 1
        23.550  -23.681 15.345 1
        30.724  -12.816 22.519 1
        23.550  -23.681 15.345 0
        23.681  -23.681 41.795 1
        12.816  -30.941 41.795 1
        12.706  -30.941 4.501 1
        23.550  -23.681 15.345 1
        12.706  -30.941 4.501 0
        12.816  -30.941 41.795 1
        0.000   -33.490 41.795 1
        0.000   -33.490 -8.205 1
        12.706  -30.941 4.501 1
        33.590  0.000   25.385 0
        50.000  0.000   25.285 1
        50.000  12.816  22.736 1
        30.724  12.816  22.519 1
        33.590  0.000   25.385 1
        30.724  12.816  22.519 0
        50.000  12.816  22.736 1
        50.000  23.681  15.476 1
        23.550  23.681  15.345 1
        30.724  12.816  22.519 1
        23.550  23.681  15.345 0
        50.000  23.681  15.476 1
        50.000  30.941  4.611 1
        12.706  30.941  4.501 1
        23.550  23.681  15.345 1
        12.706  30.941  4.501 0
        50.000  30.941  4.611 1
        50.000  33.490  -8.205 1
        0.000   33.490  -8.205 1
        12.706  30.941  4.501 1
        30.724  -12.816 22.519 0
        50.000  -12.816 22.736 1
        50.000  0.000   25.285 1
        33.590  0.000   25.385 1
        30.724  -12.816 22.519 1
        23.550  -23.681 15.345 0
        50.000  -23.681 15.476 1
        50.000  -12.816 22.736 1
        30.724  -12.816 22.519 1
        23.550  -23.681 15.345 1
        12.706  -30.941 4.501 0
        50.000  -30.941 4.611 1
        50.000  -23.681 15.476 1
        23.550  -23.681 15.345 1
        12.706  -30.941 4.501 1
        0.000   -33.490 -8.205 0
        50.000  -33.490 -8.205 1
        50.000  -30.941 4.611 1
        12.706  -30.941 4.501 1
        0.000   -33.490 -8.205 1
        30.724  12.816  -38.929 0
        50.000  12.816  -39.146 1
        50.000  0.000   -41.695 1
        33.590  0.000   -41.795 1
        30.724  12.816  -38.929 1
        23.550  23.681  -31.755 0
        50.000  23.681  -31.886 1
        50.000  12.816  -39.146 1
        30.724  12.816  -38.929 1
        23.550  23.681  -31.755 1
        12.706  30.941  -20.911 0
        50.000  30.941  -21.021 1
        50.000  23.681  -31.886 1
        23.550  23.681  -31.755 1
        12.706  30.941  -20.911 1
        0.000   33.490  -8.205 0
        50.000  33.490  -8.205 1
        50.000  30.941  -21.021 1
        12.706  30.941  -20.911 1
        0.000   33.490  -8.205 1
        33.590  0.000   -41.795 0
        50.000  0.000   -41.695 1
        50.000  -12.816 -39.146 1
        30.724  -12.816 -38.929 1
        33.590  0.000   -41.795 1
        30.724  -12.816 -38.929 0
        50.000  -12.816 -39.146 1
        50.000  -23.681 -31.886 1
        23.550  -23.681 -31.755 1
        30.724  -12.816 -38.929 1
        23.550  -23.681 -31.755 0
        50.000  -23.681 -31.886 1
        50.000  -30.941 -21.021 1
        12.706  -30.941 -20.911 1
        23.550  -23.681 -31.755 1
        12.706  -30.941 -20.911 0
        50.000  -30.941 -21.021 1
        50.000  -33.490 -8.205 1
        0.000   -33.490 -8.205 1
        12.706  -30.941 -20.911 1
        0.000   33.490  -8.205 0
        12.706  30.941  -20.911 1
        -12.706 30.941  -20.911 1
        0.000   33.490  -8.205 1
        12.706  30.941  -20.911 0
        23.550  23.681  -31.755 1
        -23.550 23.681  -31.755 1
        -12.706 30.941  -20.911 1
        12.706  30.941  -20.911 1
        23.550  23.681  -31.755 0
        30.724  12.816  -38.929 1
        -30.724 12.816  -38.929 1
        -23.550 23.681  -31.755 1
        23.550  23.681  -31.755 1
        30.724  12.816  -38.929 0
        33.590  0.000   -41.795 1
        -33.590 0.000   -41.795 1
        -30.724 12.816  -38.929 1
        30.724  12.816  -38.929 1
        30.724  -12.816 -38.929 0
        -30.724 -12.816 -38.929 1
        -33.590 0.000   -41.795 1
        33.590  0.000   -41.795 1
        30.724  -12.816 -38.929 1
        -23.550 -23.681 -31.755 0
        -30.724 -12.816 -38.929 1
        30.724  -12.816 -38.929 1
        23.550  -23.681 -31.755 1
        -23.550 -23.681 -31.755 1
        -12.706 -30.941 -20.911 0
        -23.550 -23.681 -31.755 1
        23.550  -23.681 -31.755 1
        12.706  -30.941 -20.911 1
        -12.706 -30.941 -20.911 1
        -12.706 -30.941 -20.911 0
        12.706  -30.941 -20.911 1
        0.000   -33.490 -8.205 1
