# by Ronald Bruck <bruck@mtha.usc.edu>

        33.590  0.000   -33.590 0
        33.490  0.000   -50.000 1
        30.941  12.816  -50.000 1
        30.724  12.816  -30.724 1
        33.590  0.000   -33.590 1
        30.724  12.816  -30.724 0
        30.941  12.816  -50.000 1
        23.681  23.681  -50.000 1
        23.550  23.681  -23.550 1
        30.724  12.816  -30.724 1
        23.550  23.681  -23.550 0
        23.681  23.681  -50.000 1
        12.816  30.941  -50.000 1
        12.706  30.941  -12.706 1
        23.550  23.681  -23.550 1
        12.706  30.941  -12.706 0
        12.816  30.941  -50.000 1
        0.000   33.490  -50.000 1
        0.000   33.490  0.000 1
        12.706  30.941  -12.706 1
        30.724  -12.816 -30.724 0
        30.941  -12.816 -50.000 1
        33.490  0.000   -50.000 1
        33.590  0.000   -33.590 1
        30.724  -12.816 -30.724 1
        23.550  -23.681 -23.550 0
        23.681  -23.681 -50.000 1
        30.941  -12.816 -50.000 1
        30.724  -12.816 -30.724 1
        23.550  -23.681 -23.550 1
        12.706  -30.941 -12.706 0
        12.816  -30.941 -50.000 1
        23.681  -23.681 -50.000 1
        23.550  -23.681 -23.550 1
        12.706  -30.941 -12.706 1
        0.000   -33.490 0.000 0
        0.000   -33.490 -50.000 1
        12.816  -30.941 -50.000 1
        12.706  -30.941 -12.706 1
        0.000   -33.490 0.000 1
        -30.724 12.816  -30.724 0
        -30.941 12.816  -50.000 1
        -33.490 0.000   -50.000 1
        -33.590 0.000   -33.590 1
        -30.724 12.816  -30.724 1
        -23.550 23.681  -23.550 0
        -23.681 23.681  -50.000 1
        -30.941 12.816  -50.000 1
        -30.724 12.816  -30.724 1
        -23.550 23.681  -23.550 1
        -12.706 30.941  -12.706 0
        -12.816 30.941  -50.000 1
        -23.681 23.681  -50.000 1
        -23.550 23.681  -23.550 1
        -12.706 30.941  -12.706 1
        0.000   33.490  0.000 0
        0.000   33.490  -50.000 1
        -12.816 30.941  -50.000 1
        -12.706 30.941  -12.706 1
        0.000   33.490  0.000 1
        -33.590 0.000   -33.590 0
        -33.490 0.000   -50.000 1
        -30.941 -12.816 -50.000 1
        -30.724 -12.816 -30.724 1
        -33.590 0.000   -33.590 1
        -30.724 -12.816 -30.724 0
        -30.941 -12.816 -50.000 1
        -23.681 -23.681 -50.000 1
        -23.550 -23.681 -23.550 1
        -30.724 -12.816 -30.724 1
        -23.550 -23.681 -23.550 0
        -23.681 -23.681 -50.000 1
        -12.816 -30.941 -50.000 1
        -12.706 -30.941 -12.706 1
        -23.550 -23.681 -23.550 1
        -12.706 -30.941 -12.706 0
        -12.816 -30.941 -50.000 1
        0.000   -33.490 -50.000 1
        0.000   -33.490 0.000 1
        -12.706 -30.941 -12.706 1
        -33.590 0.000   -33.590 0
        -50.000 0.000   -33.490 1
        -50.000 12.816  -30.941 1
        -30.724 12.816  -30.724 1
        -33.590 0.000   -33.590 1
        -30.724 12.816  -30.724 0
        -50.000 12.816  -30.941 1
        -50.000 23.681  -23.681 1
        -23.550 23.681  -23.550 1
        -30.724 12.816  -30.724 1
        -23.550 23.681  -23.550 0
        -50.000 23.681  -23.681 1
        -50.000 30.941  -12.816 1
        -12.706 30.941  -12.706 1
        -23.550 23.681  -23.550 1
        -12.706 30.941  -12.706 0
        -50.000 30.941  -12.816 1
        -50.000 33.490  0.000 1
        0.000   33.490  0.000 1
        -12.706 30.941  -12.706 1
        -30.724 -12.816 -30.724 0
        -50.000 -12.816 -30.941 1
        -50.000 0.000   -33.490 1
        -33.590 0.000   -33.590 1
        -30.724 -12.816 -30.724 1
        -23.550 -23.681 -23.550 0
        -50.000 -23.681 -23.681 1
        -50.000 -12.816 -30.941 1
        -30.724 -12.816 -30.724 1
        -23.550 -23.681 -23.550 1
        -12.706 -30.941 -12.706 0
        -50.000 -30.941 -12.816 1
        -50.000 -23.681 -23.681 1
        -23.550 -23.681 -23.550 1
        -12.706 -30.941 -12.706 1
        0.000   -33.490 0.000 0
        -50.000 -33.490 0.000 1
        -50.000 -30.941 -12.816 1
        -12.706 -30.941 -12.706 1
        0.000   -33.490 0.000 1
        -30.724 12.816  30.724 0
        -50.000 12.816  30.941 1
        -50.000 0.000   33.490 1
        -33.590 0.000   33.590 1
        -30.724 12.816  30.724 1
        -23.550 23.681  23.550 0
        -50.000 23.681  23.681 1
        -50.000 12.816  30.941 1
        -30.724 12.816  30.724 1
        -23.550 23.681  23.550 1
        -12.706 30.941  12.706 0
        -50.000 30.941  12.816 1
        -50.000 23.681  23.681 1
        -23.550 23.681  23.550 1
        -12.706 30.941  12.706 1
        0.000   33.490  0.000 0
        -50.000 33.490  0.000 1
        -50.000 30.941  12.816 1
        -12.706 30.941  12.706 1
        0.000   33.490  0.000 1
        -33.590 0.000   33.590 0
        -50.000 0.000   33.490 1
        -50.000 -12.816 30.941 1
        -30.724 -12.816 30.724 1
        -33.590 0.000   33.590 1
        -30.724 -12.816 30.724 0
        -50.000 -12.816 30.941 1
        -50.000 -23.681 23.681 1
        -23.550 -23.681 23.550 1
        -30.724 -12.816 30.724 1
        -23.550 -23.681 23.550 0
        -50.000 -23.681 23.681 1
        -50.000 -30.941 12.816 1
        -12.706 -30.941 12.706 1
        -23.550 -23.681 23.550 1
        -12.706 -30.941 12.706 0
        -50.000 -30.941 12.816 1
        -50.000 -33.490 0.000 1
        0.000   -33.490 0.000 1
        -12.706 -30.941 12.706 1
        -33.590 0.000   33.590 0
        -33.490 0.000   50.000 1
        -30.941 12.816  50.000 1
        -30.724 12.816  30.724 1
        -33.590 0.000   33.590 1
        -30.724 12.816  30.724 0
        -30.941 12.816  50.000 1
        -23.681 23.681  50.000 1
        -23.550 23.681  23.550 1
        -30.724 12.816  30.724 1
        -23.550 23.681  23.550 0
        -23.681 23.681  50.000 1
        -12.816 30.941  50.000 1
        -12.706 30.941  12.706 1
        -23.550 23.681  23.550 1
        -12.706 30.941  12.706 0
        -12.816 30.941  50.000 1
        0.000   33.490  50.000 1
        0.000   33.490  0.000 1
        -12.706 30.941  12.706 1
        -30.724 -12.816 30.724 0
        -30.941 -12.816 50.000 1
        -33.490 0.000   50.000 1
        -33.590 0.000   33.590 1
        -30.724 -12.816 30.724 1
        -23.550 -23.681 23.550 0
        -23.681 -23.681 50.000 1
        -30.941 -12.816 50.000 1
        -30.724 -12.816 30.724 1
        -23.550 -23.681 23.550 1
        -12.706 -30.941 12.706 0
        -12.816 -30.941 50.000 1
        -23.681 -23.681 50.000 1
        -23.550 -23.681 23.550 1
        -12.706 -30.941 12.706 1
        0.000   -33.490 0.000 0
        0.000   -33.490 50.000 1
        -12.816 -30.941 50.000 1
        -12.706 -30.941 12.706 1
        0.000   -33.490 0.000 1
        30.724  12.816  30.724 0
        30.941  12.816  50.000 1
        33.490  0.000   50.000 1
        33.590  0.000   33.590 1
        30.724  12.816  30.724 1
        23.550  23.681  23.550 0
        23.681  23.681  50.000 1
        30.941  12.816  50.000 1
        30.724  12.816  30.724 1
        23.550  23.681  23.550 1
        12.706  30.941  12.706 0
        12.816  30.941  50.000 1
        23.681  23.681  50.000 1
        23.550  23.681  23.550 1
        12.706  30.941  12.706 1
        0.000   33.490  0.000 0
        0.000   33.490  50.000 1
        12.816  30.941  50.000 1
        12.706  30.941  12.706 1
        0.000   33.490  0.000 1
        33.590  0.000   33.590 0
        33.490  0.000   50.000 1
        30.941  -12.816 50.000 1
        30.724  -12.816 30.724 1
        33.590  0.000   33.590 1
        30.724  -12.816 30.724 0
        30.941  -12.816 50.000 1
        23.681  -23.681 50.000 1
        23.550  -23.681 23.550 1
        30.724  -12.816 30.724 1
        23.550  -23.681 23.550 0
        23.681  -23.681 50.000 1
        12.816  -30.941 50.000 1
        12.706  -30.941 12.706 1
        23.550  -23.681 23.550 1
        12.706  -30.941 12.706 0
        12.816  -30.941 50.000 1
        0.000   -33.490 50.000 1
        0.000   -33.490 0.000 1
        12.706  -30.941 12.706 1
        33.590  0.000   33.590 0
        50.000  0.000   33.490 1
        50.000  12.816  30.941 1
        30.724  12.816  30.724 1
        33.590  0.000   33.590 1
        30.724  12.816  30.724 0
        50.000  12.816  30.941 1
        50.000  23.681  23.681 1
        23.550  23.681  23.550 1
        30.724  12.816  30.724 1
        23.550  23.681  23.550 0
        50.000  23.681  23.681 1
        50.000  30.941  12.816 1
        12.706  30.941  12.706 1
        23.550  23.681  23.550 1
        12.706  30.941  12.706 0
        50.000  30.941  12.816 1
        50.000  33.490  0.000 1
        0.000   33.490  0.000 1
        12.706  30.941  12.706 1
        30.724  -12.816 30.724 0
        50.000  -12.816 30.941 1
        50.000  0.000   33.490 1
        33.590  0.000   33.590 1
        30.724  -12.816 30.724 1
        23.550  -23.681 23.550 0
        50.000  -23.681 23.681 1
        50.000  -12.816 30.941 1
        30.724  -12.816 30.724 1
        23.550  -23.681 23.550 1
        12.706  -30.941 12.706 0
        50.000  -30.941 12.816 1
        50.000  -23.681 23.681 1
        23.550  -23.681 23.550 1
        12.706  -30.941 12.706 1
        0.000   -33.490 0.000 0
        50.000  -33.490 0.000 1
        50.000  -30.941 12.816 1
        12.706  -30.941 12.706 1
        0.000   -33.490 0.000 1
        30.724  12.816  -30.724 0
        50.000  12.816  -30.941 1
        50.000  0.000   -33.490 1
        33.590  0.000   -33.590 1
        30.724  12.816  -30.724 1
        23.550  23.681  -23.550 0
        50.000  23.681  -23.681 1
        50.000  12.816  -30.941 1
        30.724  12.816  -30.724 1
        23.550  23.681  -23.550 1
        12.706  30.941  -12.706 0
        50.000  30.941  -12.816 1
        50.000  23.681  -23.681 1
        23.550  23.681  -23.550 1
        12.706  30.941  -12.706 1
        0.000   33.490  0.000 0
        50.000  33.490  0.000 1
        50.000  30.941  -12.816 1
        12.706  30.941  -12.706 1
        0.000   33.490  0.000 1
        33.590  0.000   -33.590 0
        50.000  0.000   -33.490 1
        50.000  -12.816 -30.941 1
        30.724  -12.816 -30.724 1
        33.590  0.000   -33.590 1
        30.724  -12.816 -30.724 0
        50.000  -12.816 -30.941 1
        50.000  -23.681 -23.681 1
        23.550  -23.681 -23.550 1
        30.724  -12.816 -30.724 1
        23.550  -23.681 -23.550 0
        50.000  -23.681 -23.681 1
        50.000  -30.941 -12.816 1
        12.706  -30.941 -12.706 1
        23.550  -23.681 -23.550 1
        12.706  -30.941 -12.706 0
        50.000  -30.941 -12.816 1
        50.000  -33.490 0.000 1
        0.000   -33.490 0.000 1
