# disk
# by Tim Brule <brule@s5.math.umn.edu>

   -1.00000  0.  0.  0
    1.00000  0.  0.  4
  0.   -1.00000  0.  0
  0.    1.00000  0.  4
  0.  0.   -1.00000  0
  0.  0.    1.00000  4
    1.00000  0.  0.  0
   0.995185    9.80171E-02  0.  2
   0.875000  0.    1.63448E-09  2
    1.00000  0.  0.  2
   0.995185    9.80171E-02  0.  0
   0.875000  0.    1.63448E-09  2
   0.869498    9.79689E-02    1.97813E-02  2
   0.995185    9.80171E-02  0.  2
   0.995185    9.80171E-02  0.  0
   0.980785   0.195090  0.  2
   0.869498    9.79689E-02    1.97813E-02  2
   0.995185    9.80171E-02  0.  2
   0.980785   0.195090  0.  0
   0.869498    9.79689E-02    1.97813E-02  2
   0.853062   0.194706    3.86298E-02  2
   0.980785   0.195090  0.  2
   0.980785   0.195090  0.  0
   0.956940   0.290285  0.  2
   0.853062   0.194706    3.86298E-02  2
   0.980785   0.195090  0.  2
   0.956940   0.290285  0.  0
   0.853062   0.194706    3.86298E-02  2
   0.825898   0.288994    5.55781E-02  2
   0.956940   0.290285  0.  2
   0.956940   0.290285  0.  0
   0.923880   0.382683  0.  2
   0.825898   0.288994    5.55781E-02  2
   0.956940   0.290285  0.  2
   0.923880   0.382683  0.  0
   0.825898   0.288994    5.55781E-02  2
   0.788348   0.379648    6.97857E-02  2
   0.923880   0.382683  0.  2
   0.923880   0.382683  0.  0
   0.881921   0.471397  0.  2
   0.788348   0.379648    6.97857E-02  2
   0.923880   0.382683  0.  2
   0.881921   0.471397  0.  0
   0.788348   0.379648    6.97857E-02  2
   0.740884   0.465528    8.05772E-02  2
   0.881921   0.471397  0.  2
   0.881921   0.471397  0.  0
   0.831470   0.555570  0.  2
   0.740884   0.465528    8.05772E-02  2
   0.881921   0.471397  0.  2
   0.831470   0.555570  0.  0
   0.740884   0.465528    8.05772E-02  2
   0.684103   0.545554    8.74972E-02  2
   0.831470   0.555570  0.  2
   0.831470   0.555570  0.  0
   0.773010   0.634393  0.  2
   0.684103   0.545554    8.74972E-02  2
   0.831470   0.555570  0.  2
   0.773010   0.634393  0.  0
   0.684103   0.545554    8.74972E-02  2
   0.618718   0.618718    9.04008E-02  2
   0.773010   0.634393  0.  2
   0.773010   0.634393  0.  0
   0.707107   0.707107  0.  2
   0.618718   0.618718    9.04008E-02  2
   0.773010   0.634393  0.  2
   0.707107   0.707107  0.  0
   0.634393   0.773010  0.  2
   0.618718   0.618718    9.04008E-02  2
   0.707107   0.707107  0.  2
   0.634393   0.773010  0.  0
   0.618718   0.618718    9.04008E-02  2
   0.545554   0.684103    8.74972E-02  2
   0.634393   0.773010  0.  2
   0.634393   0.773010  0.  0
   0.555570   0.831470  0.  2
   0.545554   0.684103    8.74972E-02  2
   0.634393   0.773010  0.  2
   0.555570   0.831470  0.  0
   0.545554   0.684103    8.74972E-02  2
   0.465528   0.740884    8.05772E-02  2
   0.555570   0.831470  0.  2
   0.555570   0.831470  0.  0
   0.471397   0.881921  0.  2
   0.465528   0.740884    8.05772E-02  2
   0.555570   0.831470  0.  2
   0.471397   0.881921  0.  0
   0.465528   0.740884    8.05772E-02  2
   0.379648   0.788348    6.97857E-02  2
   0.471397   0.881921  0.  2
   0.471397   0.881921  0.  0
   0.382683   0.923880  0.  2
   0.379648   0.788348    6.97857E-02  2
   0.471397   0.881921  0.  2
   0.382683   0.923880  0.  0
   0.379648   0.788348    6.97857E-02  2
   0.288994   0.825898    5.55781E-02  2
   0.382683   0.923880  0.  2
   0.382683   0.923880  0.  0
   0.290285   0.956940  0.  2
   0.288994   0.825898    5.55781E-02  2
   0.382683   0.923880  0.  2
   0.290285   0.956940  0.  0
   0.288994   0.825898    5.55781E-02  2
   0.194706   0.853062    3.86298E-02  2
   0.290285   0.956940  0.  2
   0.290285   0.956940  0.  0
   0.195090   0.980785  0.  2
   0.194706   0.853062    3.86298E-02  2
   0.290285   0.956940  0.  2
   0.195090   0.980785  0.  0
   0.194706   0.853062    3.86298E-02  2
    9.79689E-02   0.869498    1.97813E-02  2
   0.195090   0.980785  0.  2
   0.195090   0.980785  0.  0
    9.80171E-02   0.995185  0.  2
    9.79689E-02   0.869498    1.97813E-02  2
   0.195090   0.980785  0.  2
    9.80171E-02   0.995185  0.  0
    9.79689E-02   0.869498    1.97813E-02  2
   -3.82475E-08   0.875000   -7.88824E-09  2
    9.80171E-02   0.995185  0.  2
    9.80171E-02   0.995185  0.  0
   -4.37114E-08    1.00000  0.  2
   -3.82475E-08   0.875000   -7.88824E-09  2
    9.80171E-02   0.995185  0.  2
   -4.37114E-08    1.00000  0.  0
   -9.80172E-02   0.995185  0.  2
   -3.82475E-08   0.875000   -7.88824E-09  2
   -4.37114E-08    1.00000  0.  2
   -9.80172E-02   0.995185  0.  0
   -3.82475E-08   0.875000   -7.88824E-09  2
   -9.79690E-02   0.869498   -1.97813E-02  2
   -9.80172E-02   0.995185  0.  2
   -9.80172E-02   0.995185  0.  0
  -0.195090   0.980785  0.  2
   -9.79690E-02   0.869498   -1.97813E-02  2
   -9.80172E-02   0.995185  0.  2
  -0.195090   0.980785  0.  0
   -9.79690E-02   0.869498   -1.97813E-02  2
  -0.194706   0.853062   -3.86298E-02  2
  -0.195090   0.980785  0.  2
  -0.195090   0.980785  0.  0
  -0.290285   0.956940  0.  2
  -0.194706   0.853062   -3.86298E-02  2
  -0.195090   0.980785  0.  2
  -0.290285   0.956940  0.  0
  -0.194706   0.853062   -3.86298E-02  2
  -0.288994   0.825898   -5.55781E-02  2
  -0.290285   0.956940  0.  2
  -0.290285   0.956940  0.  0
  -0.382683   0.923880  0.  2
  -0.288994   0.825898   -5.55781E-02  2
  -0.290285   0.956940  0.  2
  -0.382683   0.923880  0.  0
  -0.288994   0.825898   -5.55781E-02  2
  -0.379648   0.788348   -6.97857E-02  2
  -0.382683   0.923880  0.  2
  -0.382683   0.923880  0.  0
  -0.471397   0.881921  0.  2
  -0.379648   0.788348   -6.97857E-02  2
  -0.382683   0.923880  0.  2
  -0.471397   0.881921  0.  0
  -0.379648   0.788348   -6.97857E-02  2
  -0.465528   0.740884   -8.05772E-02  2
  -0.471397   0.881921  0.  2
  -0.471397   0.881921  0.  0
  -0.555570   0.831470  0.  2
  -0.465528   0.740884   -8.05772E-02  2
  -0.471397   0.881921  0.  2
  -0.555570   0.831470  0.  0
  -0.465528   0.740884   -8.05772E-02  2
  -0.545554   0.684103   -8.74972E-02  2
  -0.555570   0.831470  0.  2
  -0.555570   0.831470  0.  0
  -0.634393   0.773010  0.  2
  -0.545554   0.684103   -8.74972E-02  2
  -0.555570   0.831470  0.  2
  -0.634393   0.773010  0.  0
  -0.545554   0.684103   -8.74972E-02  2
  -0.618718   0.618718   -9.04008E-02  2
  -0.634393   0.773010  0.  2
  -0.634393   0.773010  0.  0
  -0.707107   0.707107  0.  2
  -0.618718   0.618718   -9.04008E-02  2
  -0.634393   0.773010  0.  2
  -0.707107   0.707107  0.  0
  -0.773010   0.634393  0.  2
  -0.618718   0.618718   -9.04008E-02  2
  -0.707107   0.707107  0.  2
  -0.773010   0.634393  0.  0
  -0.618718   0.618718   -9.04008E-02  2
  -0.684103   0.545554   -8.74972E-02  2
  -0.773010   0.634393  0.  2
  -0.773010   0.634393  0.  0
  -0.831470   0.555570  0.  2
  -0.684103   0.545554   -8.74972E-02  2
  -0.773010   0.634393  0.  2
  -0.831470   0.555570  0.  0
  -0.684103   0.545554   -8.74972E-02  2
  -0.740884   0.465528   -8.05772E-02  2
  -0.831470   0.555570  0.  2
  -0.831470   0.555570  0.  0
  -0.881921   0.471397  0.  2
  -0.740884   0.465528   -8.05772E-02  2
  -0.831470   0.555570  0.  2
  -0.881921   0.471397  0.  0
  -0.740884   0.465528   -8.05772E-02  2
  -0.788348   0.379648   -6.97857E-02  2
  -0.881921   0.471397  0.  2
  -0.881921   0.471397  0.  0
  -0.923880   0.382683  0.  2
  -0.788348   0.379648   -6.97857E-02  2
  -0.881921   0.471397  0.  2
  -0.923880   0.382683  0.  0
  -0.788348   0.379648   -6.97857E-02  2
  -0.825898   0.288994   -5.55781E-02  2
  -0.923880   0.382683  0.  2
  -0.923880   0.382683  0.  0
  -0.956940   0.290285  0.  2
  -0.825898   0.288994   -5.55781E-02  2
  -0.923880   0.382683  0.  2
  -0.956940   0.290285  0.  0
  -0.825898   0.288994   -5.55781E-02  2
  -0.853062   0.194706   -3.86298E-02  2
  -0.956940   0.290285  0.  2
  -0.956940   0.290285  0.  0
  -0.980785   0.195090  0.  2
  -0.853062   0.194706   -3.86298E-02  2
  -0.956940   0.290285  0.  2
  -0.980785   0.195090  0.  0
  -0.853062   0.194706   -3.86298E-02  2
  -0.869498    9.79688E-02   -1.97813E-02  2
  -0.980785   0.195090  0.  2
  -0.980785   0.195090  0.  0
  -0.995185    9.80171E-02  0.  2
  -0.869498    9.79688E-02   -1.97813E-02  2
  -0.980785   0.195090  0.  2
  -0.995185    9.80171E-02  0.  0
  -0.869498    9.79688E-02   -1.97813E-02  2
  -0.875000   -7.64949E-08    1.58070E-08  2
  -0.995185    9.80171E-02  0.  2
  -0.995185    9.80171E-02  0.  0
   -1.00000   -8.74228E-08  0.  2
  -0.875000   -7.64949E-08    1.58070E-08  2
  -0.995185    9.80171E-02  0.  2
   -1.00000   -8.74228E-08  0.  0
  -0.995185   -9.80172E-02  0.  2
  -0.875000   -7.64949E-08    1.58070E-08  2
   -1.00000   -8.74228E-08  0.  2
  -0.995185   -9.80172E-02  0.  0
  -0.875000   -7.64949E-08    1.58070E-08  2
  -0.869498   -9.79690E-02    1.97813E-02  2
  -0.995185   -9.80172E-02  0.  2
  -0.995185   -9.80172E-02  0.  0
  -0.980785  -0.195090  0.  2
  -0.869498   -9.79690E-02    1.97813E-02  2
  -0.995185   -9.80172E-02  0.  2
  -0.980785  -0.195090  0.  0
  -0.869498   -9.79690E-02    1.97813E-02  2
  -0.853062  -0.194706    3.86298E-02  2
  -0.980785  -0.195090  0.  2
  -0.980785  -0.195090  0.  0
  -0.956940  -0.290285  0.  2
  -0.853062  -0.194706    3.86298E-02  2
  -0.980785  -0.195090  0.  2
  -0.956940  -0.290285  0.  0
  -0.853062  -0.194706    3.86298E-02  2
  -0.825898  -0.288994    5.55781E-02  2
  -0.956940  -0.290285  0.  2
  -0.956940  -0.290285  0.  0
  -0.923880  -0.382684  0.  2
  -0.825898  -0.288994    5.55781E-02  2
  -0.956940  -0.290285  0.  2
  -0.923880  -0.382684  0.  0
  -0.825898  -0.288994    5.55781E-02  2
  -0.788348  -0.379648    6.97857E-02  2
  -0.923880  -0.382684  0.  2
  -0.923880  -0.382684  0.  0
  -0.881921  -0.471397  0.  2
  -0.788348  -0.379648    6.97857E-02  2
  -0.923880  -0.382684  0.  2
  -0.881921  -0.471397  0.  0
  -0.788348  -0.379648    6.97857E-02  2
  -0.740884  -0.465528    8.05772E-02  2
  -0.881921  -0.471397  0.  2
  -0.881921  -0.471397  0.  0
  -0.831470  -0.555570  0.  2
  -0.740884  -0.465528    8.05772E-02  2
  -0.881921  -0.471397  0.  2
  -0.831470  -0.555570  0.  0
  -0.740884  -0.465528    8.05772E-02  2
  -0.684102  -0.545554    8.74972E-02  2
  -0.831470  -0.555570  0.  2
  -0.831470  -0.555570  0.  0
  -0.773010  -0.634393  0.  2
  -0.684102  -0.545554    8.74972E-02  2
  -0.831470  -0.555570  0.  2
  -0.773010  -0.634393  0.  0
  -0.684102  -0.545554    8.74972E-02  2
  -0.618718  -0.618719    9.04008E-02  2
  -0.773010  -0.634393  0.  2
  -0.773010  -0.634393  0.  0
  -0.707107  -0.707107  0.  2
  -0.618718  -0.618719    9.04008E-02  2
  -0.773010  -0.634393  0.  2
  -0.707107  -0.707107  0.  0
  -0.634393  -0.773011  0.  2
  -0.618718  -0.618719    9.04008E-02  2
  -0.707107  -0.707107  0.  2
  -0.634393  -0.773011  0.  0
  -0.618718  -0.618719    9.04008E-02  2
  -0.545554  -0.684103    8.74972E-02  2
  -0.634393  -0.773011  0.  2
  -0.634393  -0.773011  0.  0
  -0.555570  -0.831470  0.  2
  -0.545554  -0.684103    8.74972E-02  2
  -0.634393  -0.773011  0.  2
  -0.555570  -0.831470  0.  0
  -0.545554  -0.684103    8.74972E-02  2
  -0.465528  -0.740884    8.05772E-02  2
  -0.555570  -0.831470  0.  2
  -0.555570  -0.831470  0.  0
  -0.471397  -0.881921  0.  2
  -0.465528  -0.740884    8.05772E-02  2
  -0.555570  -0.831470  0.  2
  -0.471397  -0.881921  0.  0
  -0.465528  -0.740884    8.05772E-02  2
  -0.379648  -0.788348    6.97857E-02  2
  -0.471397  -0.881921  0.  2
  -0.471397  -0.881921  0.  0
  -0.382683  -0.923880  0.  2
  -0.379648  -0.788348    6.97857E-02  2
  -0.471397  -0.881921  0.  2
  -0.382683  -0.923880  0.  0
  -0.379648  -0.788348    6.97857E-02  2
  -0.288994  -0.825898    5.55781E-02  2
  -0.382683  -0.923880  0.  2
  -0.382683  -0.923880  0.  0
  -0.290285  -0.956940  0.  2
  -0.288994  -0.825898    5.55781E-02  2
  -0.382683  -0.923880  0.  2
  -0.290285  -0.956940  0.  0
  -0.288994  -0.825898    5.55781E-02  2
  -0.194706  -0.853062    3.86298E-02  2
  -0.290285  -0.956940  0.  2
  -0.290285  -0.956940  0.  0
  -0.195090  -0.980785  0.  2
  -0.194706  -0.853062    3.86298E-02  2
  -0.290285  -0.956940  0.  2
  -0.195090  -0.980785  0.  0
  -0.194706  -0.853062    3.86298E-02  2
   -9.79688E-02  -0.869498    1.97813E-02  2
  -0.195090  -0.980785  0.  2
  -0.195090  -0.980785  0.  0
   -9.80170E-02  -0.995185  0.  2
   -9.79688E-02  -0.869498    1.97813E-02  2
  -0.195090  -0.980785  0.  2
   -9.80170E-02  -0.995185  0.  0
   -9.79688E-02  -0.869498    1.97813E-02  2
    1.14742E-07  -0.875000   -2.36867E-08  2
   -9.80170E-02  -0.995185  0.  2
   -9.80170E-02  -0.995185  0.  0
    1.31134E-07   -1.00000  0.  2
    1.14742E-07  -0.875000   -2.36867E-08  2
   -9.80170E-02  -0.995185  0.  2
    1.31134E-07   -1.00000  0.  0
    9.80173E-02  -0.995185  0.  2
    1.14742E-07  -0.875000   -2.36867E-08  2
    1.31134E-07   -1.00000  0.  2
    9.80173E-02  -0.995185  0.  0
    1.14742E-07  -0.875000   -2.36867E-08  2
    9.79690E-02  -0.869498   -1.97813E-02  2
    9.80173E-02  -0.995185  0.  2
    9.80173E-02  -0.995185  0.  0
   0.195090  -0.980785  0.  2
    9.79690E-02  -0.869498   -1.97813E-02  2
    9.80173E-02  -0.995185  0.  2
   0.195090  -0.980785  0.  0
    9.79690E-02  -0.869498   -1.97813E-02  2
   0.194706  -0.853062   -3.86298E-02  2
   0.195090  -0.980785  0.  2
   0.195090  -0.980785  0.  0
   0.290285  -0.956940  0.  2
   0.194706  -0.853062   -3.86298E-02  2
   0.195090  -0.980785  0.  2
   0.290285  -0.956940  0.  0
   0.194706  -0.853062   -3.86298E-02  2
   0.288994  -0.825898   -5.55781E-02  2
   0.290285  -0.956940  0.  2
   0.290285  -0.956940  0.  0
   0.382684  -0.923880  0.  2
   0.288994  -0.825898   -5.55781E-02  2
   0.290285  -0.956940  0.  2
   0.382684  -0.923880  0.  0
   0.288994  -0.825898   -5.55781E-02  2
   0.379648  -0.788348   -6.97857E-02  2
   0.382684  -0.923880  0.  2
   0.382684  -0.923880  0.  0
   0.471397  -0.881921  0.  2
   0.379648  -0.788348   -6.97857E-02  2
   0.382684  -0.923880  0.  2
   0.471397  -0.881921  0.  0
   0.379648  -0.788348   -6.97857E-02  2
   0.465528  -0.740884   -8.05772E-02  2
   0.471397  -0.881921  0.  2
   0.471397  -0.881921  0.  0
   0.555570  -0.831470  0.  2
   0.465528  -0.740884   -8.05772E-02  2
   0.471397  -0.881921  0.  2
   0.555570  -0.831470  0.  0
   0.465528  -0.740884   -8.05772E-02  2
   0.545554  -0.684102   -8.74972E-02  2
   0.555570  -0.831470  0.  2
   0.555570  -0.831470  0.  0
   0.634393  -0.773010  0.  2
   0.545554  -0.684102   -8.74972E-02  2
   0.555570  -0.831470  0.  2
   0.634393  -0.773010  0.  0
   0.545554  -0.684102   -8.74972E-02  2
   0.618719  -0.618718   -9.04008E-02  2
   0.634393  -0.773010  0.  2
   0.634393  -0.773010  0.  0
   0.707107  -0.707107  0.  2
   0.618719  -0.618718   -9.04008E-02  2
   0.634393  -0.773010  0.  2
   0.707107  -0.707107  0.  0
   0.773011  -0.634393  0.  2
   0.618719  -0.618718   -9.04008E-02  2
   0.707107  -0.707107  0.  2
   0.773011  -0.634393  0.  0
   0.618719  -0.618718   -9.04008E-02  2
   0.684103  -0.545553   -8.74972E-02  2
   0.773011  -0.634393  0.  2
   0.773011  -0.634393  0.  0
   0.831470  -0.555570  0.  2
   0.684103  -0.545553   -8.74972E-02  2
   0.773011  -0.634393  0.  2
   0.831470  -0.555570  0.  0
   0.684103  -0.545553   -8.74972E-02  2
   0.740884  -0.465528   -8.05772E-02  2
   0.831470  -0.555570  0.  2
   0.831470  -0.555570  0.  0
   0.881921  -0.471397  0.  2
   0.740884  -0.465528   -8.05772E-02  2
   0.831470  -0.555570  0.  2
   0.881921  -0.471397  0.  0
   0.740884  -0.465528   -8.05772E-02  2
   0.788348  -0.379648   -6.97857E-02  2
   0.881921  -0.471397  0.  2
   0.881921  -0.471397  0.  0
   0.923880  -0.382683  0.  2
   0.788348  -0.379648   -6.97857E-02  2
   0.881921  -0.471397  0.  2
   0.923880  -0.382683  0.  0
   0.788348  -0.379648   -6.97857E-02  2
   0.825898  -0.288994   -5.55781E-02  2
   0.923880  -0.382683  0.  2
   0.923880  -0.382683  0.  0
   0.956940  -0.290285  0.  2
   0.825898  -0.288994   -5.55781E-02  2
   0.923880  -0.382683  0.  2
   0.956940  -0.290285  0.  0
   0.825898  -0.288994   -5.55781E-02  2
   0.853062  -0.194706   -3.86298E-02  2
   0.956940  -0.290285  0.  2
   0.956940  -0.290285  0.  0
   0.980785  -0.195090  0.  2
   0.853062  -0.194706   -3.86298E-02  2
   0.956940  -0.290285  0.  2
   0.980785  -0.195090  0.  0
   0.853062  -0.194706   -3.86298E-02  2
   0.869498   -9.79688E-02   -1.97813E-02  2
   0.980785  -0.195090  0.  2
   0.980785  -0.195090  0.  0
   0.995185   -9.80170E-02  0.  2
   0.869498   -9.79688E-02   -1.97813E-02  2
   0.980785  -0.195090  0.  2
   0.995185   -9.80170E-02  0.  0
   0.875000  0.    1.63448E-09  2
   0.869498   -9.79688E-02   -1.97813E-02  2
   0.995185   -9.80170E-02  0.  2
    1.00000  0.  0.  0
   0.995185   -9.80170E-02  0.  2
   0.875000  0.    1.63448E-09  2
    1.00000  0.  0.  2
   0.875000  0.    1.63448E-09  0
   0.869498    9.79689E-02    1.97813E-02  3
   0.750000  0.    1.77155E-09  3
   0.875000  0.    1.63448E-09  3
   0.869498    9.79689E-02    1.97813E-02  0
   0.750000  0.    1.77155E-09  3
   0.743584    9.78946E-02    3.15696E-02  3
   0.869498    9.79689E-02    1.97813E-02  3
   0.869498    9.79689E-02    1.97813E-02  0
   0.853062   0.194706    3.86298E-02  3
   0.743584    9.78946E-02    3.15696E-02  3
   0.869498    9.79689E-02    1.97813E-02  3
   0.853062   0.194706    3.86298E-02  0
   0.743584    9.78946E-02    3.15696E-02  3
   0.724444   0.194114    6.10858E-02  3
   0.853062   0.194706    3.86298E-02  3
   0.853062   0.194706    3.86298E-02  0
   0.825898   0.288994    5.55781E-02  3
   0.724444   0.194114    6.10858E-02  3
   0.853062   0.194706    3.86298E-02  3
   0.825898   0.288994    5.55781E-02  0
   0.724444   0.194114    6.10858E-02  3
   0.692910   0.287013    8.65250E-02  3
   0.825898   0.288994    5.55781E-02  3
   0.825898   0.288994    5.55781E-02  0
   0.788348   0.379648    6.97857E-02  3
   0.692910   0.287013    8.65250E-02  3
   0.825898   0.288994    5.55781E-02  3
   0.788348   0.379648    6.97857E-02  0
   0.692910   0.287013    8.65250E-02  3
   0.649519   0.375000   0.106189  3
   0.788348   0.379648    6.97857E-02  3
   0.788348   0.379648    6.97857E-02  0
   0.740884   0.465528    8.05772E-02  3
   0.649519   0.375000   0.106189  3
   0.788348   0.379648    6.97857E-02  3
   0.740884   0.465528    8.05772E-02  0
   0.649519   0.375000   0.106189  3
   0.595015   0.456571   0.118820  3
   0.740884   0.465528    8.05772E-02  3
   0.740884   0.465528    8.05772E-02  0
   0.684103   0.545554    8.74972E-02  3
   0.595015   0.456571   0.118820  3
   0.740884   0.465528    8.05772E-02  3
   0.684103   0.545554    8.74972E-02  0
   0.595015   0.456571   0.118820  3
   0.530330   0.530330   0.123691  3
   0.684103   0.545554    8.74972E-02  3
   0.684103   0.545554    8.74972E-02  0
   0.618718   0.618718    9.04008E-02  3
   0.530330   0.530330   0.123691  3
   0.684103   0.545554    8.74972E-02  3
   0.618718   0.618718    9.04008E-02  0
   0.545554   0.684103    8.74972E-02  3
   0.530330   0.530330   0.123691  3
   0.618718   0.618718    9.04008E-02  3
   0.545554   0.684103    8.74972E-02  0
   0.530330   0.530330   0.123691  3
   0.456571   0.595015   0.118820  3
   0.545554   0.684103    8.74972E-02  3
   0.545554   0.684103    8.74972E-02  0
   0.465528   0.740884    8.05772E-02  3
   0.456571   0.595015   0.118820  3
   0.545554   0.684103    8.74972E-02  3
   0.465528   0.740884    8.05772E-02  0
   0.456571   0.595015   0.118820  3
   0.375000   0.649519   0.106189  3
   0.465528   0.740884    8.05772E-02  3
   0.465528   0.740884    8.05772E-02  0
   0.379648   0.788348    6.97857E-02  3
   0.375000   0.649519   0.106189  3
   0.465528   0.740884    8.05772E-02  3
   0.379648   0.788348    6.97857E-02  0
   0.375000   0.649519   0.106189  3
   0.287013   0.692910    8.65250E-02  3
   0.379648   0.788348    6.97857E-02  3
   0.379648   0.788348    6.97857E-02  0
   0.288994   0.825898    5.55781E-02  3
   0.287013   0.692910    8.65250E-02  3
   0.379648   0.788348    6.97857E-02  3
   0.288994   0.825898    5.55781E-02  0
   0.287013   0.692910    8.65250E-02  3
   0.194114   0.724444    6.10858E-02  3
   0.288994   0.825898    5.55781E-02  3
   0.288994   0.825898    5.55781E-02  0
   0.194706   0.853062    3.86298E-02  3
   0.194114   0.724444    6.10858E-02  3
   0.288994   0.825898    5.55781E-02  3
   0.194706   0.853062    3.86298E-02  0
   0.194114   0.724444    6.10858E-02  3
    9.78946E-02   0.743584    3.15696E-02  3
   0.194706   0.853062    3.86298E-02  3
   0.194706   0.853062    3.86298E-02  0
    9.79689E-02   0.869498    1.97813E-02  3
    9.78946E-02   0.743584    3.15696E-02  3
   0.194706   0.853062    3.86298E-02  3
    9.79689E-02   0.869498    1.97813E-02  0
    9.78946E-02   0.743584    3.15696E-02  3
   -3.27835E-08   0.750000   -1.07727E-08  3
    9.79689E-02   0.869498    1.97813E-02  3
    9.79689E-02   0.869498    1.97813E-02  0
   -3.82475E-08   0.875000   -7.88824E-09  3
   -3.27835E-08   0.750000   -1.07727E-08  3
    9.79689E-02   0.869498    1.97813E-02  3
   -3.82475E-08   0.875000   -7.88824E-09  0
   -9.79690E-02   0.869498   -1.97813E-02  3
   -3.27835E-08   0.750000   -1.07727E-08  3
   -3.82475E-08   0.875000   -7.88824E-09  3
   -9.79690E-02   0.869498   -1.97813E-02  0
   -3.27835E-08   0.750000   -1.07727E-08  3
   -9.78947E-02   0.743584   -3.15696E-02  3
   -9.79690E-02   0.869498   -1.97813E-02  3
   -9.79690E-02   0.869498   -1.97813E-02  0
  -0.194706   0.853062   -3.86298E-02  3
   -9.78947E-02   0.743584   -3.15696E-02  3
   -9.79690E-02   0.869498   -1.97813E-02  3
  -0.194706   0.853062   -3.86298E-02  0
   -9.78947E-02   0.743584   -3.15696E-02  3
  -0.194114   0.724444   -6.10858E-02  3
  -0.194706   0.853062   -3.86298E-02  3
  -0.194706   0.853062   -3.86298E-02  0
  -0.288994   0.825898   -5.55781E-02  3
  -0.194114   0.724444   -6.10858E-02  3
  -0.194706   0.853062   -3.86298E-02  3
  -0.288994   0.825898   -5.55781E-02  0
  -0.194114   0.724444   -6.10858E-02  3
  -0.287013   0.692910   -8.65250E-02  3
  -0.288994   0.825898   -5.55781E-02  3
  -0.288994   0.825898   -5.55781E-02  0
  -0.379648   0.788348   -6.97857E-02  3
  -0.287013   0.692910   -8.65250E-02  3
  -0.288994   0.825898   -5.55781E-02  3
  -0.379648   0.788348   -6.97857E-02  0
  -0.287013   0.692910   -8.65250E-02  3
  -0.375000   0.649519  -0.106189  3
  -0.379648   0.788348   -6.97857E-02  3
  -0.379648   0.788348   -6.97857E-02  0
  -0.465528   0.740884   -8.05772E-02  3
  -0.375000   0.649519  -0.106189  3
  -0.379648   0.788348   -6.97857E-02  3
  -0.465528   0.740884   -8.05772E-02  0
  -0.375000   0.649519  -0.106189  3
  -0.456571   0.595015  -0.118820  3
  -0.465528   0.740884   -8.05772E-02  3
  -0.465528   0.740884   -8.05772E-02  0
  -0.545554   0.684103   -8.74972E-02  3
  -0.456571   0.595015  -0.118820  3
  -0.465528   0.740884   -8.05772E-02  3
  -0.545554   0.684103   -8.74972E-02  0
  -0.456571   0.595015  -0.118820  3
  -0.530330   0.530330  -0.123691  3
  -0.545554   0.684103   -8.74972E-02  3
  -0.545554   0.684103   -8.74972E-02  0
  -0.618718   0.618718   -9.04008E-02  3
  -0.530330   0.530330  -0.123691  3
  -0.545554   0.684103   -8.74972E-02  3
  -0.618718   0.618718   -9.04008E-02  0
  -0.684103   0.545554   -8.74972E-02  3
  -0.530330   0.530330  -0.123691  3
  -0.618718   0.618718   -9.04008E-02  3
  -0.684103   0.545554   -8.74972E-02  0
  -0.530330   0.530330  -0.123691  3
  -0.595015   0.456571  -0.118820  3
  -0.684103   0.545554   -8.74972E-02  3
  -0.684103   0.545554   -8.74972E-02  0
  -0.740884   0.465528   -8.05772E-02  3
  -0.595015   0.456571  -0.118820  3
  -0.684103   0.545554   -8.74972E-02  3
  -0.740884   0.465528   -8.05772E-02  0
  -0.595015   0.456571  -0.118820  3
  -0.649519   0.375000  -0.106189  3
  -0.740884   0.465528   -8.05772E-02  3
  -0.740884   0.465528   -8.05772E-02  0
  -0.788348   0.379648   -6.97857E-02  3
  -0.649519   0.375000  -0.106189  3
  -0.740884   0.465528   -8.05772E-02  3
  -0.788348   0.379648   -6.97857E-02  0
  -0.649519   0.375000  -0.106189  3
  -0.692910   0.287013   -8.65249E-02  3
  -0.788348   0.379648   -6.97857E-02  3
  -0.788348   0.379648   -6.97857E-02  0
  -0.825898   0.288994   -5.55781E-02  3
  -0.692910   0.287013   -8.65249E-02  3
  -0.788348   0.379648   -6.97857E-02  3
  -0.825898   0.288994   -5.55781E-02  0
  -0.692910   0.287013   -8.65249E-02  3
  -0.724444   0.194114   -6.10858E-02  3
  -0.825898   0.288994   -5.55781E-02  3
  -0.825898   0.288994   -5.55781E-02  0
  -0.853062   0.194706   -3.86298E-02  3
  -0.724444   0.194114   -6.10858E-02  3
  -0.825898   0.288994   -5.55781E-02  3
  -0.853062   0.194706   -3.86298E-02  0
  -0.724444   0.194114   -6.10858E-02  3
  -0.743584    9.78946E-02   -3.15695E-02  3
  -0.853062   0.194706   -3.86298E-02  3
  -0.853062   0.194706   -3.86298E-02  0
  -0.869498    9.79688E-02   -1.97813E-02  3
  -0.743584    9.78946E-02   -3.15695E-02  3
  -0.853062   0.194706   -3.86298E-02  3
  -0.869498    9.79688E-02   -1.97813E-02  0
  -0.743584    9.78946E-02   -3.15695E-02  3
  -0.750000   -6.55671E-08    2.16300E-08  3
  -0.869498    9.79688E-02   -1.97813E-02  3
  -0.869498    9.79688E-02   -1.97813E-02  0
  -0.875000   -7.64949E-08    1.58070E-08  3
  -0.750000   -6.55671E-08    2.16300E-08  3
  -0.869498    9.79688E-02   -1.97813E-02  3
  -0.875000   -7.64949E-08    1.58070E-08  0
  -0.869498   -9.79690E-02    1.97813E-02  3
  -0.750000   -6.55671E-08    2.16300E-08  3
  -0.875000   -7.64949E-08    1.58070E-08  3
  -0.869498   -9.79690E-02    1.97813E-02  0
  -0.750000   -6.55671E-08    2.16300E-08  3
  -0.743584   -9.78947E-02    3.15696E-02  3
  -0.869498   -9.79690E-02    1.97813E-02  3
  -0.869498   -9.79690E-02    1.97813E-02  0
  -0.853062  -0.194706    3.86298E-02  3
  -0.743584   -9.78947E-02    3.15696E-02  3
  -0.869498   -9.79690E-02    1.97813E-02  3
  -0.853062  -0.194706    3.86298E-02  0
  -0.743584   -9.78947E-02    3.15696E-02  3
  -0.724444  -0.194114    6.10858E-02  3
  -0.853062  -0.194706    3.86298E-02  3
  -0.853062  -0.194706    3.86298E-02  0
  -0.825898  -0.288994    5.55781E-02  3
  -0.724444  -0.194114    6.10858E-02  3
  -0.853062  -0.194706    3.86298E-02  3
  -0.825898  -0.288994    5.55781E-02  0
  -0.724444  -0.194114    6.10858E-02  3
  -0.692910  -0.287013    8.65250E-02  3
  -0.825898  -0.288994    5.55781E-02  3
  -0.825898  -0.288994    5.55781E-02  0
  -0.788348  -0.379648    6.97857E-02  3
  -0.692910  -0.287013    8.65250E-02  3
  -0.825898  -0.288994    5.55781E-02  3
  -0.788348  -0.379648    6.97857E-02  0
  -0.692910  -0.287013    8.65250E-02  3
  -0.649519  -0.375000   0.106189  3
  -0.788348  -0.379648    6.97857E-02  3
  -0.788348  -0.379648    6.97857E-02  0
  -0.740884  -0.465528    8.05772E-02  3
  -0.649519  -0.375000   0.106189  3
  -0.788348  -0.379648    6.97857E-02  3
  -0.740884  -0.465528    8.05772E-02  0
  -0.649519  -0.375000   0.106189  3
  -0.595015  -0.456571   0.118820  3
  -0.740884  -0.465528    8.05772E-02  3
  -0.740884  -0.465528    8.05772E-02  0
  -0.684102  -0.545554    8.74972E-02  3
  -0.595015  -0.456571   0.118820  3
  -0.740884  -0.465528    8.05772E-02  3
  -0.684102  -0.545554    8.74972E-02  0
  -0.595015  -0.456571   0.118820  3
  -0.530330  -0.530330   0.123691  3
  -0.684102  -0.545554    8.74972E-02  3
  -0.684102  -0.545554    8.74972E-02  0
  -0.618718  -0.618719    9.04008E-02  3
  -0.530330  -0.530330   0.123691  3
  -0.684102  -0.545554    8.74972E-02  3
  -0.618718  -0.618719    9.04008E-02  0
  -0.545554  -0.684103    8.74972E-02  3
  -0.530330  -0.530330   0.123691  3
  -0.618718  -0.618719    9.04008E-02  3
  -0.545554  -0.684103    8.74972E-02  0
  -0.530330  -0.530330   0.123691  3
  -0.456571  -0.595015   0.118820  3
  -0.545554  -0.684103    8.74972E-02  3
  -0.545554  -0.684103    8.74972E-02  0
  -0.465528  -0.740884    8.05772E-02  3
  -0.456571  -0.595015   0.118820  3
  -0.545554  -0.684103    8.74972E-02  3
  -0.465528  -0.740884    8.05772E-02  0
  -0.456571  -0.595015   0.118820  3
  -0.375000  -0.649519   0.106189  3
  -0.465528  -0.740884    8.05772E-02  3
  -0.465528  -0.740884    8.05772E-02  0
  -0.379648  -0.788348    6.97857E-02  3
  -0.375000  -0.649519   0.106189  3
  -0.465528  -0.740884    8.05772E-02  3
  -0.379648  -0.788348    6.97857E-02  0
  -0.375000  -0.649519   0.106189  3
  -0.287012  -0.692910    8.65249E-02  3
  -0.379648  -0.788348    6.97857E-02  3
  -0.379648  -0.788348    6.97857E-02  0
  -0.288994  -0.825898    5.55781E-02  3
  -0.287012  -0.692910    8.65249E-02  3
  -0.379648  -0.788348    6.97857E-02  3
  -0.288994  -0.825898    5.55781E-02  0
  -0.287012  -0.692910    8.65249E-02  3
  -0.194114  -0.724444    6.10858E-02  3
  -0.288994  -0.825898    5.55781E-02  3
  -0.288994  -0.825898    5.55781E-02  0
  -0.194706  -0.853062    3.86298E-02  3
  -0.194114  -0.724444    6.10858E-02  3
  -0.288994  -0.825898    5.55781E-02  3
  -0.194706  -0.853062    3.86298E-02  0
  -0.194114  -0.724444    6.10858E-02  3
   -9.78945E-02  -0.743584    3.15695E-02  3
  -0.194706  -0.853062    3.86298E-02  3
  -0.194706  -0.853062    3.86298E-02  0
   -9.79688E-02  -0.869498    1.97813E-02  3
   -9.78945E-02  -0.743584    3.15695E-02  3
  -0.194706  -0.853062    3.86298E-02  3
   -9.79688E-02  -0.869498    1.97813E-02  0
   -9.78945E-02  -0.743584    3.15695E-02  3
    9.83506E-08  -0.750000   -3.23827E-08  3
   -9.79688E-02  -0.869498    1.97813E-02  3
   -9.79688E-02  -0.869498    1.97813E-02  0
    1.14742E-07  -0.875000   -2.36867E-08  3
    9.83506E-08  -0.750000   -3.23827E-08  3
   -9.79688E-02  -0.869498    1.97813E-02  3
    1.14742E-07  -0.875000   -2.36867E-08  0
    9.79690E-02  -0.869498   -1.97813E-02  3
    9.83506E-08  -0.750000   -3.23827E-08  3
    1.14742E-07  -0.875000   -2.36867E-08  3
    9.79690E-02  -0.869498   -1.97813E-02  0
    9.83506E-08  -0.750000   -3.23827E-08  3
    9.78947E-02  -0.743584   -3.15696E-02  3
    9.79690E-02  -0.869498   -1.97813E-02  3
    9.79690E-02  -0.869498   -1.97813E-02  0
   0.194706  -0.853062   -3.86298E-02  3
    9.78947E-02  -0.743584   -3.15696E-02  3
    9.79690E-02  -0.869498   -1.97813E-02  3
   0.194706  -0.853062   -3.86298E-02  0
    9.78947E-02  -0.743584   -3.15696E-02  3
   0.194114  -0.724444   -6.10858E-02  3
   0.194706  -0.853062   -3.86298E-02  3
   0.194706  -0.853062   -3.86298E-02  0
   0.288994  -0.825898   -5.55781E-02  3
   0.194114  -0.724444   -6.10858E-02  3
   0.194706  -0.853062   -3.86298E-02  3
   0.288994  -0.825898   -5.55781E-02  0
   0.194114  -0.724444   -6.10858E-02  3
   0.287013  -0.692910   -8.65250E-02  3
   0.288994  -0.825898   -5.55781E-02  3
   0.288994  -0.825898   -5.55781E-02  0
   0.379648  -0.788348   -6.97857E-02  3
   0.287013  -0.692910   -8.65250E-02  3
   0.288994  -0.825898   -5.55781E-02  3
   0.379648  -0.788348   -6.97857E-02  0
   0.287013  -0.692910   -8.65250E-02  3
   0.375000  -0.649519  -0.106189  3
   0.379648  -0.788348   -6.97857E-02  3
   0.379648  -0.788348   -6.97857E-02  0
   0.465528  -0.740884   -8.05772E-02  3
   0.375000  -0.649519  -0.106189  3
   0.379648  -0.788348   -6.97857E-02  3
   0.465528  -0.740884   -8.05772E-02  0
   0.375000  -0.649519  -0.106189  3
   0.456571  -0.595015  -0.118820  3
   0.465528  -0.740884   -8.05772E-02  3
   0.465528  -0.740884   -8.05772E-02  0
   0.545554  -0.684102   -8.74972E-02  3
   0.456571  -0.595015  -0.118820  3
   0.465528  -0.740884   -8.05772E-02  3
   0.545554  -0.684102   -8.74972E-02  0
   0.456571  -0.595015  -0.118820  3
   0.530330  -0.530330  -0.123691  3
   0.545554  -0.684102   -8.74972E-02  3
   0.545554  -0.684102   -8.74972E-02  0
   0.618719  -0.618718   -9.04008E-02  3
   0.530330  -0.530330  -0.123691  3
   0.545554  -0.684102   -8.74972E-02  3
   0.618719  -0.618718   -9.04008E-02  0
   0.684103  -0.545553   -8.74972E-02  3
   0.530330  -0.530330  -0.123691  3
   0.618719  -0.618718   -9.04008E-02  3
   0.684103  -0.545553   -8.74972E-02  0
   0.530330  -0.530330  -0.123691  3
   0.595015  -0.456571  -0.118820  3
   0.684103  -0.545553   -8.74972E-02  3
   0.684103  -0.545553   -8.74972E-02  0
   0.740884  -0.465528   -8.05772E-02  3
   0.595015  -0.456571  -0.118820  3
   0.684103  -0.545553   -8.74972E-02  3
   0.740884  -0.465528   -8.05772E-02  0
   0.595015  -0.456571  -0.118820  3
   0.649519  -0.375000  -0.106189  3
   0.740884  -0.465528   -8.05772E-02  3
   0.740884  -0.465528   -8.05772E-02  0
   0.788348  -0.379648   -6.97857E-02  3
   0.649519  -0.375000  -0.106189  3
   0.740884  -0.465528   -8.05772E-02  3
   0.788348  -0.379648   -6.97857E-02  0
   0.649519  -0.375000  -0.106189  3
   0.692910  -0.287012   -8.65249E-02  3
   0.788348  -0.379648   -6.97857E-02  3
   0.788348  -0.379648   -6.97857E-02  0
   0.825898  -0.288994   -5.55781E-02  3
   0.692910  -0.287012   -8.65249E-02  3
   0.788348  -0.379648   -6.97857E-02  3
   0.825898  -0.288994   -5.55781E-02  0
   0.692910  -0.287012   -8.65249E-02  3
   0.724444  -0.194114   -6.10858E-02  3
   0.825898  -0.288994   -5.55781E-02  3
   0.825898  -0.288994   -5.55781E-02  0
   0.853062  -0.194706   -3.86298E-02  3
   0.724444  -0.194114   -6.10858E-02  3
   0.825898  -0.288994   -5.55781E-02  3
   0.853062  -0.194706   -3.86298E-02  0
   0.724444  -0.194114   -6.10858E-02  3
   0.743584   -9.78945E-02   -3.15695E-02  3
   0.853062  -0.194706   -3.86298E-02  3
   0.853062  -0.194706   -3.86298E-02  0
   0.869498   -9.79688E-02   -1.97813E-02  3
   0.743584   -9.78945E-02   -3.15695E-02  3
   0.853062  -0.194706   -3.86298E-02  3
   0.869498   -9.79688E-02   -1.97813E-02  0
   0.750000  0.    1.77155E-09  3
   0.743584   -9.78945E-02   -3.15695E-02  3
   0.869498   -9.79688E-02   -1.97813E-02  3
   0.875000  0.    1.63448E-09  0
   0.869498   -9.79688E-02   -1.97813E-02  3
   0.750000  0.    1.77155E-09  3
   0.875000  0.    1.63448E-09  3
   0.750000  0.    1.77155E-09  0
   0.743584    9.78946E-02    3.15696E-02  4
   0.625000  0.    1.58916E-09  4
   0.750000  0.    1.77155E-09  4
   0.743584    9.78946E-02    3.15696E-02  0
   0.625000  0.    1.58916E-09  4
   0.617305    9.77715E-02    3.64787E-02  4
   0.743584    9.78946E-02    3.15696E-02  4
   0.743584    9.78946E-02    3.15696E-02  0
   0.724444   0.194114    6.10858E-02  4
   0.617305    9.77715E-02    3.64787E-02  4
   0.743584    9.78946E-02    3.15696E-02  4
   0.724444   0.194114    6.10858E-02  0
   0.617305    9.77715E-02    3.64787E-02  4
   0.594410   0.193136    6.95252E-02  4
   0.724444   0.194114    6.10858E-02  4
   0.724444   0.194114    6.10858E-02  0
   0.692910   0.287013    8.65250E-02  4
   0.594410   0.193136    6.95252E-02  4
   0.724444   0.194114    6.10858E-02  4
   0.692910   0.287013    8.65250E-02  0
   0.594410   0.193136    6.95252E-02  4
   0.556879   0.283744    9.59047E-02  4
   0.692910   0.287013    8.65250E-02  4
   0.692910   0.287013    8.65250E-02  0
   0.649519   0.375000   0.106189  4
   0.556879   0.283744    9.59047E-02  4
   0.692910   0.287013    8.65250E-02  4
   0.649519   0.375000   0.106189  0
   0.556879   0.283744    9.59047E-02  4
   0.505636   0.367366   0.113091  4
   0.649519   0.375000   0.106189  4
   0.649519   0.375000   0.106189  0
   0.595015   0.456571   0.118820  4
   0.505636   0.367366   0.113091  4
   0.649519   0.375000   0.106189  4
   0.595015   0.456571   0.118820  0
   0.505636   0.367366   0.113091  4
   0.441942   0.441942   0.119494  4
   0.595015   0.456571   0.118820  4
   0.595015   0.456571   0.118820  0
   0.530330   0.530330   0.123691  4
   0.441942   0.441942   0.119494  4
   0.595015   0.456571   0.118820  4
   0.530330   0.530330   0.123691  0
   0.456571   0.595015   0.118820  4
   0.441942   0.441942   0.119494  4
   0.530330   0.530330   0.123691  4
   0.456571   0.595015   0.118820  0
   0.441942   0.441942   0.119494  4
   0.367366   0.505636   0.113091  4
   0.456571   0.595015   0.118820  4
   0.456571   0.595015   0.118820  0
   0.375000   0.649519   0.106189  4
   0.367366   0.505636   0.113091  4
   0.456571   0.595015   0.118820  4
   0.375000   0.649519   0.106189  0
   0.367366   0.505636   0.113091  4
   0.283744   0.556879    9.59047E-02  4
   0.375000   0.649519   0.106189  4
   0.375000   0.649519   0.106189  0
   0.287013   0.692910    8.65250E-02  4
   0.283744   0.556879    9.59047E-02  4
   0.375000   0.649519   0.106189  4
   0.287013   0.692910    8.65250E-02  0
   0.283744   0.556879    9.59047E-02  4
   0.193136   0.594410    6.95252E-02  4
   0.287013   0.692910    8.65250E-02  4
   0.287013   0.692910    8.65250E-02  0
   0.194114   0.724444    6.10858E-02  4
   0.193136   0.594410    6.95252E-02  4
   0.287013   0.692910    8.65250E-02  4
   0.194114   0.724444    6.10858E-02  0
   0.193136   0.594410    6.95252E-02  4
    9.77715E-02   0.617305    3.64787E-02  4
   0.194114   0.724444    6.10858E-02  4
   0.194114   0.724444    6.10858E-02  0
    9.78946E-02   0.743584    3.15696E-02  4
    9.77715E-02   0.617305    3.64787E-02  4
   0.194114   0.724444    6.10858E-02  4
    9.78946E-02   0.743584    3.15696E-02  0
    9.77715E-02   0.617305    3.64787E-02  4
   -2.73196E-08   0.625000   -1.03618E-08  4
    9.78946E-02   0.743584    3.15696E-02  4
    9.78946E-02   0.743584    3.15696E-02  0
   -3.27835E-08   0.750000   -1.07727E-08  4
   -2.73196E-08   0.625000   -1.03618E-08  4
    9.78946E-02   0.743584    3.15696E-02  4
   -3.27835E-08   0.750000   -1.07727E-08  0
   -9.78947E-02   0.743584   -3.15696E-02  4
   -2.73196E-08   0.625000   -1.03618E-08  4
   -3.27835E-08   0.750000   -1.07727E-08  4
   -9.78947E-02   0.743584   -3.15696E-02  0
   -2.73196E-08   0.625000   -1.03618E-08  4
   -9.77716E-02   0.617305   -3.64787E-02  4
   -9.78947E-02   0.743584   -3.15696E-02  4
   -9.78947E-02   0.743584   -3.15696E-02  0
  -0.194114   0.724444   -6.10858E-02  4
   -9.77716E-02   0.617305   -3.64787E-02  4
   -9.78947E-02   0.743584   -3.15696E-02  4
  -0.194114   0.724444   -6.10858E-02  0
   -9.77716E-02   0.617305   -3.64787E-02  4
  -0.193136   0.594410   -6.95252E-02  4
  -0.194114   0.724444   -6.10858E-02  4
  -0.194114   0.724444   -6.10858E-02  0
  -0.287013   0.692910   -8.65250E-02  4
  -0.193136   0.594410   -6.95252E-02  4
  -0.194114   0.724444   -6.10858E-02  4
  -0.287013   0.692910   -8.65250E-02  0
  -0.193136   0.594410   -6.95252E-02  4
  -0.283744   0.556879   -9.59047E-02  4
  -0.287013   0.692910   -8.65250E-02  4
  -0.287013   0.692910   -8.65250E-02  0
  -0.375000   0.649519  -0.106189  4
  -0.283744   0.556879   -9.59047E-02  4
  -0.287013   0.692910   -8.65250E-02  4
  -0.375000   0.649519  -0.106189  0
  -0.283744   0.556879   -9.59047E-02  4
  -0.367366   0.505636  -0.113091  4
  -0.375000   0.649519  -0.106189  4
  -0.375000   0.649519  -0.106189  0
  -0.456571   0.595015  -0.118820  4
  -0.367366   0.505636  -0.113091  4
  -0.375000   0.649519  -0.106189  4
  -0.456571   0.595015  -0.118820  0
  -0.367366   0.505636  -0.113091  4
  -0.441942   0.441942  -0.119494  4
  -0.456571   0.595015  -0.118820  4
  -0.456571   0.595015  -0.118820  0
  -0.530330   0.530330  -0.123691  4
  -0.441942   0.441942  -0.119494  4
  -0.456571   0.595015  -0.118820  4
  -0.530330   0.530330  -0.123691  0
  -0.595015   0.456571  -0.118820  4
  -0.441942   0.441942  -0.119494  4
  -0.530330   0.530330  -0.123691  4
  -0.595015   0.456571  -0.118820  0
  -0.441942   0.441942  -0.119494  4
  -0.505636   0.367366  -0.113091  4
  -0.595015   0.456571  -0.118820  4
  -0.595015   0.456571  -0.118820  0
  -0.649519   0.375000  -0.106189  4
  -0.505636   0.367366  -0.113091  4
  -0.595015   0.456571  -0.118820  4
  -0.649519   0.375000  -0.106189  0
  -0.505636   0.367366  -0.113091  4
  -0.556879   0.283744   -9.59047E-02  4
  -0.649519   0.375000  -0.106189  4
  -0.649519   0.375000  -0.106189  0
  -0.692910   0.287013   -8.65249E-02  4
  -0.556879   0.283744   -9.59047E-02  4
  -0.649519   0.375000  -0.106189  4
  -0.692910   0.287013   -8.65249E-02  0
  -0.556879   0.283744   -9.59047E-02  4
  -0.594410   0.193136   -6.95252E-02  4
  -0.692910   0.287013   -8.65249E-02  4
  -0.692910   0.287013   -8.65249E-02  0
  -0.724444   0.194114   -6.10858E-02  4
  -0.594410   0.193136   -6.95252E-02  4
  -0.692910   0.287013   -8.65249E-02  4
  -0.724444   0.194114   -6.10858E-02  0
  -0.594410   0.193136   -6.95252E-02  4
  -0.617305    9.77715E-02   -3.64787E-02  4
  -0.724444   0.194114   -6.10858E-02  4
  -0.724444   0.194114   -6.10858E-02  0
  -0.743584    9.78946E-02   -3.15695E-02  4
  -0.617305    9.77715E-02   -3.64787E-02  4
  -0.724444   0.194114   -6.10858E-02  4
  -0.743584    9.78946E-02   -3.15695E-02  0
  -0.617305    9.77715E-02   -3.64787E-02  4
  -0.625000   -5.46392E-08    2.09029E-08  4
  -0.743584    9.78946E-02   -3.15695E-02  4
  -0.743584    9.78946E-02   -3.15695E-02  0
  -0.750000   -6.55671E-08    2.16300E-08  4
  -0.625000   -5.46392E-08    2.09029E-08  4
  -0.743584    9.78946E-02   -3.15695E-02  4
  -0.750000   -6.55671E-08    2.16300E-08  0
  -0.743584   -9.78947E-02    3.15696E-02  4
  -0.625000   -5.46392E-08    2.09029E-08  4
  -0.750000   -6.55671E-08    2.16300E-08  4
  -0.743584   -9.78947E-02    3.15696E-02  0
  -0.625000   -5.46392E-08    2.09029E-08  4
  -0.617305   -9.77716E-02    3.64787E-02  4
  -0.743584   -9.78947E-02    3.15696E-02  4
  -0.743584   -9.78947E-02    3.15696E-02  0
  -0.724444  -0.194114    6.10858E-02  4
  -0.617305   -9.77716E-02    3.64787E-02  4
  -0.743584   -9.78947E-02    3.15696E-02  4
  -0.724444  -0.194114    6.10858E-02  0
  -0.617305   -9.77716E-02    3.64787E-02  4
  -0.594410  -0.193136    6.95252E-02  4
  -0.724444  -0.194114    6.10858E-02  4
  -0.724444  -0.194114    6.10858E-02  0
  -0.692910  -0.287013    8.65250E-02  4
  -0.594410  -0.193136    6.95252E-02  4
  -0.724444  -0.194114    6.10858E-02  4
  -0.692910  -0.287013    8.65250E-02  0
  -0.594410  -0.193136    6.95252E-02  4
  -0.556879  -0.283744    9.59047E-02  4
  -0.692910  -0.287013    8.65250E-02  4
  -0.692910  -0.287013    8.65250E-02  0
  -0.649519  -0.375000   0.106189  4
  -0.556879  -0.283744    9.59047E-02  4
  -0.692910  -0.287013    8.65250E-02  4
  -0.649519  -0.375000   0.106189  0
  -0.556879  -0.283744    9.59047E-02  4
  -0.505636  -0.367366   0.113091  4
  -0.649519  -0.375000   0.106189  4
  -0.649519  -0.375000   0.106189  0
  -0.595015  -0.456571   0.118820  4
  -0.505636  -0.367366   0.113091  4
  -0.649519  -0.375000   0.106189  4
  -0.595015  -0.456571   0.118820  0
  -0.505636  -0.367366   0.113091  4
  -0.441942  -0.441942   0.119494  4
  -0.595015  -0.456571   0.118820  4
  -0.595015  -0.456571   0.118820  0
  -0.530330  -0.530330   0.123691  4
  -0.441942  -0.441942   0.119494  4
  -0.595015  -0.456571   0.118820  4
  -0.530330  -0.530330   0.123691  0
  -0.456571  -0.595015   0.118820  4
  -0.441942  -0.441942   0.119494  4
  -0.530330  -0.530330   0.123691  4
  -0.456571  -0.595015   0.118820  0
  -0.441942  -0.441942   0.119494  4
  -0.367366  -0.505636   0.113091  4
  -0.456571  -0.595015   0.118820  4
  -0.456571  -0.595015   0.118820  0
  -0.375000  -0.649519   0.106189  4
  -0.367366  -0.505636   0.113091  4
  -0.456571  -0.595015   0.118820  4
  -0.375000  -0.649519   0.106189  0
  -0.367366  -0.505636   0.113091  4
  -0.283744  -0.556879    9.59047E-02  4
  -0.375000  -0.649519   0.106189  4
  -0.375000  -0.649519   0.106189  0
  -0.287012  -0.692910    8.65249E-02  4
  -0.283744  -0.556879    9.59047E-02  4
  -0.375000  -0.649519   0.106189  4
  -0.287012  -0.692910    8.65249E-02  0
  -0.283744  -0.556879    9.59047E-02  4
  -0.193136  -0.594410    6.95252E-02  4
  -0.287012  -0.692910    8.65249E-02  4
  -0.287012  -0.692910    8.65249E-02  0
  -0.194114  -0.724444    6.10858E-02  4
  -0.193136  -0.594410    6.95252E-02  4
  -0.287012  -0.692910    8.65249E-02  4
  -0.194114  -0.724444    6.10858E-02  0
  -0.193136  -0.594410    6.95252E-02  4
   -9.77715E-02  -0.617305    3.64787E-02  4
  -0.194114  -0.724444    6.10858E-02  4
  -0.194114  -0.724444    6.10858E-02  0
   -9.78945E-02  -0.743584    3.15695E-02  4
   -9.77715E-02  -0.617305    3.64787E-02  4
  -0.194114  -0.724444    6.10858E-02  4
   -9.78945E-02  -0.743584    3.15695E-02  0
   -9.77715E-02  -0.617305    3.64787E-02  4
    8.19589E-08  -0.625000   -3.12278E-08  4
   -9.78945E-02  -0.743584    3.15695E-02  4
   -9.78945E-02  -0.743584    3.15695E-02  0
    9.83506E-08  -0.750000   -3.23827E-08  4
    8.19589E-08  -0.625000   -3.12278E-08  4
   -9.78945E-02  -0.743584    3.15695E-02  4
    9.83506E-08  -0.750000   -3.23827E-08  0
    9.78947E-02  -0.743584   -3.15696E-02  4
    8.19589E-08  -0.625000   -3.12278E-08  4
    9.83506E-08  -0.750000   -3.23827E-08  4
    9.78947E-02  -0.743584   -3.15696E-02  0
    8.19589E-08  -0.625000   -3.12278E-08  4
    9.77716E-02  -0.617305   -3.64788E-02  4
    9.78947E-02  -0.743584   -3.15696E-02  4
    9.78947E-02  -0.743584   -3.15696E-02  0
   0.194114  -0.724444   -6.10858E-02  4
    9.77716E-02  -0.617305   -3.64788E-02  4
    9.78947E-02  -0.743584   -3.15696E-02  4
   0.194114  -0.724444   -6.10858E-02  0
    9.77716E-02  -0.617305   -3.64788E-02  4
   0.193136  -0.594410   -6.95253E-02  4
   0.194114  -0.724444   -6.10858E-02  4
   0.194114  -0.724444   -6.10858E-02  0
   0.287013  -0.692910   -8.65250E-02  4
   0.193136  -0.594410   -6.95253E-02  4
   0.194114  -0.724444   -6.10858E-02  4
   0.287013  -0.692910   -8.65250E-02  0
   0.193136  -0.594410   -6.95253E-02  4
   0.283744  -0.556879   -9.59047E-02  4
   0.287013  -0.692910   -8.65250E-02  4
   0.287013  -0.692910   -8.65250E-02  0
   0.375000  -0.649519  -0.106189  4
   0.283744  -0.556879   -9.59047E-02  4
   0.287013  -0.692910   -8.65250E-02  4
   0.375000  -0.649519  -0.106189  0
   0.283744  -0.556879   -9.59047E-02  4
   0.367366  -0.505636  -0.113091  4
   0.375000  -0.649519  -0.106189  4
   0.375000  -0.649519  -0.106189  0
   0.456571  -0.595015  -0.118820  4
   0.367366  -0.505636  -0.113091  4
   0.375000  -0.649519  -0.106189  4
   0.456571  -0.595015  -0.118820  0
   0.367366  -0.505636  -0.113091  4
   0.441942  -0.441942  -0.119494  4
   0.456571  -0.595015  -0.118820  4
   0.456571  -0.595015  -0.118820  0
   0.530330  -0.530330  -0.123691  4
   0.441942  -0.441942  -0.119494  4
   0.456571  -0.595015  -0.118820  4
   0.530330  -0.530330  -0.123691  0
   0.595015  -0.456571  -0.118820  4
   0.441942  -0.441942  -0.119494  4
   0.530330  -0.530330  -0.123691  4
   0.595015  -0.456571  -0.118820  0
   0.441942  -0.441942  -0.119494  4
   0.505636  -0.367366  -0.113091  4
   0.595015  -0.456571  -0.118820  4
   0.595015  -0.456571  -0.118820  0
   0.649519  -0.375000  -0.106189  4
   0.505636  -0.367366  -0.113091  4
   0.595015  -0.456571  -0.118820  4
   0.649519  -0.375000  -0.106189  0
   0.505636  -0.367366  -0.113091  4
   0.556879  -0.283744   -9.59047E-02  4
   0.649519  -0.375000  -0.106189  4
   0.649519  -0.375000  -0.106189  0
   0.692910  -0.287012   -8.65249E-02  4
   0.556879  -0.283744   -9.59047E-02  4
   0.649519  -0.375000  -0.106189  4
   0.692910  -0.287012   -8.65249E-02  0
   0.556879  -0.283744   -9.59047E-02  4
   0.594410  -0.193136   -6.95252E-02  4
   0.692910  -0.287012   -8.65249E-02  4
   0.692910  -0.287012   -8.65249E-02  0
   0.724444  -0.194114   -6.10858E-02  4
   0.594410  -0.193136   -6.95252E-02  4
   0.692910  -0.287012   -8.65249E-02  4
   0.724444  -0.194114   -6.10858E-02  0
   0.594410  -0.193136   -6.95252E-02  4
   0.617305   -9.77714E-02   -3.64787E-02  4
   0.724444  -0.194114   -6.10858E-02  4
   0.724444  -0.194114   -6.10858E-02  0
   0.743584   -9.78945E-02   -3.15695E-02  4
   0.617305   -9.77714E-02   -3.64787E-02  4
   0.724444  -0.194114   -6.10858E-02  4
   0.743584   -9.78945E-02   -3.15695E-02  0
   0.625000  0.    1.58916E-09  4
   0.617305   -9.77714E-02   -3.64787E-02  4
   0.743584   -9.78945E-02   -3.15695E-02  4
   0.750000  0.    1.77155E-09  0
   0.743584   -9.78945E-02   -3.15695E-02  4
   0.625000  0.    1.58916E-09  4
   0.750000  0.    1.77155E-09  4
   0.625000  0.    1.58916E-09  0
   0.617305    9.77715E-02    3.64787E-02  1
   0.500000  0.    1.30195E-09  1
   0.625000  0.    1.58916E-09  1
   0.617305    9.77715E-02    3.64787E-02  0
   0.500000  0.    1.30195E-09  1
   0.490393    9.75452E-02    3.56168E-02  1
   0.617305    9.77715E-02    3.64787E-02  1
   0.617305    9.77715E-02    3.64787E-02  0
   0.594410   0.193136    6.95252E-02  1
   0.490393    9.75452E-02    3.56168E-02  1
   0.617305    9.77715E-02    3.64787E-02  1
   0.594410   0.193136    6.95252E-02  0
   0.490393    9.75452E-02    3.56168E-02  1
   0.461940   0.191342    6.59928E-02  1
   0.594410   0.193136    6.95252E-02  1
   0.594410   0.193136    6.95252E-02  0
   0.556879   0.283744    9.59047E-02  1
   0.461940   0.191342    6.59928E-02  1
   0.594410   0.193136    6.95252E-02  1
   0.556879   0.283744    9.59047E-02  0
   0.461940   0.191342    6.59928E-02  1
   0.415735   0.277785    8.65009E-02  1
   0.556879   0.283744    9.59047E-02  1
   0.556879   0.283744    9.59047E-02  0
   0.505636   0.367366   0.113091  1
   0.415735   0.277785    8.65009E-02  1
   0.556879   0.283744    9.59047E-02  1
   0.505636   0.367366   0.113091  0
   0.415735   0.277785    8.65009E-02  1
   0.353553   0.353553    9.40823E-02  1
   0.505636   0.367366   0.113091  1
   0.505636   0.367366   0.113091  0
   0.441942   0.441942   0.119494  1
   0.353553   0.353553    9.40823E-02  1
   0.505636   0.367366   0.113091  1
   0.441942   0.441942   0.119494  0
   0.367366   0.505636   0.113091  1
   0.353553   0.353553    9.40823E-02  1
   0.441942   0.441942   0.119494  1
   0.367366   0.505636   0.113091  0
   0.353553   0.353553    9.40823E-02  1
   0.277785   0.415735    8.65009E-02  1
   0.367366   0.505636   0.113091  1
   0.367366   0.505636   0.113091  0
   0.283744   0.556879    9.59047E-02  1
   0.277785   0.415735    8.65009E-02  1
   0.367366   0.505636   0.113091  1
   0.283744   0.556879    9.59047E-02  0
   0.277785   0.415735    8.65009E-02  1
   0.191342   0.461940    6.59928E-02  1
   0.283744   0.556879    9.59047E-02  1
   0.283744   0.556879    9.59047E-02  0
   0.193136   0.594410    6.95252E-02  1
   0.191342   0.461940    6.59928E-02  1
   0.283744   0.556879    9.59047E-02  1
   0.193136   0.594410    6.95252E-02  0
   0.191342   0.461940    6.59928E-02  1
    9.75451E-02   0.490393    3.56168E-02  1
   0.193136   0.594410    6.95252E-02  1
   0.193136   0.594410    6.95252E-02  0
    9.77715E-02   0.617305    3.64787E-02  1
    9.75451E-02   0.490393    3.56168E-02  1
   0.193136   0.594410    6.95252E-02  1
    9.77715E-02   0.617305    3.64787E-02  0
    9.75451E-02   0.490393    3.56168E-02  1
   -2.18557E-08   0.500000   -8.07583E-09  1
    9.77715E-02   0.617305    3.64787E-02  1
    9.77715E-02   0.617305    3.64787E-02  0
   -2.73196E-08   0.625000   -1.03618E-08  1
   -2.18557E-08   0.500000   -8.07583E-09  1
    9.77715E-02   0.617305    3.64787E-02  1
   -2.73196E-08   0.625000   -1.03618E-08  0
   -9.77716E-02   0.617305   -3.64787E-02  1
   -2.18557E-08   0.500000   -8.07583E-09  1
   -2.73196E-08   0.625000   -1.03618E-08  1
   -9.77716E-02   0.617305   -3.64787E-02  0
   -2.18557E-08   0.500000   -8.07583E-09  1
   -9.75452E-02   0.490393   -3.56168E-02  1
   -9.77716E-02   0.617305   -3.64787E-02  1
   -9.77716E-02   0.617305   -3.64787E-02  0
  -0.193136   0.594410   -6.95252E-02  1
   -9.75452E-02   0.490393   -3.56168E-02  1
   -9.77716E-02   0.617305   -3.64787E-02  1
  -0.193136   0.594410   -6.95252E-02  0
   -9.75452E-02   0.490393   -3.56168E-02  1
  -0.191342   0.461940   -6.59928E-02  1
  -0.193136   0.594410   -6.95252E-02  1
  -0.193136   0.594410   -6.95252E-02  0
  -0.283744   0.556879   -9.59047E-02  1
  -0.191342   0.461940   -6.59928E-02  1
  -0.193136   0.594410   -6.95252E-02  1
  -0.283744   0.556879   -9.59047E-02  0
  -0.191342   0.461940   -6.59928E-02  1
  -0.277785   0.415735   -8.65009E-02  1
  -0.283744   0.556879   -9.59047E-02  1
  -0.283744   0.556879   -9.59047E-02  0
  -0.367366   0.505636  -0.113091  1
  -0.277785   0.415735   -8.65009E-02  1
  -0.283744   0.556879   -9.59047E-02  1
  -0.367366   0.505636  -0.113091  0
  -0.277785   0.415735   -8.65009E-02  1
  -0.353553   0.353553   -9.40823E-02  1
  -0.367366   0.505636  -0.113091  1
  -0.367366   0.505636  -0.113091  0
  -0.441942   0.441942  -0.119494  1
  -0.353553   0.353553   -9.40823E-02  1
  -0.367366   0.505636  -0.113091  1
  -0.441942   0.441942  -0.119494  0
  -0.505636   0.367366  -0.113091  1
  -0.353553   0.353553   -9.40823E-02  1
  -0.441942   0.441942  -0.119494  1
  -0.505636   0.367366  -0.113091  0
  -0.353553   0.353553   -9.40823E-02  1
  -0.415735   0.277785   -8.65009E-02  1
  -0.505636   0.367366  -0.113091  1
  -0.505636   0.367366  -0.113091  0
  -0.556879   0.283744   -9.59047E-02  1
  -0.415735   0.277785   -8.65009E-02  1
  -0.505636   0.367366  -0.113091  1
  -0.556879   0.283744   -9.59047E-02  0
  -0.415735   0.277785   -8.65009E-02  1
  -0.461940   0.191342   -6.59928E-02  1
  -0.556879   0.283744   -9.59047E-02  1
  -0.556879   0.283744   -9.59047E-02  0
  -0.594410   0.193136   -6.95252E-02  1
  -0.461940   0.191342   -6.59928E-02  1
  -0.556879   0.283744   -9.59047E-02  1
  -0.594410   0.193136   -6.95252E-02  0
  -0.461940   0.191342   -6.59928E-02  1
  -0.490393    9.75451E-02   -3.56168E-02  1
  -0.594410   0.193136   -6.95252E-02  1
  -0.594410   0.193136   -6.95252E-02  0
  -0.617305    9.77715E-02   -3.64787E-02  1
  -0.490393    9.75451E-02   -3.56168E-02  1
  -0.594410   0.193136   -6.95252E-02  1
  -0.617305    9.77715E-02   -3.64787E-02  0
  -0.490393    9.75451E-02   -3.56168E-02  1
  -0.500000   -4.37114E-08    1.64765E-08  1
  -0.617305    9.77715E-02   -3.64787E-02  1
  -0.617305    9.77715E-02   -3.64787E-02  0
  -0.625000   -5.46392E-08    2.09029E-08  1
  -0.500000   -4.37114E-08    1.64765E-08  1
  -0.617305    9.77715E-02   -3.64787E-02  1
  -0.625000   -5.46392E-08    2.09029E-08  0
  -0.617305   -9.77716E-02    3.64787E-02  1
  -0.500000   -4.37114E-08    1.64765E-08  1
  -0.625000   -5.46392E-08    2.09029E-08  1
  -0.617305   -9.77716E-02    3.64787E-02  0
  -0.500000   -4.37114E-08    1.64765E-08  1
  -0.490393   -9.75452E-02    3.56168E-02  1
  -0.617305   -9.77716E-02    3.64787E-02  1
  -0.617305   -9.77716E-02    3.64787E-02  0
  -0.594410  -0.193136    6.95252E-02  1
  -0.490393   -9.75452E-02    3.56168E-02  1
  -0.617305   -9.77716E-02    3.64787E-02  1
  -0.594410  -0.193136    6.95252E-02  0
  -0.490393   -9.75452E-02    3.56168E-02  1
  -0.461940  -0.191342    6.59928E-02  1
  -0.594410  -0.193136    6.95252E-02  1
  -0.594410  -0.193136    6.95252E-02  0
  -0.556879  -0.283744    9.59047E-02  1
  -0.461940  -0.191342    6.59928E-02  1
  -0.594410  -0.193136    6.95252E-02  1
  -0.556879  -0.283744    9.59047E-02  0
  -0.461940  -0.191342    6.59928E-02  1
  -0.415735  -0.277785    8.65009E-02  1
  -0.556879  -0.283744    9.59047E-02  1
  -0.556879  -0.283744    9.59047E-02  0
  -0.505636  -0.367366   0.113091  1
  -0.415735  -0.277785    8.65009E-02  1
  -0.556879  -0.283744    9.59047E-02  1
  -0.505636  -0.367366   0.113091  0
  -0.415735  -0.277785    8.65009E-02  1
  -0.353553  -0.353553    9.40823E-02  1
  -0.505636  -0.367366   0.113091  1
  -0.505636  -0.367366   0.113091  0
  -0.441942  -0.441942   0.119494  1
  -0.353553  -0.353553    9.40823E-02  1
  -0.505636  -0.367366   0.113091  1
  -0.441942  -0.441942   0.119494  0
  -0.367366  -0.505636   0.113091  1
  -0.353553  -0.353553    9.40823E-02  1
  -0.441942  -0.441942   0.119494  1
  -0.367366  -0.505636   0.113091  0
  -0.353553  -0.353553    9.40823E-02  1
  -0.277785  -0.415735    8.65009E-02  1
  -0.367366  -0.505636   0.113091  1
  -0.367366  -0.505636   0.113091  0
  -0.283744  -0.556879    9.59047E-02  1
  -0.277785  -0.415735    8.65009E-02  1
  -0.367366  -0.505636   0.113091  1
  -0.283744  -0.556879    9.59047E-02  0
  -0.277785  -0.415735    8.65009E-02  1
  -0.191342  -0.461940    6.59928E-02  1
  -0.283744  -0.556879    9.59047E-02  1
  -0.283744  -0.556879    9.59047E-02  0
  -0.193136  -0.594410    6.95252E-02  1
  -0.191342  -0.461940    6.59928E-02  1
  -0.283744  -0.556879    9.59047E-02  1
  -0.193136  -0.594410    6.95252E-02  0
  -0.191342  -0.461940    6.59928E-02  1
   -9.75451E-02  -0.490393    3.56168E-02  1
  -0.193136  -0.594410    6.95252E-02  1
  -0.193136  -0.594410    6.95252E-02  0
   -9.77715E-02  -0.617305    3.64787E-02  1
   -9.75451E-02  -0.490393    3.56168E-02  1
  -0.193136  -0.594410    6.95252E-02  1
   -9.77715E-02  -0.617305    3.64787E-02  0
   -9.75451E-02  -0.490393    3.56168E-02  1
    6.55671E-08  -0.500000   -2.44887E-08  1
   -9.77715E-02  -0.617305    3.64787E-02  1
   -9.77715E-02  -0.617305    3.64787E-02  0
    8.19589E-08  -0.625000   -3.12278E-08  1
    6.55671E-08  -0.500000   -2.44887E-08  1
   -9.77715E-02  -0.617305    3.64787E-02  1
    8.19589E-08  -0.625000   -3.12278E-08  0
    9.77716E-02  -0.617305   -3.64788E-02  1
    6.55671E-08  -0.500000   -2.44887E-08  1
    8.19589E-08  -0.625000   -3.12278E-08  1
    9.77716E-02  -0.617305   -3.64788E-02  0
    6.55671E-08  -0.500000   -2.44887E-08  1
    9.75452E-02  -0.490393   -3.56169E-02  1
    9.77716E-02  -0.617305   -3.64788E-02  1
    9.77716E-02  -0.617305   -3.64788E-02  0
   0.193136  -0.594410   -6.95253E-02  1
    9.75452E-02  -0.490393   -3.56169E-02  1
    9.77716E-02  -0.617305   -3.64788E-02  1
   0.193136  -0.594410   -6.95253E-02  0
    9.75452E-02  -0.490393   -3.56169E-02  1
   0.191342  -0.461940   -6.59928E-02  1
   0.193136  -0.594410   -6.95253E-02  1
   0.193136  -0.594410   -6.95253E-02  0
   0.283744  -0.556879   -9.59047E-02  1
   0.191342  -0.461940   -6.59928E-02  1
   0.193136  -0.594410   -6.95253E-02  1
   0.283744  -0.556879   -9.59047E-02  0
   0.191342  -0.461940   -6.59928E-02  1
   0.277785  -0.415735   -8.65009E-02  1
   0.283744  -0.556879   -9.59047E-02  1
   0.283744  -0.556879   -9.59047E-02  0
   0.367366  -0.505636  -0.113091  1
   0.277785  -0.415735   -8.65009E-02  1
   0.283744  -0.556879   -9.59047E-02  1
   0.367366  -0.505636  -0.113091  0
   0.277785  -0.415735   -8.65009E-02  1
   0.353553  -0.353553   -9.40823E-02  1
   0.367366  -0.505636  -0.113091  1
   0.367366  -0.505636  -0.113091  0
   0.441942  -0.441942  -0.119494  1
   0.353553  -0.353553   -9.40823E-02  1
   0.367366  -0.505636  -0.113091  1
   0.441942  -0.441942  -0.119494  0
   0.505636  -0.367366  -0.113091  1
   0.353553  -0.353553   -9.40823E-02  1
   0.441942  -0.441942  -0.119494  1
   0.505636  -0.367366  -0.113091  0
   0.353553  -0.353553   -9.40823E-02  1
   0.415735  -0.277785   -8.65008E-02  1
   0.505636  -0.367366  -0.113091  1
   0.505636  -0.367366  -0.113091  0
   0.556879  -0.283744   -9.59047E-02  1
   0.415735  -0.277785   -8.65008E-02  1
   0.505636  -0.367366  -0.113091  1
   0.556879  -0.283744   -9.59047E-02  0
   0.415735  -0.277785   -8.65008E-02  1
   0.461940  -0.191342   -6.59928E-02  1
   0.556879  -0.283744   -9.59047E-02  1
   0.556879  -0.283744   -9.59047E-02  0
   0.594410  -0.193136   -6.95252E-02  1
   0.461940  -0.191342   -6.59928E-02  1
   0.556879  -0.283744   -9.59047E-02  1
   0.594410  -0.193136   -6.95252E-02  0
   0.461940  -0.191342   -6.59928E-02  1
   0.490393   -9.75451E-02   -3.56168E-02  1
   0.594410  -0.193136   -6.95252E-02  1
   0.594410  -0.193136   -6.95252E-02  0
   0.617305   -9.77714E-02   -3.64787E-02  1
   0.490393   -9.75451E-02   -3.56168E-02  1
   0.594410  -0.193136   -6.95252E-02  1
   0.617305   -9.77714E-02   -3.64787E-02  0
   0.500000  0.    1.30195E-09  1
   0.490393   -9.75451E-02   -3.56168E-02  1
   0.617305   -9.77714E-02   -3.64787E-02  1
   0.625000  0.    1.58916E-09  0
   0.617305   -9.77714E-02   -3.64787E-02  1
   0.500000  0.    1.30195E-09  1
   0.625000  0.    1.58916E-09  1
   0.500000  0.    1.30195E-09  0
   0.490393    9.75452E-02    3.56168E-02  2
   0.375000  0.    9.76801E-10  2
   0.500000  0.    1.30195E-09  2
   0.490393    9.75452E-02    3.56168E-02  0
   0.375000  0.    9.76801E-10  2
   0.362222    9.70571E-02    3.00606E-02  2
   0.490393    9.75452E-02    3.56168E-02  2
   0.490393    9.75452E-02    3.56168E-02  0
   0.461940   0.191342    6.59928E-02  2
   0.362222    9.70571E-02    3.00606E-02  2
   0.490393    9.75452E-02    3.56168E-02  2
   0.461940   0.191342    6.59928E-02  0
   0.362222    9.70571E-02    3.00606E-02  2
   0.324760   0.187500    5.22822E-02  2
   0.461940   0.191342    6.59928E-02  2
   0.461940   0.191342    6.59928E-02  0
   0.415735   0.277785    8.65009E-02  2
   0.324760   0.187500    5.22822E-02  2
   0.461940   0.191342    6.59928E-02  2
   0.415735   0.277785    8.65009E-02  0
   0.324760   0.187500    5.22822E-02  2
   0.265165   0.265165    6.06867E-02  2
   0.415735   0.277785    8.65009E-02  2
   0.415735   0.277785    8.65009E-02  0
   0.353553   0.353553    9.40823E-02  2
   0.265165   0.265165    6.06867E-02  2
   0.415735   0.277785    8.65009E-02  2
   0.353553   0.353553    9.40823E-02  0
   0.277785   0.415735    8.65009E-02  2
   0.265165   0.265165    6.06867E-02  2
   0.353553   0.353553    9.40823E-02  2
   0.277785   0.415735    8.65009E-02  0
   0.265165   0.265165    6.06867E-02  2
   0.187500   0.324760    5.22822E-02  2
   0.277785   0.415735    8.65009E-02  2
   0.277785   0.415735    8.65009E-02  0
   0.191342   0.461940    6.59928E-02  2
   0.187500   0.324760    5.22822E-02  2
   0.277785   0.415735    8.65009E-02  2
   0.191342   0.461940    6.59928E-02  0
   0.187500   0.324760    5.22822E-02  2
    9.70571E-02   0.362222    3.00606E-02  2
   0.191342   0.461940    6.59928E-02  2
   0.191342   0.461940    6.59928E-02  0
    9.75451E-02   0.490393    3.56168E-02  2
    9.70571E-02   0.362222    3.00606E-02  2
   0.191342   0.461940    6.59928E-02  2
    9.75451E-02   0.490393    3.56168E-02  0
    9.70571E-02   0.362222    3.00606E-02  2
   -1.63918E-08   0.375000   -5.07905E-09  2
    9.75451E-02   0.490393    3.56168E-02  2
    9.75451E-02   0.490393    3.56168E-02  0
   -2.18557E-08   0.500000   -8.07583E-09  2
   -1.63918E-08   0.375000   -5.07905E-09  2
    9.75451E-02   0.490393    3.56168E-02  2
   -2.18557E-08   0.500000   -8.07583E-09  0
   -9.75452E-02   0.490393   -3.56168E-02  2
   -1.63918E-08   0.375000   -5.07905E-09  2
   -2.18557E-08   0.500000   -8.07583E-09  2
   -9.75452E-02   0.490393   -3.56168E-02  0
   -1.63918E-08   0.375000   -5.07905E-09  2
   -9.70572E-02   0.362222   -3.00607E-02  2
   -9.75452E-02   0.490393   -3.56168E-02  2
   -9.75452E-02   0.490393   -3.56168E-02  0
  -0.191342   0.461940   -6.59928E-02  2
   -9.70572E-02   0.362222   -3.00607E-02  2
   -9.75452E-02   0.490393   -3.56168E-02  2
  -0.191342   0.461940   -6.59928E-02  0
   -9.70572E-02   0.362222   -3.00607E-02  2
  -0.187500   0.324760   -5.22822E-02  2
  -0.191342   0.461940   -6.59928E-02  2
  -0.191342   0.461940   -6.59928E-02  0
  -0.277785   0.415735   -8.65009E-02  2
  -0.187500   0.324760   -5.22822E-02  2
  -0.191342   0.461940   -6.59928E-02  2
  -0.277785   0.415735   -8.65009E-02  0
  -0.187500   0.324760   -5.22822E-02  2
  -0.265165   0.265165   -6.06867E-02  2
  -0.277785   0.415735   -8.65009E-02  2
  -0.277785   0.415735   -8.65009E-02  0
  -0.353553   0.353553   -9.40823E-02  2
  -0.265165   0.265165   -6.06867E-02  2
  -0.277785   0.415735   -8.65009E-02  2
  -0.353553   0.353553   -9.40823E-02  0
  -0.415735   0.277785   -8.65009E-02  2
  -0.265165   0.265165   -6.06867E-02  2
  -0.353553   0.353553   -9.40823E-02  2
  -0.415735   0.277785   -8.65009E-02  0
  -0.265165   0.265165   -6.06867E-02  2
  -0.324760   0.187500   -5.22822E-02  2
  -0.415735   0.277785   -8.65009E-02  2
  -0.415735   0.277785   -8.65009E-02  0
  -0.461940   0.191342   -6.59928E-02  2
  -0.324760   0.187500   -5.22822E-02  2
  -0.415735   0.277785   -8.65009E-02  2
  -0.461940   0.191342   -6.59928E-02  0
  -0.324760   0.187500   -5.22822E-02  2
  -0.362222    9.70571E-02   -3.00606E-02  2
  -0.461940   0.191342   -6.59928E-02  2
  -0.461940   0.191342   -6.59928E-02  0
  -0.490393    9.75451E-02   -3.56168E-02  2
  -0.362222    9.70571E-02   -3.00606E-02  2
  -0.461940   0.191342   -6.59928E-02  2
  -0.490393    9.75451E-02   -3.56168E-02  0
  -0.362222    9.70571E-02   -3.00606E-02  2
  -0.375000   -3.27835E-08    1.06741E-08  2
  -0.490393    9.75451E-02   -3.56168E-02  2
  -0.490393    9.75451E-02   -3.56168E-02  0
  -0.500000   -4.37114E-08    1.64765E-08  2
  -0.375000   -3.27835E-08    1.06741E-08  2
  -0.490393    9.75451E-02   -3.56168E-02  2
  -0.500000   -4.37114E-08    1.64765E-08  0
  -0.490393   -9.75452E-02    3.56168E-02  2
  -0.375000   -3.27835E-08    1.06741E-08  2
  -0.500000   -4.37114E-08    1.64765E-08  2
  -0.490393   -9.75452E-02    3.56168E-02  0
  -0.375000   -3.27835E-08    1.06741E-08  2
  -0.362222   -9.70572E-02    3.00607E-02  2
  -0.490393   -9.75452E-02    3.56168E-02  2
  -0.490393   -9.75452E-02    3.56168E-02  0
  -0.461940  -0.191342    6.59928E-02  2
  -0.362222   -9.70572E-02    3.00607E-02  2
  -0.490393   -9.75452E-02    3.56168E-02  2
  -0.461940  -0.191342    6.59928E-02  0
  -0.362222   -9.70572E-02    3.00607E-02  2
  -0.324760  -0.187500    5.22822E-02  2
  -0.461940  -0.191342    6.59928E-02  2
  -0.461940  -0.191342    6.59928E-02  0
  -0.415735  -0.277785    8.65009E-02  2
  -0.324760  -0.187500    5.22822E-02  2
  -0.461940  -0.191342    6.59928E-02  2
  -0.415735  -0.277785    8.65009E-02  0
  -0.324760  -0.187500    5.22822E-02  2
  -0.265165  -0.265165    6.06867E-02  2
  -0.415735  -0.277785    8.65009E-02  2
  -0.415735  -0.277785    8.65009E-02  0
  -0.353553  -0.353553    9.40823E-02  2
  -0.265165  -0.265165    6.06867E-02  2
  -0.415735  -0.277785    8.65009E-02  2
  -0.353553  -0.353553    9.40823E-02  0
  -0.277785  -0.415735    8.65009E-02  2
  -0.265165  -0.265165    6.06867E-02  2
  -0.353553  -0.353553    9.40823E-02  2
  -0.277785  -0.415735    8.65009E-02  0
  -0.265165  -0.265165    6.06867E-02  2
  -0.187500  -0.324760    5.22822E-02  2
  -0.277785  -0.415735    8.65009E-02  2
  -0.277785  -0.415735    8.65009E-02  0
  -0.191342  -0.461940    6.59928E-02  2
  -0.187500  -0.324760    5.22822E-02  2
  -0.277785  -0.415735    8.65009E-02  2
  -0.191342  -0.461940    6.59928E-02  0
  -0.187500  -0.324760    5.22822E-02  2
   -9.70571E-02  -0.362222    3.00606E-02  2
  -0.191342  -0.461940    6.59928E-02  2
  -0.191342  -0.461940    6.59928E-02  0
   -9.75451E-02  -0.490393    3.56168E-02  2
   -9.70571E-02  -0.362222    3.00606E-02  2
  -0.191342  -0.461940    6.59928E-02  2
   -9.75451E-02  -0.490393    3.56168E-02  0
   -9.70571E-02  -0.362222    3.00606E-02  2
    4.91753E-08  -0.375000   -1.56426E-08  2
   -9.75451E-02  -0.490393    3.56168E-02  2
   -9.75451E-02  -0.490393    3.56168E-02  0
    6.55671E-08  -0.500000   -2.44887E-08  2
    4.91753E-08  -0.375000   -1.56426E-08  2
   -9.75451E-02  -0.490393    3.56168E-02  2
    6.55671E-08  -0.500000   -2.44887E-08  0
    9.75452E-02  -0.490393   -3.56169E-02  2
    4.91753E-08  -0.375000   -1.56426E-08  2
    6.55671E-08  -0.500000   -2.44887E-08  2
    9.75452E-02  -0.490393   -3.56169E-02  0
    4.91753E-08  -0.375000   -1.56426E-08  2
    9.70572E-02  -0.362222   -3.00607E-02  2
    9.75452E-02  -0.490393   -3.56169E-02  2
    9.75452E-02  -0.490393   -3.56169E-02  0
   0.191342  -0.461940   -6.59928E-02  2
    9.70572E-02  -0.362222   -3.00607E-02  2
    9.75452E-02  -0.490393   -3.56169E-02  2
   0.191342  -0.461940   -6.59928E-02  0
    9.70572E-02  -0.362222   -3.00607E-02  2
   0.187500  -0.324760   -5.22822E-02  2
   0.191342  -0.461940   -6.59928E-02  2
   0.191342  -0.461940   -6.59928E-02  0
   0.277785  -0.415735   -8.65009E-02  2
   0.187500  -0.324760   -5.22822E-02  2
   0.191342  -0.461940   -6.59928E-02  2
   0.277785  -0.415735   -8.65009E-02  0
   0.187500  -0.324760   -5.22822E-02  2
   0.265165  -0.265165   -6.06867E-02  2
   0.277785  -0.415735   -8.65009E-02  2
   0.277785  -0.415735   -8.65009E-02  0
   0.353553  -0.353553   -9.40823E-02  2
   0.265165  -0.265165   -6.06867E-02  2
   0.277785  -0.415735   -8.65009E-02  2
   0.353553  -0.353553   -9.40823E-02  0
   0.415735  -0.277785   -8.65008E-02  2
   0.265165  -0.265165   -6.06867E-02  2
   0.353553  -0.353553   -9.40823E-02  2
   0.415735  -0.277785   -8.65008E-02  0
   0.265165  -0.265165   -6.06867E-02  2
   0.324760  -0.187500   -5.22822E-02  2
   0.415735  -0.277785   -8.65008E-02  2
   0.415735  -0.277785   -8.65008E-02  0
   0.461940  -0.191342   -6.59928E-02  2
   0.324760  -0.187500   -5.22822E-02  2
   0.415735  -0.277785   -8.65008E-02  2
   0.461940  -0.191342   -6.59928E-02  0
   0.324760  -0.187500   -5.22822E-02  2
   0.362222   -9.70571E-02   -3.00606E-02  2
   0.461940  -0.191342   -6.59928E-02  2
   0.461940  -0.191342   -6.59928E-02  0
   0.490393   -9.75451E-02   -3.56168E-02  2
   0.362222   -9.70571E-02   -3.00606E-02  2
   0.461940  -0.191342   -6.59928E-02  2
   0.490393   -9.75451E-02   -3.56168E-02  0
   0.375000  0.    9.76801E-10  2
   0.362222   -9.70571E-02   -3.00606E-02  2
   0.490393   -9.75451E-02   -3.56168E-02  2
   0.500000  0.    1.30195E-09  0
   0.490393   -9.75451E-02   -3.56168E-02  2
   0.375000  0.    9.76801E-10  2
   0.500000  0.    1.30195E-09  2
   0.375000  0.    9.76801E-10  0
   0.362222    9.70571E-02    3.00606E-02  3
   0.250000  0.    6.70689E-10  3
   0.375000  0.    9.76801E-10  3
   0.362222    9.70571E-02    3.00606E-02  0
   0.250000  0.    6.70689E-10  3
   0.230970    9.56709E-02    2.07739E-02  3
   0.362222    9.70571E-02    3.00606E-02  3
   0.362222    9.70571E-02    3.00606E-02  0
   0.324760   0.187500    5.22822E-02  3
   0.230970    9.56709E-02    2.07739E-02  3
   0.362222    9.70571E-02    3.00606E-02  3
   0.324760   0.187500    5.22822E-02  0
   0.230970    9.56709E-02    2.07739E-02  3
   0.176777   0.176777    2.95700E-02  3
   0.324760   0.187500    5.22822E-02  3
   0.324760   0.187500    5.22822E-02  0
   0.265165   0.265165    6.06867E-02  3
   0.176777   0.176777    2.95700E-02  3
   0.324760   0.187500    5.22822E-02  3
   0.265165   0.265165    6.06867E-02  0
   0.187500   0.324760    5.22822E-02  3
   0.176777   0.176777    2.95700E-02  3
   0.265165   0.265165    6.06867E-02  3
   0.187500   0.324760    5.22822E-02  0
   0.176777   0.176777    2.95700E-02  3
    9.56708E-02   0.230970    2.07739E-02  3
   0.187500   0.324760    5.22822E-02  3
   0.187500   0.324760    5.22822E-02  0
    9.70571E-02   0.362222    3.00606E-02  3
    9.56708E-02   0.230970    2.07739E-02  3
   0.187500   0.324760    5.22822E-02  3
    9.70571E-02   0.362222    3.00606E-02  0
    9.56708E-02   0.230970    2.07739E-02  3
   -1.09278E-08   0.250000   -2.28661E-09  3
    9.70571E-02   0.362222    3.00606E-02  3
    9.70571E-02   0.362222    3.00606E-02  0
   -1.63918E-08   0.375000   -5.07905E-09  3
   -1.09278E-08   0.250000   -2.28661E-09  3
    9.70571E-02   0.362222    3.00606E-02  3
   -1.63918E-08   0.375000   -5.07905E-09  0
   -9.70572E-02   0.362222   -3.00607E-02  3
   -1.09278E-08   0.250000   -2.28661E-09  3
   -1.63918E-08   0.375000   -5.07905E-09  3
   -9.70572E-02   0.362222   -3.00607E-02  0
   -1.09278E-08   0.250000   -2.28661E-09  3
   -9.56709E-02   0.230970   -2.07739E-02  3
   -9.70572E-02   0.362222   -3.00607E-02  3
   -9.70572E-02   0.362222   -3.00607E-02  0
  -0.187500   0.324760   -5.22822E-02  3
   -9.56709E-02   0.230970   -2.07739E-02  3
   -9.70572E-02   0.362222   -3.00607E-02  3
  -0.187500   0.324760   -5.22822E-02  0
   -9.56709E-02   0.230970   -2.07739E-02  3
  -0.176777   0.176777   -2.95700E-02  3
  -0.187500   0.324760   -5.22822E-02  3
  -0.187500   0.324760   -5.22822E-02  0
  -0.265165   0.265165   -6.06867E-02  3
  -0.176777   0.176777   -2.95700E-02  3
  -0.187500   0.324760   -5.22822E-02  3
  -0.265165   0.265165   -6.06867E-02  0
  -0.324760   0.187500   -5.22822E-02  3
  -0.176777   0.176777   -2.95700E-02  3
  -0.265165   0.265165   -6.06867E-02  3
  -0.324760   0.187500   -5.22822E-02  0
  -0.176777   0.176777   -2.95700E-02  3
  -0.230970    9.56708E-02   -2.07739E-02  3
  -0.324760   0.187500   -5.22822E-02  3
  -0.324760   0.187500   -5.22822E-02  0
  -0.362222    9.70571E-02   -3.00606E-02  3
  -0.230970    9.56708E-02   -2.07739E-02  3
  -0.324760   0.187500   -5.22822E-02  3
  -0.362222    9.70571E-02   -3.00606E-02  0
  -0.230970    9.56708E-02   -2.07739E-02  3
  -0.250000   -2.18557E-08    5.30217E-09  3
  -0.362222    9.70571E-02   -3.00606E-02  3
  -0.362222    9.70571E-02   -3.00606E-02  0
  -0.375000   -3.27835E-08    1.06741E-08  3
  -0.250000   -2.18557E-08    5.30217E-09  3
  -0.362222    9.70571E-02   -3.00606E-02  3
  -0.375000   -3.27835E-08    1.06741E-08  0
  -0.362222   -9.70572E-02    3.00607E-02  3
  -0.250000   -2.18557E-08    5.30217E-09  3
  -0.375000   -3.27835E-08    1.06741E-08  3
  -0.362222   -9.70572E-02    3.00607E-02  0
  -0.250000   -2.18557E-08    5.30217E-09  3
  -0.230970   -9.56709E-02    2.07739E-02  3
  -0.362222   -9.70572E-02    3.00607E-02  3
  -0.362222   -9.70572E-02    3.00607E-02  0
  -0.324760  -0.187500    5.22822E-02  3
  -0.230970   -9.56709E-02    2.07739E-02  3
  -0.362222   -9.70572E-02    3.00607E-02  3
  -0.324760  -0.187500    5.22822E-02  0
  -0.230970   -9.56709E-02    2.07739E-02  3
  -0.176777  -0.176777    2.95700E-02  3
  -0.324760  -0.187500    5.22822E-02  3
  -0.324760  -0.187500    5.22822E-02  0
  -0.265165  -0.265165    6.06867E-02  3
  -0.176777  -0.176777    2.95700E-02  3
  -0.324760  -0.187500    5.22822E-02  3
  -0.265165  -0.265165    6.06867E-02  0
  -0.187500  -0.324760    5.22822E-02  3
  -0.176777  -0.176777    2.95700E-02  3
  -0.265165  -0.265165    6.06867E-02  3
  -0.187500  -0.324760    5.22822E-02  0
  -0.176777  -0.176777    2.95700E-02  3
   -9.56708E-02  -0.230970    2.07739E-02  3
  -0.187500  -0.324760    5.22822E-02  3
  -0.187500  -0.324760    5.22822E-02  0
   -9.70571E-02  -0.362222    3.00606E-02  3
   -9.56708E-02  -0.230970    2.07739E-02  3
  -0.187500  -0.324760    5.22822E-02  3
   -9.70571E-02  -0.362222    3.00606E-02  0
   -9.56708E-02  -0.230970    2.07739E-02  3
    3.27835E-08  -0.250000   -7.39499E-09  3
   -9.70571E-02  -0.362222    3.00606E-02  3
   -9.70571E-02  -0.362222    3.00606E-02  0
    4.91753E-08  -0.375000   -1.56426E-08  3
    3.27835E-08  -0.250000   -7.39499E-09  3
   -9.70571E-02  -0.362222    3.00606E-02  3
    4.91753E-08  -0.375000   -1.56426E-08  0
    9.70572E-02  -0.362222   -3.00607E-02  3
    3.27835E-08  -0.250000   -7.39499E-09  3
    4.91753E-08  -0.375000   -1.56426E-08  3
    9.70572E-02  -0.362222   -3.00607E-02  0
    3.27835E-08  -0.250000   -7.39499E-09  3
    9.56709E-02  -0.230970   -2.07739E-02  3
    9.70572E-02  -0.362222   -3.00607E-02  3
    9.70572E-02  -0.362222   -3.00607E-02  0
   0.187500  -0.324760   -5.22822E-02  3
    9.56709E-02  -0.230970   -2.07739E-02  3
    9.70572E-02  -0.362222   -3.00607E-02  3
   0.187500  -0.324760   -5.22822E-02  0
    9.56709E-02  -0.230970   -2.07739E-02  3
   0.176777  -0.176777   -2.95700E-02  3
   0.187500  -0.324760   -5.22822E-02  3
   0.187500  -0.324760   -5.22822E-02  0
   0.265165  -0.265165   -6.06867E-02  3
   0.176777  -0.176777   -2.95700E-02  3
   0.187500  -0.324760   -5.22822E-02  3
   0.265165  -0.265165   -6.06867E-02  0
   0.324760  -0.187500   -5.22822E-02  3
   0.176777  -0.176777   -2.95700E-02  3
   0.265165  -0.265165   -6.06867E-02  3
   0.324760  -0.187500   -5.22822E-02  0
   0.176777  -0.176777   -2.95700E-02  3
   0.230970   -9.56708E-02   -2.07739E-02  3
   0.324760  -0.187500   -5.22822E-02  3
   0.324760  -0.187500   -5.22822E-02  0
   0.362222   -9.70571E-02   -3.00606E-02  3
   0.230970   -9.56708E-02   -2.07739E-02  3
   0.324760  -0.187500   -5.22822E-02  3
   0.362222   -9.70571E-02   -3.00606E-02  0
   0.250000  0.    6.70689E-10  3
   0.230970   -9.56708E-02   -2.07739E-02  3
   0.362222   -9.70571E-02   -3.00606E-02  3
   0.375000  0.    9.76801E-10  0
   0.362222   -9.70571E-02   -3.00606E-02  3
   0.250000  0.    6.70689E-10  3
   0.375000  0.    9.76801E-10  3
   0.250000  0.    6.70689E-10  0
   0.230970    9.56709E-02    2.07739E-02  4
   0.125000  0.    4.65631E-10  4
   0.250000  0.    6.70689E-10  4
   0.230970    9.56709E-02    2.07739E-02  0
   0.125000  0.    4.65631E-10  4
    8.83883E-02    8.83883E-02    8.06182E-03  4
   0.230970    9.56709E-02    2.07739E-02  4
   0.230970    9.56709E-02    2.07739E-02  0
   0.176777   0.176777    2.95700E-02  4
    8.83883E-02    8.83883E-02    8.06182E-03  4
   0.230970    9.56709E-02    2.07739E-02  4
   0.176777   0.176777    2.95700E-02  0
    9.56708E-02   0.230970    2.07739E-02  4
    8.83883E-02    8.83883E-02    8.06182E-03  4
   0.176777   0.176777    2.95700E-02  4
    9.56708E-02   0.230970    2.07739E-02  0
    8.83883E-02    8.83883E-02    8.06182E-03  4
   -5.46392E-09   0.125000   -3.63189E-10  4
    9.56708E-02   0.230970    2.07739E-02  4
    9.56708E-02   0.230970    2.07739E-02  0
   -1.09278E-08   0.250000   -2.28661E-09  4
   -5.46392E-09   0.125000   -3.63189E-10  4
    9.56708E-02   0.230970    2.07739E-02  4
   -1.09278E-08   0.250000   -2.28661E-09  0
   -9.56709E-02   0.230970   -2.07739E-02  4
   -5.46392E-09   0.125000   -3.63189E-10  4
   -1.09278E-08   0.250000   -2.28661E-09  4
   -9.56709E-02   0.230970   -2.07739E-02  0
   -5.46392E-09   0.125000   -3.63189E-10  4
   -8.83884E-02    8.83883E-02   -8.06182E-03  4
   -9.56709E-02   0.230970   -2.07739E-02  4
   -9.56709E-02   0.230970   -2.07739E-02  0
  -0.176777   0.176777   -2.95700E-02  4
   -8.83884E-02    8.83883E-02   -8.06182E-03  4
   -9.56709E-02   0.230970   -2.07739E-02  4
  -0.176777   0.176777   -2.95700E-02  0
  -0.230970    9.56708E-02   -2.07739E-02  4
   -8.83884E-02    8.83883E-02   -8.06182E-03  4
  -0.176777   0.176777   -2.95700E-02  4
  -0.230970    9.56708E-02   -2.07739E-02  0
   -8.83884E-02    8.83883E-02   -8.06182E-03  4
  -0.125000   -1.09278E-08    1.64669E-09  4
  -0.230970    9.56708E-02   -2.07739E-02  4
  -0.230970    9.56708E-02   -2.07739E-02  0
  -0.250000   -2.18557E-08    5.30217E-09  4
  -0.125000   -1.09278E-08    1.64669E-09  4
  -0.230970    9.56708E-02   -2.07739E-02  4
  -0.250000   -2.18557E-08    5.30217E-09  0
  -0.230970   -9.56709E-02    2.07739E-02  4
  -0.125000   -1.09278E-08    1.64669E-09  4
  -0.250000   -2.18557E-08    5.30217E-09  4
  -0.230970   -9.56709E-02    2.07739E-02  0
  -0.125000   -1.09278E-08    1.64669E-09  4
   -8.83883E-02   -8.83884E-02    8.06182E-03  4
  -0.230970   -9.56709E-02    2.07739E-02  4
  -0.230970   -9.56709E-02    2.07739E-02  0
  -0.176777  -0.176777    2.95700E-02  4
   -8.83883E-02   -8.83884E-02    8.06182E-03  4
  -0.230970   -9.56709E-02    2.07739E-02  4
  -0.176777  -0.176777    2.95700E-02  0
   -9.56708E-02  -0.230970    2.07739E-02  4
   -8.83883E-02   -8.83884E-02    8.06182E-03  4
  -0.176777  -0.176777    2.95700E-02  4
   -9.56708E-02  -0.230970    2.07739E-02  0
   -8.83883E-02   -8.83884E-02    8.06182E-03  4
    1.63918E-08  -0.125000   -1.69058E-09  4
   -9.56708E-02  -0.230970    2.07739E-02  4
   -9.56708E-02  -0.230970    2.07739E-02  0
    3.27835E-08  -0.250000   -7.39499E-09  4
    1.63918E-08  -0.125000   -1.69058E-09  4
   -9.56708E-02  -0.230970    2.07739E-02  4
    3.27835E-08  -0.250000   -7.39499E-09  0
    9.56709E-02  -0.230970   -2.07739E-02  4
    1.63918E-08  -0.125000   -1.69058E-09  4
    3.27835E-08  -0.250000   -7.39499E-09  4
    9.56709E-02  -0.230970   -2.07739E-02  0
    1.63918E-08  -0.125000   -1.69058E-09  4
    8.83884E-02   -8.83883E-02   -8.06182E-03  4
    9.56709E-02  -0.230970   -2.07739E-02  4
    9.56709E-02  -0.230970   -2.07739E-02  0
   0.176777  -0.176777   -2.95700E-02  4
    8.83884E-02   -8.83883E-02   -8.06182E-03  4
    9.56709E-02  -0.230970   -2.07739E-02  4
   0.176777  -0.176777   -2.95700E-02  0
   0.230970   -9.56708E-02   -2.07739E-02  4
    8.83884E-02   -8.83883E-02   -8.06182E-03  4
   0.176777  -0.176777   -2.95700E-02  4
   0.230970   -9.56708E-02   -2.07739E-02  0
   0.125000  0.    4.65631E-10  4
    8.83884E-02   -8.83883E-02   -8.06182E-03  4
   0.230970   -9.56708E-02   -2.07739E-02  4
   0.250000  0.    6.70689E-10  0
   0.230970   -9.56708E-02   -2.07739E-02  4
   0.125000  0.    4.65631E-10  4
   0.250000  0.    6.70689E-10  4
   0.125000  0.    4.65631E-10  0
    8.83883E-02    8.83883E-02    8.06182E-03  1
  0.  0.    3.40146E-10  1
   0.125000  0.    4.65631E-10  1
    8.83883E-02    8.83883E-02    8.06182E-03  0
   -5.46392E-09   0.125000   -3.63189E-10  1
  0.  0.    3.40146E-10  1
    8.83883E-02    8.83883E-02    8.06182E-03  1
   -5.46392E-09   0.125000   -3.63189E-10  0
   -8.83884E-02    8.83883E-02   -8.06182E-03  1
  0.  0.    3.40146E-10  1
   -5.46392E-09   0.125000   -3.63189E-10  1
   -8.83884E-02    8.83883E-02   -8.06182E-03  0
  -0.125000   -1.09278E-08    1.64669E-09  1
  0.  0.    3.40146E-10  1
   -8.83884E-02    8.83883E-02   -8.06182E-03  1
  -0.125000   -1.09278E-08    1.64669E-09  0
   -8.83883E-02   -8.83884E-02    8.06182E-03  1
  0.  0.    3.40146E-10  1
  -0.125000   -1.09278E-08    1.64669E-09  1
   -8.83883E-02   -8.83884E-02    8.06182E-03  0
    1.63918E-08  -0.125000   -1.69058E-09  1
  0.  0.    3.40146E-10  1
   -8.83883E-02   -8.83884E-02    8.06182E-03  1
    1.63918E-08  -0.125000   -1.69058E-09  0
    8.83884E-02   -8.83883E-02   -8.06182E-03  1
  0.  0.    3.40146E-10  1
    1.63918E-08  -0.125000   -1.69058E-09  1
   0.125000  0.    4.65631E-10  0
    8.83884E-02   -8.83883E-02   -8.06182E-03  1
  0.  0.    3.40146E-10  1
   0.125000  0.    4.65631E-10  1
