# by Tim Brule <brule@s5.math.umn.edu>

   -1.00000  0.  0.  0
    1.00000  0.  0.  4
  0.   -1.00000  0.  0
  0.    1.00000  0.  4
  0.  0.   -1.00000  0
  0.  0.    1.00000  4
    1.00000  0.  0.  0
   0.995185    9.80171E-02  0.  2
   0.875000  0.  0.  2
    1.00000  0.  0.  2
   0.995185    9.80171E-02  0.  0
   0.875000  0.  0.  2
   0.869498    9.79689E-02  0.  2
   0.995185    9.80171E-02  0.  2
   0.995185    9.80171E-02  0.  0
   0.980785   0.195090  0.  2
   0.869498    9.79689E-02  0.  2
   0.995185    9.80171E-02  0.  2
   0.980785   0.195090  0.  0
   0.869498    9.79689E-02  0.  2
   0.853062   0.194706  0.  2
   0.980785   0.195090  0.  2
   0.980785   0.195090  0.  0
   0.956940   0.290285  0.  2
   0.853062   0.194706  0.  2
   0.980785   0.195090  0.  2
   0.956940   0.290285  0.  0
   0.853062   0.194706  0.  2
   0.825898   0.288994  0.  2
   0.956940   0.290285  0.  2
   0.956940   0.290285  0.  0
   0.923880   0.382683  0.  2
   0.825898   0.288994  0.  2
   0.956940   0.290285  0.  2
   0.923880   0.382683  0.  0
   0.825898   0.288994  0.  2
   0.788348   0.379648  0.  2
   0.923880   0.382683  0.  2
   0.923880   0.382683  0.  0
   0.881921   0.471397  0.  2
   0.788348   0.379648  0.  2
   0.923880   0.382683  0.  2
   0.881921   0.471397  0.  0
   0.788348   0.379648  0.  2
   0.740884   0.465528  0.  2
   0.881921   0.471397  0.  2
   0.881921   0.471397  0.  0
   0.831470   0.555570  0.  2
   0.740884   0.465528  0.  2
   0.881921   0.471397  0.  2
   0.831470   0.555570  0.  0
   0.740884   0.465528  0.  2
   0.684103   0.545554  0.  2
   0.831470   0.555570  0.  2
   0.831470   0.555570  0.  0
   0.773010   0.634393  0.  2
   0.684103   0.545554  0.  2
   0.831470   0.555570  0.  2
   0.773010   0.634393  0.  0
   0.684103   0.545554  0.  2
   0.618718   0.618718  0.  2
   0.773010   0.634393  0.  2
   0.773010   0.634393  0.  0
   0.707107   0.707107  0.  2
   0.618718   0.618718  0.  2
   0.773010   0.634393  0.  2
   0.707107   0.707107  0.  0
   0.634393   0.773010  0.  2
   0.618718   0.618718  0.  2
   0.707107   0.707107  0.  2
   0.634393   0.773010  0.  0
   0.618718   0.618718  0.  2
   0.545554   0.684103  0.  2
   0.634393   0.773010  0.  2
   0.634393   0.773010  0.  0
   0.555570   0.831470  0.  2
   0.545554   0.684103  0.  2
   0.634393   0.773010  0.  2
   0.555570   0.831470  0.  0
   0.545554   0.684103  0.  2
   0.465528   0.740884  0.  2
   0.555570   0.831470  0.  2
   0.555570   0.831470  0.  0
   0.471397   0.881921  0.  2
   0.465528   0.740884  0.  2
   0.555570   0.831470  0.  2
   0.471397   0.881921  0.  0
   0.465528   0.740884  0.  2
   0.379648   0.788348  0.  2
   0.471397   0.881921  0.  2
   0.471397   0.881921  0.  0
   0.382683   0.923880  0.  2
   0.379648   0.788348  0.  2
   0.471397   0.881921  0.  2
   0.382683   0.923880  0.  0
   0.379648   0.788348  0.  2
   0.288994   0.825898  0.  2
   0.382683   0.923880  0.  2
   0.382683   0.923880  0.  0
   0.290285   0.956940  0.  2
   0.288994   0.825898  0.  2
   0.382683   0.923880  0.  2
   0.290285   0.956940  0.  0
   0.288994   0.825898  0.  2
   0.194706   0.853062  0.  2
   0.290285   0.956940  0.  2
   0.290285   0.956940  0.  0
   0.195090   0.980785  0.  2
   0.194706   0.853062  0.  2
   0.290285   0.956940  0.  2
   0.195090   0.980785  0.  0
   0.194706   0.853062  0.  2
    9.79689E-02   0.869498  0.  2
   0.195090   0.980785  0.  2
   0.195090   0.980785  0.  0
    9.80171E-02   0.995185  0.  2
    9.79689E-02   0.869498  0.  2
   0.195090   0.980785  0.  2
    9.80171E-02   0.995185  0.  0
    9.79689E-02   0.869498  0.  2
   -3.82475E-08   0.875000  0.  2
    9.80171E-02   0.995185  0.  2
    9.80171E-02   0.995185  0.  0
   -4.37114E-08    1.00000  0.  2
   -3.82475E-08   0.875000  0.  2
    9.80171E-02   0.995185  0.  2
   -4.37114E-08    1.00000  0.  0
   -9.80172E-02   0.995185  0.  2
   -3.82475E-08   0.875000  0.  2
   -4.37114E-08    1.00000  0.  2
   -9.80172E-02   0.995185  0.  0
   -3.82475E-08   0.875000  0.  2
   -9.79690E-02   0.869498  0.  2
   -9.80172E-02   0.995185  0.  2
   -9.80172E-02   0.995185  0.  0
  -0.195090   0.980785  0.  2
   -9.79690E-02   0.869498  0.  2
   -9.80172E-02   0.995185  0.  2
  -0.195090   0.980785  0.  0
   -9.79690E-02   0.869498  0.  2
  -0.194706   0.853062  0.  2
  -0.195090   0.980785  0.  2
  -0.195090   0.980785  0.  0
  -0.290285   0.956940  0.  2
  -0.194706   0.853062  0.  2
  -0.195090   0.980785  0.  2
  -0.290285   0.956940  0.  0
  -0.194706   0.853062  0.  2
  -0.288994   0.825898  0.  2
  -0.290285   0.956940  0.  2
  -0.290285   0.956940  0.  0
  -0.382683   0.923880  0.  2
  -0.288994   0.825898  0.  2
  -0.290285   0.956940  0.  2
  -0.382683   0.923880  0.  0
  -0.288994   0.825898  0.  2
  -0.379648   0.788348  0.  2
  -0.382683   0.923880  0.  2
  -0.382683   0.923880  0.  0
  -0.471397   0.881921  0.  2
  -0.379648   0.788348  0.  2
  -0.382683   0.923880  0.  2
  -0.471397   0.881921  0.  0
  -0.379648   0.788348  0.  2
  -0.465528   0.740884  0.  2
  -0.471397   0.881921  0.  2
  -0.471397   0.881921  0.  0
  -0.555570   0.831470  0.  2
  -0.465528   0.740884  0.  2
  -0.471397   0.881921  0.  2
  -0.555570   0.831470  0.  0
  -0.465528   0.740884  0.  2
  -0.545554   0.684103  0.  2
  -0.555570   0.831470  0.  2
  -0.555570   0.831470  0.  0
  -0.634393   0.773010  0.  2
  -0.545554   0.684103  0.  2
  -0.555570   0.831470  0.  2
  -0.634393   0.773010  0.  0
  -0.545554   0.684103  0.  2
  -0.618718   0.618718  0.  2
  -0.634393   0.773010  0.  2
  -0.634393   0.773010  0.  0
  -0.707107   0.707107  0.  2
  -0.618718   0.618718  0.  2
  -0.634393   0.773010  0.  2
  -0.707107   0.707107  0.  0
  -0.773010   0.634393  0.  2
  -0.618718   0.618718  0.  2
  -0.707107   0.707107  0.  2
  -0.773010   0.634393  0.  0
  -0.618718   0.618718  0.  2
  -0.684103   0.545554  0.  2
  -0.773010   0.634393  0.  2
  -0.773010   0.634393  0.  0
  -0.831470   0.555570  0.  2
  -0.684103   0.545554  0.  2
  -0.773010   0.634393  0.  2
  -0.831470   0.555570  0.  0
  -0.684103   0.545554  0.  2
  -0.740884   0.465528  0.  2
  -0.831470   0.555570  0.  2
  -0.831470   0.555570  0.  0
  -0.881921   0.471397  0.  2
  -0.740884   0.465528  0.  2
  -0.831470   0.555570  0.  2
  -0.881921   0.471397  0.  0
  -0.740884   0.465528  0.  2
  -0.788348   0.379648  0.  2
  -0.881921   0.471397  0.  2
  -0.881921   0.471397  0.  0
  -0.923880   0.382683  0.  2
  -0.788348   0.379648  0.  2
  -0.881921   0.471397  0.  2
  -0.923880   0.382683  0.  0
  -0.788348   0.379648  0.  2
  -0.825898   0.288994  0.  2
  -0.923880   0.382683  0.  2
  -0.923880   0.382683  0.  0
  -0.956940   0.290285  0.  2
  -0.825898   0.288994  0.  2
  -0.923880   0.382683  0.  2
  -0.956940   0.290285  0.  0
  -0.825898   0.288994  0.  2
  -0.853062   0.194706  0.  2
  -0.956940   0.290285  0.  2
  -0.956940   0.290285  0.  0
  -0.980785   0.195090  0.  2
  -0.853062   0.194706  0.  2
  -0.956940   0.290285  0.  2
  -0.980785   0.195090  0.  0
  -0.853062   0.194706  0.  2
  -0.869498    9.79688E-02  0.  2
  -0.980785   0.195090  0.  2
  -0.980785   0.195090  0.  0
  -0.995185    9.80171E-02  0.  2
  -0.869498    9.79688E-02  0.  2
  -0.980785   0.195090  0.  2
  -0.995185    9.80171E-02  0.  0
  -0.869498    9.79688E-02  0.  2
  -0.875000   -7.64949E-08  0.  2
  -0.995185    9.80171E-02  0.  2
  -0.995185    9.80171E-02  0.  0
   -1.00000   -8.74228E-08  0.  2
  -0.875000   -7.64949E-08  0.  2
  -0.995185    9.80171E-02  0.  2
   -1.00000   -8.74228E-08  0.  0
  -0.995185   -9.80172E-02  0.  2
  -0.875000   -7.64949E-08  0.  2
   -1.00000   -8.74228E-08  0.  2
  -0.995185   -9.80172E-02  0.  0
  -0.875000   -7.64949E-08  0.  2
  -0.869498   -9.79690E-02  0.  2
  -0.995185   -9.80172E-02  0.  2
  -0.995185   -9.80172E-02  0.  0
  -0.980785  -0.195090  0.  2
  -0.869498   -9.79690E-02  0.  2
  -0.995185   -9.80172E-02  0.  2
  -0.980785  -0.195090  0.  0
  -0.869498   -9.79690E-02  0.  2
  -0.853062  -0.194706  0.  2
  -0.980785  -0.195090  0.  2
  -0.980785  -0.195090  0.  0
  -0.956940  -0.290285  0.  2
  -0.853062  -0.194706  0.  2
  -0.980785  -0.195090  0.  2
  -0.956940  -0.290285  0.  0
  -0.853062  -0.194706  0.  2
  -0.825898  -0.288994  0.  2
  -0.956940  -0.290285  0.  2
  -0.956940  -0.290285  0.  0
  -0.923880  -0.382684  0.  2
  -0.825898  -0.288994  0.  2
  -0.956940  -0.290285  0.  2
  -0.923880  -0.382684  0.  0
  -0.825898  -0.288994  0.  2
  -0.788348  -0.379648  0.  2
  -0.923880  -0.382684  0.  2
  -0.923880  -0.382684  0.  0
  -0.881921  -0.471397  0.  2
  -0.788348  -0.379648  0.  2
  -0.923880  -0.382684  0.  2
  -0.881921  -0.471397  0.  0
  -0.788348  -0.379648  0.  2
  -0.740884  -0.465528  0.  2
  -0.881921  -0.471397  0.  2
  -0.881921  -0.471397  0.  0
  -0.831470  -0.555570  0.  2
  -0.740884  -0.465528  0.  2
  -0.881921  -0.471397  0.  2
  -0.831470  -0.555570  0.  0
  -0.740884  -0.465528  0.  2
  -0.684102  -0.545554  0.  2
  -0.831470  -0.555570  0.  2
  -0.831470  -0.555570  0.  0
  -0.773010  -0.634393  0.  2
  -0.684102  -0.545554  0.  2
  -0.831470  -0.555570  0.  2
  -0.773010  -0.634393  0.  0
  -0.684102  -0.545554  0.  2
  -0.618718  -0.618719  0.  2
  -0.773010  -0.634393  0.  2
  -0.773010  -0.634393  0.  0
  -0.707107  -0.707107  0.  2
  -0.618718  -0.618719  0.  2
  -0.773010  -0.634393  0.  2
  -0.707107  -0.707107  0.  0
  -0.634393  -0.773011  0.  2
  -0.618718  -0.618719  0.  2
  -0.707107  -0.707107  0.  2
  -0.634393  -0.773011  0.  0
  -0.618718  -0.618719  0.  2
  -0.545554  -0.684103  0.  2
  -0.634393  -0.773011  0.  2
  -0.634393  -0.773011  0.  0
  -0.555570  -0.831470  0.  2
  -0.545554  -0.684103  0.  2
  -0.634393  -0.773011  0.  2
  -0.555570  -0.831470  0.  0
  -0.545554  -0.684103  0.  2
  -0.465528  -0.740884  0.  2
  -0.555570  -0.831470  0.  2
  -0.555570  -0.831470  0.  0
  -0.471397  -0.881921  0.  2
  -0.465528  -0.740884  0.  2
  -0.555570  -0.831470  0.  2
  -0.471397  -0.881921  0.  0
  -0.465528  -0.740884  0.  2
  -0.379648  -0.788348  0.  2
  -0.471397  -0.881921  0.  2
  -0.471397  -0.881921  0.  0
  -0.382683  -0.923880  0.  2
  -0.379648  -0.788348  0.  2
  -0.471397  -0.881921  0.  2
  -0.382683  -0.923880  0.  0
  -0.379648  -0.788348  0.  2
  -0.288994  -0.825898  0.  2
  -0.382683  -0.923880  0.  2
  -0.382683  -0.923880  0.  0
  -0.290285  -0.956940  0.  2
  -0.288994  -0.825898  0.  2
  -0.382683  -0.923880  0.  2
  -0.290285  -0.956940  0.  0
  -0.288994  -0.825898  0.  2
  -0.194706  -0.853062  0.  2
  -0.290285  -0.956940  0.  2
  -0.290285  -0.956940  0.  0
  -0.195090  -0.980785  0.  2
  -0.194706  -0.853062  0.  2
  -0.290285  -0.956940  0.  2
  -0.195090  -0.980785  0.  0
  -0.194706  -0.853062  0.  2
   -9.79688E-02  -0.869498  0.  2
  -0.195090  -0.980785  0.  2
  -0.195090  -0.980785  0.  0
   -9.80170E-02  -0.995185  0.  2
   -9.79688E-02  -0.869498  0.  2
  -0.195090  -0.980785  0.  2
   -9.80170E-02  -0.995185  0.  0
   -9.79688E-02  -0.869498  0.  2
    1.14742E-07  -0.875000  0.  2
   -9.80170E-02  -0.995185  0.  2
   -9.80170E-02  -0.995185  0.  0
    1.31134E-07   -1.00000  0.  2
    1.14742E-07  -0.875000  0.  2
   -9.80170E-02  -0.995185  0.  2
    1.31134E-07   -1.00000  0.  0
    9.80173E-02  -0.995185  0.  2
    1.14742E-07  -0.875000  0.  2
    1.31134E-07   -1.00000  0.  2
    9.80173E-02  -0.995185  0.  0
    1.14742E-07  -0.875000  0.  2
    9.79690E-02  -0.869498  0.  2
    9.80173E-02  -0.995185  0.  2
    9.80173E-02  -0.995185  0.  0
   0.195090  -0.980785  0.  2
    9.79690E-02  -0.869498  0.  2
    9.80173E-02  -0.995185  0.  2
   0.195090  -0.980785  0.  0
    9.79690E-02  -0.869498  0.  2
   0.194706  -0.853062  0.  2
   0.195090  -0.980785  0.  2
   0.195090  -0.980785  0.  0
   0.290285  -0.956940  0.  2
   0.194706  -0.853062  0.  2
   0.195090  -0.980785  0.  2
   0.290285  -0.956940  0.  0
   0.194706  -0.853062  0.  2
   0.288994  -0.825898  0.  2
   0.290285  -0.956940  0.  2
   0.290285  -0.956940  0.  0
   0.382684  -0.923880  0.  2
   0.288994  -0.825898  0.  2
   0.290285  -0.956940  0.  2
   0.382684  -0.923880  0.  0
   0.288994  -0.825898  0.  2
   0.379648  -0.788348  0.  2
   0.382684  -0.923880  0.  2
   0.382684  -0.923880  0.  0
   0.471397  -0.881921  0.  2
   0.379648  -0.788348  0.  2
   0.382684  -0.923880  0.  2
   0.471397  -0.881921  0.  0
   0.379648  -0.788348  0.  2
   0.465528  -0.740884  0.  2
   0.471397  -0.881921  0.  2
   0.471397  -0.881921  0.  0
   0.555570  -0.831470  0.  2
   0.465528  -0.740884  0.  2
   0.471397  -0.881921  0.  2
   0.555570  -0.831470  0.  0
   0.465528  -0.740884  0.  2
   0.545554  -0.684102  0.  2
   0.555570  -0.831470  0.  2
   0.555570  -0.831470  0.  0
   0.634393  -0.773010  0.  2
   0.545554  -0.684102  0.  2
   0.555570  -0.831470  0.  2
   0.634393  -0.773010  0.  0
   0.545554  -0.684102  0.  2
   0.618719  -0.618718  0.  2
   0.634393  -0.773010  0.  2
   0.634393  -0.773010  0.  0
   0.707107  -0.707107  0.  2
   0.618719  -0.618718  0.  2
   0.634393  -0.773010  0.  2
   0.707107  -0.707107  0.  0
   0.773011  -0.634393  0.  2
   0.618719  -0.618718  0.  2
   0.707107  -0.707107  0.  2
   0.773011  -0.634393  0.  0
   0.618719  -0.618718  0.  2
   0.684103  -0.545553  0.  2
   0.773011  -0.634393  0.  2
   0.773011  -0.634393  0.  0
   0.831470  -0.555570  0.  2
   0.684103  -0.545553  0.  2
   0.773011  -0.634393  0.  2
   0.831470  -0.555570  0.  0
   0.684103  -0.545553  0.  2
   0.740884  -0.465528  0.  2
   0.831470  -0.555570  0.  2
   0.831470  -0.555570  0.  0
   0.881921  -0.471397  0.  2
   0.740884  -0.465528  0.  2
   0.831470  -0.555570  0.  2
   0.881921  -0.471397  0.  0
   0.740884  -0.465528  0.  2
   0.788348  -0.379648  0.  2
   0.881921  -0.471397  0.  2
   0.881921  -0.471397  0.  0
   0.923880  -0.382683  0.  2
   0.788348  -0.379648  0.  2
   0.881921  -0.471397  0.  2
   0.923880  -0.382683  0.  0
   0.788348  -0.379648  0.  2
   0.825898  -0.288994  0.  2
   0.923880  -0.382683  0.  2
   0.923880  -0.382683  0.  0
   0.956940  -0.290285  0.  2
   0.825898  -0.288994  0.  2
   0.923880  -0.382683  0.  2
   0.956940  -0.290285  0.  0
   0.825898  -0.288994  0.  2
   0.853062  -0.194706  0.  2
   0.956940  -0.290285  0.  2
   0.956940  -0.290285  0.  0
   0.980785  -0.195090  0.  2
   0.853062  -0.194706  0.  2
   0.956940  -0.290285  0.  2
   0.980785  -0.195090  0.  0
   0.853062  -0.194706  0.  2
   0.869498   -9.79688E-02  0.  2
   0.980785  -0.195090  0.  2
   0.980785  -0.195090  0.  0
   0.995185   -9.80170E-02  0.  2
   0.869498   -9.79688E-02  0.  2
   0.980785  -0.195090  0.  2
   0.995185   -9.80170E-02  0.  0
   0.875000  0.  0.  2
   0.869498   -9.79688E-02  0.  2
   0.995185   -9.80170E-02  0.  2
    1.00000  0.  0.  0
   0.995185   -9.80170E-02  0.  2
   0.875000  0.  0.  2
    1.00000  0.  0.  2
   0.875000  0.  0.  0
   0.869498    9.79689E-02  0.  3
   0.750000  0.  0.  3
   0.875000  0.  0.  3
   0.869498    9.79689E-02  0.  0
   0.750000  0.  0.  3
   0.743584    9.78946E-02  0.  3
   0.869498    9.79689E-02  0.  3
   0.869498    9.79689E-02  0.  0
   0.853062   0.194706  0.  3
   0.743584    9.78946E-02  0.  3
   0.869498    9.79689E-02  0.  3
   0.853062   0.194706  0.  0
   0.743584    9.78946E-02  0.  3
   0.724444   0.194114  0.  3
   0.853062   0.194706  0.  3
   0.853062   0.194706  0.  0
   0.825898   0.288994  0.  3
   0.724444   0.194114  0.  3
   0.853062   0.194706  0.  3
   0.825898   0.288994  0.  0
   0.724444   0.194114  0.  3
   0.692910   0.287013  0.  3
   0.825898   0.288994  0.  3
   0.825898   0.288994  0.  0
   0.788348   0.379648  0.  3
   0.692910   0.287013  0.  3
   0.825898   0.288994  0.  3
   0.788348   0.379648  0.  0
   0.692910   0.287013  0.  3
   0.649519   0.375000  0.  3
   0.788348   0.379648  0.  3
   0.788348   0.379648  0.  0
   0.740884   0.465528  0.  3
   0.649519   0.375000  0.  3
   0.788348   0.379648  0.  3
   0.740884   0.465528  0.  0
   0.649519   0.375000  0.  3
   0.595015   0.456571  0.  3
   0.740884   0.465528  0.  3
   0.740884   0.465528  0.  0
   0.684103   0.545554  0.  3
   0.595015   0.456571  0.  3
   0.740884   0.465528  0.  3
   0.684103   0.545554  0.  0
   0.595015   0.456571  0.  3
   0.530330   0.530330  0.  3
   0.684103   0.545554  0.  3
   0.684103   0.545554  0.  0
   0.618718   0.618718  0.  3
   0.530330   0.530330  0.  3
   0.684103   0.545554  0.  3
   0.618718   0.618718  0.  0
   0.545554   0.684103  0.  3
   0.530330   0.530330  0.  3
   0.618718   0.618718  0.  3
   0.545554   0.684103  0.  0
   0.530330   0.530330  0.  3
   0.456571   0.595015  0.  3
   0.545554   0.684103  0.  3
   0.545554   0.684103  0.  0
   0.465528   0.740884  0.  3
   0.456571   0.595015  0.  3
   0.545554   0.684103  0.  3
   0.465528   0.740884  0.  0
   0.456571   0.595015  0.  3
   0.375000   0.649519  0.  3
   0.465528   0.740884  0.  3
   0.465528   0.740884  0.  0
   0.379648   0.788348  0.  3
   0.375000   0.649519  0.  3
   0.465528   0.740884  0.  3
   0.379648   0.788348  0.  0
   0.375000   0.649519  0.  3
   0.287013   0.692910  0.  3
   0.379648   0.788348  0.  3
   0.379648   0.788348  0.  0
   0.288994   0.825898  0.  3
   0.287013   0.692910  0.  3
   0.379648   0.788348  0.  3
   0.288994   0.825898  0.  0
   0.287013   0.692910  0.  3
   0.194114   0.724444  0.  3
   0.288994   0.825898  0.  3
   0.288994   0.825898  0.  0
   0.194706   0.853062  0.  3
   0.194114   0.724444  0.  3
   0.288994   0.825898  0.  3
   0.194706   0.853062  0.  0
   0.194114   0.724444  0.  3
    9.78946E-02   0.743584  0.  3
   0.194706   0.853062  0.  3
   0.194706   0.853062  0.  0
    9.79689E-02   0.869498  0.  3
    9.78946E-02   0.743584  0.  3
   0.194706   0.853062  0.  3
    9.79689E-02   0.869498  0.  0
    9.78946E-02   0.743584  0.  3
   -3.27835E-08   0.750000  0.  3
    9.79689E-02   0.869498  0.  3
    9.79689E-02   0.869498  0.  0
   -3.82475E-08   0.875000  0.  3
   -3.27835E-08   0.750000  0.  3
    9.79689E-02   0.869498  0.  3
   -3.82475E-08   0.875000  0.  0
   -9.79690E-02   0.869498  0.  3
   -3.27835E-08   0.750000  0.  3
   -3.82475E-08   0.875000  0.  3
   -9.79690E-02   0.869498  0.  0
   -3.27835E-08   0.750000  0.  3
   -9.78947E-02   0.743584  0.  3
   -9.79690E-02   0.869498  0.  3
   -9.79690E-02   0.869498  0.  0
  -0.194706   0.853062  0.  3
   -9.78947E-02   0.743584  0.  3
   -9.79690E-02   0.869498  0.  3
  -0.194706   0.853062  0.  0
   -9.78947E-02   0.743584  0.  3
  -0.194114   0.724444  0.  3
  -0.194706   0.853062  0.  3
  -0.194706   0.853062  0.  0
  -0.288994   0.825898  0.  3
  -0.194114   0.724444  0.  3
  -0.194706   0.853062  0.  3
  -0.288994   0.825898  0.  0
  -0.194114   0.724444  0.  3
  -0.287013   0.692910  0.  3
  -0.288994   0.825898  0.  3
  -0.288994   0.825898  0.  0
  -0.379648   0.788348  0.  3
  -0.287013   0.692910  0.  3
  -0.288994   0.825898  0.  3
  -0.379648   0.788348  0.  0
  -0.287013   0.692910  0.  3
  -0.375000   0.649519  0.  3
  -0.379648   0.788348  0.  3
  -0.379648   0.788348  0.  0
  -0.465528   0.740884  0.  3
  -0.375000   0.649519  0.  3
  -0.379648   0.788348  0.  3
  -0.465528   0.740884  0.  0
  -0.375000   0.649519  0.  3
  -0.456571   0.595015  0.  3
  -0.465528   0.740884  0.  3
  -0.465528   0.740884  0.  0
  -0.545554   0.684103  0.  3
  -0.456571   0.595015  0.  3
  -0.465528   0.740884  0.  3
  -0.545554   0.684103  0.  0
  -0.456571   0.595015  0.  3
  -0.530330   0.530330  0.  3
  -0.545554   0.684103  0.  3
  -0.545554   0.684103  0.  0
  -0.618718   0.618718  0.  3
  -0.530330   0.530330  0.  3
  -0.545554   0.684103  0.  3
  -0.618718   0.618718  0.  0
  -0.684103   0.545554  0.  3
  -0.530330   0.530330  0.  3
  -0.618718   0.618718  0.  3
  -0.684103   0.545554  0.  0
  -0.530330   0.530330  0.  3
  -0.595015   0.456571  0.  3
  -0.684103   0.545554  0.  3
  -0.684103   0.545554  0.  0
  -0.740884   0.465528  0.  3
  -0.595015   0.456571  0.  3
  -0.684103   0.545554  0.  3
  -0.740884   0.465528  0.  0
  -0.595015   0.456571  0.  3
  -0.649519   0.375000  0.  3
  -0.740884   0.465528  0.  3
  -0.740884   0.465528  0.  0
  -0.788348   0.379648  0.  3
  -0.649519   0.375000  0.  3
  -0.740884   0.465528  0.  3
  -0.788348   0.379648  0.  0
  -0.649519   0.375000  0.  3
  -0.692910   0.287013  0.  3
  -0.788348   0.379648  0.  3
  -0.788348   0.379648  0.  0
  -0.825898   0.288994  0.  3
  -0.692910   0.287013  0.  3
  -0.788348   0.379648  0.  3
  -0.825898   0.288994  0.  0
  -0.692910   0.287013  0.  3
  -0.724444   0.194114  0.  3
  -0.825898   0.288994  0.  3
  -0.825898   0.288994  0.  0
  -0.853062   0.194706  0.  3
  -0.724444   0.194114  0.  3
  -0.825898   0.288994  0.  3
  -0.853062   0.194706  0.  0
  -0.724444   0.194114  0.  3
  -0.743584    9.78946E-02  0.  3
  -0.853062   0.194706  0.  3
  -0.853062   0.194706  0.  0
  -0.869498    9.79688E-02  0.  3
  -0.743584    9.78946E-02  0.  3
  -0.853062   0.194706  0.  3
  -0.869498    9.79688E-02  0.  0
  -0.743584    9.78946E-02  0.  3
  -0.750000   -6.55671E-08  0.  3
  -0.869498    9.79688E-02  0.  3
  -0.869498    9.79688E-02  0.  0
  -0.875000   -7.64949E-08  0.  3
  -0.750000   -6.55671E-08  0.  3
  -0.869498    9.79688E-02  0.  3
  -0.875000   -7.64949E-08  0.  0
  -0.869498   -9.79690E-02  0.  3
  -0.750000   -6.55671E-08  0.  3
  -0.875000   -7.64949E-08  0.  3
  -0.869498   -9.79690E-02  0.  0
  -0.750000   -6.55671E-08  0.  3
  -0.743584   -9.78947E-02  0.  3
  -0.869498   -9.79690E-02  0.  3
  -0.869498   -9.79690E-02  0.  0
  -0.853062  -0.194706  0.  3
  -0.743584   -9.78947E-02  0.  3
  -0.869498   -9.79690E-02  0.  3
  -0.853062  -0.194706  0.  0
  -0.743584   -9.78947E-02  0.  3
  -0.724444  -0.194114  0.  3
  -0.853062  -0.194706  0.  3
  -0.853062  -0.194706  0.  0
  -0.825898  -0.288994  0.  3
  -0.724444  -0.194114  0.  3
  -0.853062  -0.194706  0.  3
  -0.825898  -0.288994  0.  0
  -0.724444  -0.194114  0.  3
  -0.692910  -0.287013  0.  3
  -0.825898  -0.288994  0.  3
  -0.825898  -0.288994  0.  0
  -0.788348  -0.379648  0.  3
  -0.692910  -0.287013  0.  3
  -0.825898  -0.288994  0.  3
  -0.788348  -0.379648  0.  0
  -0.692910  -0.287013  0.  3
  -0.649519  -0.375000  0.  3
  -0.788348  -0.379648  0.  3
  -0.788348  -0.379648  0.  0
  -0.740884  -0.465528  0.  3
  -0.649519  -0.375000  0.  3
  -0.788348  -0.379648  0.  3
  -0.740884  -0.465528  0.  0
  -0.649519  -0.375000  0.  3
  -0.595015  -0.456571  0.  3
  -0.740884  -0.465528  0.  3
  -0.740884  -0.465528  0.  0
  -0.684102  -0.545554  0.  3
  -0.595015  -0.456571  0.  3
  -0.740884  -0.465528  0.  3
  -0.684102  -0.545554  0.  0
  -0.595015  -0.456571  0.  3
  -0.530330  -0.530330  0.  3
  -0.684102  -0.545554  0.  3
  -0.684102  -0.545554  0.  0
  -0.618718  -0.618719  0.  3
  -0.530330  -0.530330  0.  3
  -0.684102  -0.545554  0.  3
  -0.618718  -0.618719  0.  0
  -0.545554  -0.684103  0.  3
  -0.530330  -0.530330  0.  3
  -0.618718  -0.618719  0.  3
  -0.545554  -0.684103  0.  0
  -0.530330  -0.530330  0.  3
  -0.456571  -0.595015  0.  3
  -0.545554  -0.684103  0.  3
  -0.545554  -0.684103  0.  0
  -0.465528  -0.740884  0.  3
  -0.456571  -0.595015  0.  3
  -0.545554  -0.684103  0.  3
  -0.465528  -0.740884  0.  0
  -0.456571  -0.595015  0.  3
  -0.375000  -0.649519  0.  3
  -0.465528  -0.740884  0.  3
  -0.465528  -0.740884  0.  0
  -0.379648  -0.788348  0.  3
  -0.375000  -0.649519  0.  3
  -0.465528  -0.740884  0.  3
  -0.379648  -0.788348  0.  0
  -0.375000  -0.649519  0.  3
  -0.287012  -0.692910  0.  3
  -0.379648  -0.788348  0.  3
  -0.379648  -0.788348  0.  0
  -0.288994  -0.825898  0.  3
  -0.287012  -0.692910  0.  3
  -0.379648  -0.788348  0.  3
  -0.288994  -0.825898  0.  0
  -0.287012  -0.692910  0.  3
  -0.194114  -0.724444  0.  3
  -0.288994  -0.825898  0.  3
  -0.288994  -0.825898  0.  0
  -0.194706  -0.853062  0.  3
  -0.194114  -0.724444  0.  3
  -0.288994  -0.825898  0.  3
  -0.194706  -0.853062  0.  0
  -0.194114  -0.724444  0.  3
   -9.78945E-02  -0.743584  0.  3
  -0.194706  -0.853062  0.  3
  -0.194706  -0.853062  0.  0
   -9.79688E-02  -0.869498  0.  3
   -9.78945E-02  -0.743584  0.  3
  -0.194706  -0.853062  0.  3
   -9.79688E-02  -0.869498  0.  0
   -9.78945E-02  -0.743584  0.  3
    9.83506E-08  -0.750000  0.  3
   -9.79688E-02  -0.869498  0.  3
   -9.79688E-02  -0.869498  0.  0
    1.14742E-07  -0.875000  0.  3
    9.83506E-08  -0.750000  0.  3
   -9.79688E-02  -0.869498  0.  3
    1.14742E-07  -0.875000  0.  0
    9.79690E-02  -0.869498  0.  3
    9.83506E-08  -0.750000  0.  3
    1.14742E-07  -0.875000  0.  3
    9.79690E-02  -0.869498  0.  0
    9.83506E-08  -0.750000  0.  3
    9.78947E-02  -0.743584  0.  3
    9.79690E-02  -0.869498  0.  3
    9.79690E-02  -0.869498  0.  0
   0.194706  -0.853062  0.  3
    9.78947E-02  -0.743584  0.  3
    9.79690E-02  -0.869498  0.  3
   0.194706  -0.853062  0.  0
    9.78947E-02  -0.743584  0.  3
   0.194114  -0.724444  0.  3
   0.194706  -0.853062  0.  3
   0.194706  -0.853062  0.  0
   0.288994  -0.825898  0.  3
   0.194114  -0.724444  0.  3
   0.194706  -0.853062  0.  3
   0.288994  -0.825898  0.  0
   0.194114  -0.724444  0.  3
   0.287013  -0.692910  0.  3
   0.288994  -0.825898  0.  3
   0.288994  -0.825898  0.  0
   0.379648  -0.788348  0.  3
   0.287013  -0.692910  0.  3
   0.288994  -0.825898  0.  3
   0.379648  -0.788348  0.  0
   0.287013  -0.692910  0.  3
   0.375000  -0.649519  0.  3
   0.379648  -0.788348  0.  3
   0.379648  -0.788348  0.  0
   0.465528  -0.740884  0.  3
   0.375000  -0.649519  0.  3
   0.379648  -0.788348  0.  3
   0.465528  -0.740884  0.  0
   0.375000  -0.649519  0.  3
   0.456571  -0.595015  0.  3
   0.465528  -0.740884  0.  3
   0.465528  -0.740884  0.  0
   0.545554  -0.684102  0.  3
   0.456571  -0.595015  0.  3
   0.465528  -0.740884  0.  3
   0.545554  -0.684102  0.  0
   0.456571  -0.595015  0.  3
   0.530330  -0.530330  0.  3
   0.545554  -0.684102  0.  3
   0.545554  -0.684102  0.  0
   0.618719  -0.618718  0.  3
   0.530330  -0.530330  0.  3
   0.545554  -0.684102  0.  3
   0.618719  -0.618718  0.  0
   0.684103  -0.545553  0.  3
   0.530330  -0.530330  0.  3
   0.618719  -0.618718  0.  3
   0.684103  -0.545553  0.  0
   0.530330  -0.530330  0.  3
   0.595015  -0.456571  0.  3
   0.684103  -0.545553  0.  3
   0.684103  -0.545553  0.  0
   0.740884  -0.465528  0.  3
   0.595015  -0.456571  0.  3
   0.684103  -0.545553  0.  3
   0.740884  -0.465528  0.  0
   0.595015  -0.456571  0.  3
   0.649519  -0.375000  0.  3
   0.740884  -0.465528  0.  3
   0.740884  -0.465528  0.  0
   0.788348  -0.379648  0.  3
   0.649519  -0.375000  0.  3
   0.740884  -0.465528  0.  3
   0.788348  -0.379648  0.  0
   0.649519  -0.375000  0.  3
   0.692910  -0.287012  0.  3
   0.788348  -0.379648  0.  3
   0.788348  -0.379648  0.  0
   0.825898  -0.288994  0.  3
   0.692910  -0.287012  0.  3
   0.788348  -0.379648  0.  3
   0.825898  -0.288994  0.  0
   0.692910  -0.287012  0.  3
   0.724444  -0.194114  0.  3
   0.825898  -0.288994  0.  3
   0.825898  -0.288994  0.  0
   0.853062  -0.194706  0.  3
   0.724444  -0.194114  0.  3
   0.825898  -0.288994  0.  3
   0.853062  -0.194706  0.  0
   0.724444  -0.194114  0.  3
   0.743584   -9.78945E-02  0.  3
   0.853062  -0.194706  0.  3
   0.853062  -0.194706  0.  0
   0.869498   -9.79688E-02  0.  3
   0.743584   -9.78945E-02  0.  3
   0.853062  -0.194706  0.  3
   0.869498   -9.79688E-02  0.  0
   0.750000  0.  0.  3
   0.743584   -9.78945E-02  0.  3
   0.869498   -9.79688E-02  0.  3
   0.875000  0.  0.  0
   0.869498   -9.79688E-02  0.  3
   0.750000  0.  0.  3
   0.875000  0.  0.  3
   0.750000  0.  0.  0
   0.743584    9.78946E-02  0.  4
   0.625000  0.  0.  4
   0.750000  0.  0.  4
   0.743584    9.78946E-02  0.  0
   0.625000  0.  0.  4
   0.617305    9.77715E-02  0.  4
   0.743584    9.78946E-02  0.  4
   0.743584    9.78946E-02  0.  0
   0.724444   0.194114  0.  4
   0.617305    9.77715E-02  0.  4
   0.743584    9.78946E-02  0.  4
   0.724444   0.194114  0.  0
   0.617305    9.77715E-02  0.  4
   0.594410   0.193136  0.  4
   0.724444   0.194114  0.  4
   0.724444   0.194114  0.  0
   0.692910   0.287013  0.  4
   0.594410   0.193136  0.  4
   0.724444   0.194114  0.  4
   0.692910   0.287013  0.  0
   0.594410   0.193136  0.  4
   0.556879   0.283744  0.  4
   0.692910   0.287013  0.  4
   0.692910   0.287013  0.  0
   0.649519   0.375000  0.  4
   0.556879   0.283744  0.  4
   0.692910   0.287013  0.  4
   0.649519   0.375000  0.  0
   0.556879   0.283744  0.  4
   0.505636   0.367366  0.  4
   0.649519   0.375000  0.  4
   0.649519   0.375000  0.  0
   0.595015   0.456571  0.  4
   0.505636   0.367366  0.  4
   0.649519   0.375000  0.  4
   0.595015   0.456571  0.  0
   0.505636   0.367366  0.  4
   0.441942   0.441942  0.  4
   0.595015   0.456571  0.  4
   0.595015   0.456571  0.  0
   0.530330   0.530330  0.  4
   0.441942   0.441942  0.  4
   0.595015   0.456571  0.  4
   0.530330   0.530330  0.  0
   0.456571   0.595015  0.  4
   0.441942   0.441942  0.  4
   0.530330   0.530330  0.  4
   0.456571   0.595015  0.  0
   0.441942   0.441942  0.  4
   0.367366   0.505636  0.  4
   0.456571   0.595015  0.  4
   0.456571   0.595015  0.  0
   0.375000   0.649519  0.  4
   0.367366   0.505636  0.  4
   0.456571   0.595015  0.  4
   0.375000   0.649519  0.  0
   0.367366   0.505636  0.  4
   0.283744   0.556879  0.  4
   0.375000   0.649519  0.  4
   0.375000   0.649519  0.  0
   0.287013   0.692910  0.  4
   0.283744   0.556879  0.  4
   0.375000   0.649519  0.  4
   0.287013   0.692910  0.  0
   0.283744   0.556879  0.  4
   0.193136   0.594410  0.  4
   0.287013   0.692910  0.  4
   0.287013   0.692910  0.  0
   0.194114   0.724444  0.  4
   0.193136   0.594410  0.  4
   0.287013   0.692910  0.  4
   0.194114   0.724444  0.  0
   0.193136   0.594410  0.  4
    9.77715E-02   0.617305  0.  4
   0.194114   0.724444  0.  4
   0.194114   0.724444  0.  0
    9.78946E-02   0.743584  0.  4
    9.77715E-02   0.617305  0.  4
   0.194114   0.724444  0.  4
    9.78946E-02   0.743584  0.  0
    9.77715E-02   0.617305  0.  4
   -2.73196E-08   0.625000  0.  4
    9.78946E-02   0.743584  0.  4
    9.78946E-02   0.743584  0.  0
   -3.27835E-08   0.750000  0.  4
   -2.73196E-08   0.625000  0.  4
    9.78946E-02   0.743584  0.  4
   -3.27835E-08   0.750000  0.  0
   -9.78947E-02   0.743584  0.  4
   -2.73196E-08   0.625000  0.  4
   -3.27835E-08   0.750000  0.  4
   -9.78947E-02   0.743584  0.  0
   -2.73196E-08   0.625000  0.  4
   -9.77716E-02   0.617305  0.  4
   -9.78947E-02   0.743584  0.  4
   -9.78947E-02   0.743584  0.  0
  -0.194114   0.724444  0.  4
   -9.77716E-02   0.617305  0.  4
   -9.78947E-02   0.743584  0.  4
  -0.194114   0.724444  0.  0
   -9.77716E-02   0.617305  0.  4
  -0.193136   0.594410  0.  4
  -0.194114   0.724444  0.  4
  -0.194114   0.724444  0.  0
  -0.287013   0.692910  0.  4
  -0.193136   0.594410  0.  4
  -0.194114   0.724444  0.  4
  -0.287013   0.692910  0.  0
  -0.193136   0.594410  0.  4
  -0.283744   0.556879  0.  4
  -0.287013   0.692910  0.  4
  -0.287013   0.692910  0.  0
  -0.375000   0.649519  0.  4
  -0.283744   0.556879  0.  4
  -0.287013   0.692910  0.  4
  -0.375000   0.649519  0.  0
  -0.283744   0.556879  0.  4
  -0.367366   0.505636  0.  4
  -0.375000   0.649519  0.  4
  -0.375000   0.649519  0.  0
  -0.456571   0.595015  0.  4
  -0.367366   0.505636  0.  4
  -0.375000   0.649519  0.  4
  -0.456571   0.595015  0.  0
  -0.367366   0.505636  0.  4
  -0.441942   0.441942  0.  4
  -0.456571   0.595015  0.  4
  -0.456571   0.595015  0.  0
  -0.530330   0.530330  0.  4
  -0.441942   0.441942  0.  4
  -0.456571   0.595015  0.  4
  -0.530330   0.530330  0.  0
  -0.595015   0.456571  0.  4
  -0.441942   0.441942  0.  4
  -0.530330   0.530330  0.  4
  -0.595015   0.456571  0.  0
  -0.441942   0.441942  0.  4
  -0.505636   0.367366  0.  4
  -0.595015   0.456571  0.  4
  -0.595015   0.456571  0.  0
  -0.649519   0.375000  0.  4
  -0.505636   0.367366  0.  4
  -0.595015   0.456571  0.  4
  -0.649519   0.375000  0.  0
  -0.505636   0.367366  0.  4
  -0.556879   0.283744  0.  4
  -0.649519   0.375000  0.  4
  -0.649519   0.375000  0.  0
  -0.692910   0.287013  0.  4
  -0.556879   0.283744  0.  4
  -0.649519   0.375000  0.  4
  -0.692910   0.287013  0.  0
  -0.556879   0.283744  0.  4
  -0.594410   0.193136  0.  4
  -0.692910   0.287013  0.  4
  -0.692910   0.287013  0.  0
  -0.724444   0.194114  0.  4
  -0.594410   0.193136  0.  4
  -0.692910   0.287013  0.  4
  -0.724444   0.194114  0.  0
  -0.594410   0.193136  0.  4
  -0.617305    9.77715E-02  0.  4
  -0.724444   0.194114  0.  4
  -0.724444   0.194114  0.  0
  -0.743584    9.78946E-02  0.  4
  -0.617305    9.77715E-02  0.  4
  -0.724444   0.194114  0.  4
  -0.743584    9.78946E-02  0.  0
  -0.617305    9.77715E-02  0.  4
  -0.625000   -5.46392E-08  0.  4
  -0.743584    9.78946E-02  0.  4
  -0.743584    9.78946E-02  0.  0
  -0.750000   -6.55671E-08  0.  4
  -0.625000   -5.46392E-08  0.  4
  -0.743584    9.78946E-02  0.  4
  -0.750000   -6.55671E-08  0.  0
  -0.743584   -9.78947E-02  0.  4
  -0.625000   -5.46392E-08  0.  4
  -0.750000   -6.55671E-08  0.  4
  -0.743584   -9.78947E-02  0.  0
  -0.625000   -5.46392E-08  0.  4
  -0.617305   -9.77716E-02  0.  4
  -0.743584   -9.78947E-02  0.  4
  -0.743584   -9.78947E-02  0.  0
  -0.724444  -0.194114  0.  4
  -0.617305   -9.77716E-02  0.  4
  -0.743584   -9.78947E-02  0.  4
  -0.724444  -0.194114  0.  0
  -0.617305   -9.77716E-02  0.  4
  -0.594410  -0.193136  0.  4
  -0.724444  -0.194114  0.  4
  -0.724444  -0.194114  0.  0
  -0.692910  -0.287013  0.  4
  -0.594410  -0.193136  0.  4
  -0.724444  -0.194114  0.  4
  -0.692910  -0.287013  0.  0
  -0.594410  -0.193136  0.  4
  -0.556879  -0.283744  0.  4
  -0.692910  -0.287013  0.  4
  -0.692910  -0.287013  0.  0
  -0.649519  -0.375000  0.  4
  -0.556879  -0.283744  0.  4
  -0.692910  -0.287013  0.  4
  -0.649519  -0.375000  0.  0
  -0.556879  -0.283744  0.  4
  -0.505636  -0.367366  0.  4
  -0.649519  -0.375000  0.  4
  -0.649519  -0.375000  0.  0
  -0.595015  -0.456571  0.  4
  -0.505636  -0.367366  0.  4
  -0.649519  -0.375000  0.  4
  -0.595015  -0.456571  0.  0
  -0.505636  -0.367366  0.  4
  -0.441942  -0.441942  0.  4
  -0.595015  -0.456571  0.  4
  -0.595015  -0.456571  0.  0
  -0.530330  -0.530330  0.  4
  -0.441942  -0.441942  0.  4
  -0.595015  -0.456571  0.  4
  -0.530330  -0.530330  0.  0
  -0.456571  -0.595015  0.  4
  -0.441942  -0.441942  0.  4
  -0.530330  -0.530330  0.  4
  -0.456571  -0.595015  0.  0
  -0.441942  -0.441942  0.  4
  -0.367366  -0.505636  0.  4
  -0.456571  -0.595015  0.  4
  -0.456571  -0.595015  0.  0
  -0.375000  -0.649519  0.  4
  -0.367366  -0.505636  0.  4
  -0.456571  -0.595015  0.  4
  -0.375000  -0.649519  0.  0
  -0.367366  -0.505636  0.  4
  -0.283744  -0.556879  0.  4
  -0.375000  -0.649519  0.  4
  -0.375000  -0.649519  0.  0
  -0.287012  -0.692910  0.  4
  -0.283744  -0.556879  0.  4
  -0.375000  -0.649519  0.  4
  -0.287012  -0.692910  0.  0
  -0.283744  -0.556879  0.  4
  -0.193136  -0.594410  0.  4
  -0.287012  -0.692910  0.  4
  -0.287012  -0.692910  0.  0
  -0.194114  -0.724444  0.  4
  -0.193136  -0.594410  0.  4
  -0.287012  -0.692910  0.  4
  -0.194114  -0.724444  0.  0
  -0.193136  -0.594410  0.  4
   -9.77715E-02  -0.617305  0.  4
  -0.194114  -0.724444  0.  4
  -0.194114  -0.724444  0.  0
   -9.78945E-02  -0.743584  0.  4
   -9.77715E-02  -0.617305  0.  4
  -0.194114  -0.724444  0.  4
   -9.78945E-02  -0.743584  0.  0
   -9.77715E-02  -0.617305  0.  4
    8.19589E-08  -0.625000  0.  4
   -9.78945E-02  -0.743584  0.  4
   -9.78945E-02  -0.743584  0.  0
    9.83506E-08  -0.750000  0.  4
    8.19589E-08  -0.625000  0.  4
   -9.78945E-02  -0.743584  0.  4
    9.83506E-08  -0.750000  0.  0
    9.78947E-02  -0.743584  0.  4
    8.19589E-08  -0.625000  0.  4
    9.83506E-08  -0.750000  0.  4
    9.78947E-02  -0.743584  0.  0
    8.19589E-08  -0.625000  0.  4
    9.77716E-02  -0.617305  0.  4
    9.78947E-02  -0.743584  0.  4
    9.78947E-02  -0.743584  0.  0
   0.194114  -0.724444  0.  4
    9.77716E-02  -0.617305  0.  4
    9.78947E-02  -0.743584  0.  4
   0.194114  -0.724444  0.  0
    9.77716E-02  -0.617305  0.  4
   0.193136  -0.594410  0.  4
   0.194114  -0.724444  0.  4
   0.194114  -0.724444  0.  0
   0.287013  -0.692910  0.  4
   0.193136  -0.594410  0.  4
   0.194114  -0.724444  0.  4
   0.287013  -0.692910  0.  0
   0.193136  -0.594410  0.  4
   0.283744  -0.556879  0.  4
   0.287013  -0.692910  0.  4
   0.287013  -0.692910  0.  0
   0.375000  -0.649519  0.  4
   0.283744  -0.556879  0.  4
   0.287013  -0.692910  0.  4
   0.375000  -0.649519  0.  0
   0.283744  -0.556879  0.  4
   0.367366  -0.505636  0.  4
   0.375000  -0.649519  0.  4
   0.375000  -0.649519  0.  0
   0.456571  -0.595015  0.  4
   0.367366  -0.505636  0.  4
   0.375000  -0.649519  0.  4
   0.456571  -0.595015  0.  0
   0.367366  -0.505636  0.  4
   0.441942  -0.441942  0.  4
   0.456571  -0.595015  0.  4
   0.456571  -0.595015  0.  0
   0.530330  -0.530330  0.  4
   0.441942  -0.441942  0.  4
   0.456571  -0.595015  0.  4
   0.530330  -0.530330  0.  0
   0.595015  -0.456571  0.  4
   0.441942  -0.441942  0.  4
   0.530330  -0.530330  0.  4
   0.595015  -0.456571  0.  0
   0.441942  -0.441942  0.  4
   0.505636  -0.367366  0.  4
   0.595015  -0.456571  0.  4
   0.595015  -0.456571  0.  0
   0.649519  -0.375000  0.  4
   0.505636  -0.367366  0.  4
   0.595015  -0.456571  0.  4
   0.649519  -0.375000  0.  0
   0.505636  -0.367366  0.  4
   0.556879  -0.283744  0.  4
   0.649519  -0.375000  0.  4
   0.649519  -0.375000  0.  0
   0.692910  -0.287012  0.  4
   0.556879  -0.283744  0.  4
   0.649519  -0.375000  0.  4
   0.692910  -0.287012  0.  0
   0.556879  -0.283744  0.  4
   0.594410  -0.193136  0.  4
   0.692910  -0.287012  0.  4
   0.692910  -0.287012  0.  0
   0.724444  -0.194114  0.  4
   0.594410  -0.193136  0.  4
   0.692910  -0.287012  0.  4
   0.724444  -0.194114  0.  0
   0.594410  -0.193136  0.  4
   0.617305   -9.77714E-02  0.  4
   0.724444  -0.194114  0.  4
   0.724444  -0.194114  0.  0
   0.743584   -9.78945E-02  0.  4
   0.617305   -9.77714E-02  0.  4
   0.724444  -0.194114  0.  4
   0.743584   -9.78945E-02  0.  0
   0.625000  0.  0.  4
   0.617305   -9.77714E-02  0.  4
   0.743584   -9.78945E-02  0.  4
   0.750000  0.  0.  0
   0.743584   -9.78945E-02  0.  4
   0.625000  0.  0.  4
   0.750000  0.  0.  4
   0.625000  0.  0.  0
   0.617305    9.77715E-02  0.  1
   0.500000  0.  0.  1
   0.625000  0.  0.  1
   0.617305    9.77715E-02  0.  0
   0.500000  0.  0.  1
   0.490393    9.75452E-02  0.  1
   0.617305    9.77715E-02  0.  1
   0.617305    9.77715E-02  0.  0
   0.594410   0.193136  0.  1
   0.490393    9.75452E-02  0.  1
   0.617305    9.77715E-02  0.  1
   0.594410   0.193136  0.  0
   0.490393    9.75452E-02  0.  1
   0.461940   0.191342  0.  1
   0.594410   0.193136  0.  1
   0.594410   0.193136  0.  0
   0.556879   0.283744  0.  1
   0.461940   0.191342  0.  1
   0.594410   0.193136  0.  1
   0.556879   0.283744  0.  0
   0.461940   0.191342  0.  1
   0.415735   0.277785  0.  1
   0.556879   0.283744  0.  1
   0.556879   0.283744  0.  0
   0.505636   0.367366  0.  1
   0.415735   0.277785  0.  1
   0.556879   0.283744  0.  1
   0.505636   0.367366  0.  0
   0.415735   0.277785  0.  1
   0.353553   0.353553  0.  1
   0.505636   0.367366  0.  1
   0.505636   0.367366  0.  0
   0.441942   0.441942  0.  1
   0.353553   0.353553  0.  1
   0.505636   0.367366  0.  1
   0.441942   0.441942  0.  0
   0.367366   0.505636  0.  1
   0.353553   0.353553  0.  1
   0.441942   0.441942  0.  1
   0.367366   0.505636  0.  0
   0.353553   0.353553  0.  1
   0.277785   0.415735  0.  1
   0.367366   0.505636  0.  1
   0.367366   0.505636  0.  0
   0.283744   0.556879  0.  1
   0.277785   0.415735  0.  1
   0.367366   0.505636  0.  1
   0.283744   0.556879  0.  0
   0.277785   0.415735  0.  1
   0.191342   0.461940  0.  1
   0.283744   0.556879  0.  1
   0.283744   0.556879  0.  0
   0.193136   0.594410  0.  1
   0.191342   0.461940  0.  1
   0.283744   0.556879  0.  1
   0.193136   0.594410  0.  0
   0.191342   0.461940  0.  1
    9.75451E-02   0.490393  0.  1
   0.193136   0.594410  0.  1
   0.193136   0.594410  0.  0
    9.77715E-02   0.617305  0.  1
    9.75451E-02   0.490393  0.  1
   0.193136   0.594410  0.  1
    9.77715E-02   0.617305  0.  0
    9.75451E-02   0.490393  0.  1
   -2.18557E-08   0.500000  0.  1
    9.77715E-02   0.617305  0.  1
    9.77715E-02   0.617305  0.  0
   -2.73196E-08   0.625000  0.  1
   -2.18557E-08   0.500000  0.  1
    9.77715E-02   0.617305  0.  1
   -2.73196E-08   0.625000  0.  0
   -9.77716E-02   0.617305  0.  1
   -2.18557E-08   0.500000  0.  1
   -2.73196E-08   0.625000  0.  1
   -9.77716E-02   0.617305  0.  0
   -2.18557E-08   0.500000  0.  1
   -9.75452E-02   0.490393  0.  1
   -9.77716E-02   0.617305  0.  1
   -9.77716E-02   0.617305  0.  0
  -0.193136   0.594410  0.  1
   -9.75452E-02   0.490393  0.  1
   -9.77716E-02   0.617305  0.  1
  -0.193136   0.594410  0.  0
   -9.75452E-02   0.490393  0.  1
  -0.191342   0.461940  0.  1
  -0.193136   0.594410  0.  1
  -0.193136   0.594410  0.  0
  -0.283744   0.556879  0.  1
  -0.191342   0.461940  0.  1
  -0.193136   0.594410  0.  1
  -0.283744   0.556879  0.  0
  -0.191342   0.461940  0.  1
  -0.277785   0.415735  0.  1
  -0.283744   0.556879  0.  1
  -0.283744   0.556879  0.  0
  -0.367366   0.505636  0.  1
  -0.277785   0.415735  0.  1
  -0.283744   0.556879  0.  1
  -0.367366   0.505636  0.  0
  -0.277785   0.415735  0.  1
  -0.353553   0.353553  0.  1
  -0.367366   0.505636  0.  1
  -0.367366   0.505636  0.  0
  -0.441942   0.441942  0.  1
  -0.353553   0.353553  0.  1
  -0.367366   0.505636  0.  1
  -0.441942   0.441942  0.  0
  -0.505636   0.367366  0.  1
  -0.353553   0.353553  0.  1
  -0.441942   0.441942  0.  1
  -0.505636   0.367366  0.  0
  -0.353553   0.353553  0.  1
  -0.415735   0.277785  0.  1
  -0.505636   0.367366  0.  1
  -0.505636   0.367366  0.  0
  -0.556879   0.283744  0.  1
  -0.415735   0.277785  0.  1
  -0.505636   0.367366  0.  1
  -0.556879   0.283744  0.  0
  -0.415735   0.277785  0.  1
  -0.461940   0.191342  0.  1
  -0.556879   0.283744  0.  1
  -0.556879   0.283744  0.  0
  -0.594410   0.193136  0.  1
  -0.461940   0.191342  0.  1
  -0.556879   0.283744  0.  1
  -0.594410   0.193136  0.  0
  -0.461940   0.191342  0.  1
  -0.490393    9.75451E-02  0.  1
  -0.594410   0.193136  0.  1
  -0.594410   0.193136  0.  0
  -0.617305    9.77715E-02  0.  1
  -0.490393    9.75451E-02  0.  1
  -0.594410   0.193136  0.  1
  -0.617305    9.77715E-02  0.  0
  -0.490393    9.75451E-02  0.  1
  -0.500000   -4.37114E-08  0.  1
  -0.617305    9.77715E-02  0.  1
  -0.617305    9.77715E-02  0.  0
  -0.625000   -5.46392E-08  0.  1
  -0.500000   -4.37114E-08  0.  1
  -0.617305    9.77715E-02  0.  1
  -0.625000   -5.46392E-08  0.  0
  -0.617305   -9.77716E-02  0.  1
  -0.500000   -4.37114E-08  0.  1
  -0.625000   -5.46392E-08  0.  1
  -0.617305   -9.77716E-02  0.  0
  -0.500000   -4.37114E-08  0.  1
  -0.490393   -9.75452E-02  0.  1
  -0.617305   -9.77716E-02  0.  1
  -0.617305   -9.77716E-02  0.  0
  -0.594410  -0.193136  0.  1
  -0.490393   -9.75452E-02  0.  1
  -0.617305   -9.77716E-02  0.  1
  -0.594410  -0.193136  0.  0
  -0.490393   -9.75452E-02  0.  1
  -0.461940  -0.191342  0.  1
  -0.594410  -0.193136  0.  1
  -0.594410  -0.193136  0.  0
  -0.556879  -0.283744  0.  1
  -0.461940  -0.191342  0.  1
  -0.594410  -0.193136  0.  1
  -0.556879  -0.283744  0.  0
  -0.461940  -0.191342  0.  1
  -0.415735  -0.277785  0.  1
  -0.556879  -0.283744  0.  1
  -0.556879  -0.283744  0.  0
  -0.505636  -0.367366  0.  1
  -0.415735  -0.277785  0.  1
  -0.556879  -0.283744  0.  1
  -0.505636  -0.367366  0.  0
  -0.415735  -0.277785  0.  1
  -0.353553  -0.353553  0.  1
  -0.505636  -0.367366  0.  1
  -0.505636  -0.367366  0.  0
  -0.441942  -0.441942  0.  1
  -0.353553  -0.353553  0.  1
  -0.505636  -0.367366  0.  1
  -0.441942  -0.441942  0.  0
  -0.367366  -0.505636  0.  1
  -0.353553  -0.353553  0.  1
  -0.441942  -0.441942  0.  1
  -0.367366  -0.505636  0.  0
  -0.353553  -0.353553  0.  1
  -0.277785  -0.415735  0.  1
  -0.367366  -0.505636  0.  1
  -0.367366  -0.505636  0.  0
  -0.283744  -0.556879  0.  1
  -0.277785  -0.415735  0.  1
  -0.367366  -0.505636  0.  1
  -0.283744  -0.556879  0.  0
  -0.277785  -0.415735  0.  1
  -0.191342  -0.461940  0.  1
  -0.283744  -0.556879  0.  1
  -0.283744  -0.556879  0.  0
  -0.193136  -0.594410  0.  1
  -0.191342  -0.461940  0.  1
  -0.283744  -0.556879  0.  1
  -0.193136  -0.594410  0.  0
  -0.191342  -0.461940  0.  1
   -9.75451E-02  -0.490393  0.  1
  -0.193136  -0.594410  0.  1
  -0.193136  -0.594410  0.  0
   -9.77715E-02  -0.617305  0.  1
   -9.75451E-02  -0.490393  0.  1
  -0.193136  -0.594410  0.  1
   -9.77715E-02  -0.617305  0.  0
   -9.75451E-02  -0.490393  0.  1
    6.55671E-08  -0.500000  0.  1
   -9.77715E-02  -0.617305  0.  1
   -9.77715E-02  -0.617305  0.  0
    8.19589E-08  -0.625000  0.  1
    6.55671E-08  -0.500000  0.  1
   -9.77715E-02  -0.617305  0.  1
    8.19589E-08  -0.625000  0.  0
    9.77716E-02  -0.617305  0.  1
    6.55671E-08  -0.500000  0.  1
    8.19589E-08  -0.625000  0.  1
    9.77716E-02  -0.617305  0.  0
    6.55671E-08  -0.500000  0.  1
    9.75452E-02  -0.490393  0.  1
    9.77716E-02  -0.617305  0.  1
    9.77716E-02  -0.617305  0.  0
   0.193136  -0.594410  0.  1
    9.75452E-02  -0.490393  0.  1
    9.77716E-02  -0.617305  0.  1
   0.193136  -0.594410  0.  0
    9.75452E-02  -0.490393  0.  1
   0.191342  -0.461940  0.  1
   0.193136  -0.594410  0.  1
   0.193136  -0.594410  0.  0
   0.283744  -0.556879  0.  1
   0.191342  -0.461940  0.  1
   0.193136  -0.594410  0.  1
   0.283744  -0.556879  0.  0
   0.191342  -0.461940  0.  1
   0.277785  -0.415735  0.  1
   0.283744  -0.556879  0.  1
   0.283744  -0.556879  0.  0
   0.367366  -0.505636  0.  1
   0.277785  -0.415735  0.  1
   0.283744  -0.556879  0.  1
   0.367366  -0.505636  0.  0
   0.277785  -0.415735  0.  1
   0.353553  -0.353553  0.  1
   0.367366  -0.505636  0.  1
   0.367366  -0.505636  0.  0
   0.441942  -0.441942  0.  1
   0.353553  -0.353553  0.  1
   0.367366  -0.505636  0.  1
   0.441942  -0.441942  0.  0
   0.505636  -0.367366  0.  1
   0.353553  -0.353553  0.  1
   0.441942  -0.441942  0.  1
   0.505636  -0.367366  0.  0
   0.353553  -0.353553  0.  1
   0.415735  -0.277785  0.  1
   0.505636  -0.367366  0.  1
   0.505636  -0.367366  0.  0
   0.556879  -0.283744  0.  1
   0.415735  -0.277785  0.  1
   0.505636  -0.367366  0.  1
   0.556879  -0.283744  0.  0
   0.415735  -0.277785  0.  1
   0.461940  -0.191342  0.  1
   0.556879  -0.283744  0.  1
   0.556879  -0.283744  0.  0
   0.594410  -0.193136  0.  1
   0.461940  -0.191342  0.  1
   0.556879  -0.283744  0.  1
   0.594410  -0.193136  0.  0
   0.461940  -0.191342  0.  1
   0.490393   -9.75451E-02  0.  1
   0.594410  -0.193136  0.  1
   0.594410  -0.193136  0.  0
   0.617305   -9.77714E-02  0.  1
   0.490393   -9.75451E-02  0.  1
   0.594410  -0.193136  0.  1
   0.617305   -9.77714E-02  0.  0
   0.500000  0.  0.  1
   0.490393   -9.75451E-02  0.  1
   0.617305   -9.77714E-02  0.  1
   0.625000  0.  0.  0
   0.617305   -9.77714E-02  0.  1
   0.500000  0.  0.  1
   0.625000  0.  0.  1
   0.500000  0.  0.  0
   0.490393    9.75452E-02  0.  2
   0.375000  0.  0.  2
   0.500000  0.  0.  2
   0.490393    9.75452E-02  0.  0
   0.375000  0.  0.  2
   0.362222    9.70571E-02  0.  2
   0.490393    9.75452E-02  0.  2
   0.490393    9.75452E-02  0.  0
   0.461940   0.191342  0.  2
   0.362222    9.70571E-02  0.  2
   0.490393    9.75452E-02  0.  2
   0.461940   0.191342  0.  0
   0.362222    9.70571E-02  0.  2
   0.324760   0.187500  0.  2
   0.461940   0.191342  0.  2
   0.461940   0.191342  0.  0
   0.415735   0.277785  0.  2
   0.324760   0.187500  0.  2
   0.461940   0.191342  0.  2
   0.415735   0.277785  0.  0
   0.324760   0.187500  0.  2
   0.265165   0.265165  0.  2
   0.415735   0.277785  0.  2
   0.415735   0.277785  0.  0
   0.353553   0.353553  0.  2
   0.265165   0.265165  0.  2
   0.415735   0.277785  0.  2
   0.353553   0.353553  0.  0
   0.277785   0.415735  0.  2
   0.265165   0.265165  0.  2
   0.353553   0.353553  0.  2
   0.277785   0.415735  0.  0
   0.265165   0.265165  0.  2
   0.187500   0.324760  0.  2
   0.277785   0.415735  0.  2
   0.277785   0.415735  0.  0
   0.191342   0.461940  0.  2
   0.187500   0.324760  0.  2
   0.277785   0.415735  0.  2
   0.191342   0.461940  0.  0
   0.187500   0.324760  0.  2
    9.70571E-02   0.362222  0.  2
   0.191342   0.461940  0.  2
   0.191342   0.461940  0.  0
    9.75451E-02   0.490393  0.  2
    9.70571E-02   0.362222  0.  2
   0.191342   0.461940  0.  2
    9.75451E-02   0.490393  0.  0
    9.70571E-02   0.362222  0.  2
   -1.63918E-08   0.375000  0.  2
    9.75451E-02   0.490393  0.  2
    9.75451E-02   0.490393  0.  0
   -2.18557E-08   0.500000  0.  2
   -1.63918E-08   0.375000  0.  2
    9.75451E-02   0.490393  0.  2
   -2.18557E-08   0.500000  0.  0
   -9.75452E-02   0.490393  0.  2
   -1.63918E-08   0.375000  0.  2
   -2.18557E-08   0.500000  0.  2
   -9.75452E-02   0.490393  0.  0
   -1.63918E-08   0.375000  0.  2
   -9.70572E-02   0.362222  0.  2
   -9.75452E-02   0.490393  0.  2
   -9.75452E-02   0.490393  0.  0
  -0.191342   0.461940  0.  2
   -9.70572E-02   0.362222  0.  2
   -9.75452E-02   0.490393  0.  2
  -0.191342   0.461940  0.  0
   -9.70572E-02   0.362222  0.  2
  -0.187500   0.324760  0.  2
  -0.191342   0.461940  0.  2
  -0.191342   0.461940  0.  0
  -0.277785   0.415735  0.  2
  -0.187500   0.324760  0.  2
  -0.191342   0.461940  0.  2
  -0.277785   0.415735  0.  0
  -0.187500   0.324760  0.  2
  -0.265165   0.265165  0.  2
  -0.277785   0.415735  0.  2
  -0.277785   0.415735  0.  0
  -0.353553   0.353553  0.  2
  -0.265165   0.265165  0.  2
  -0.277785   0.415735  0.  2
  -0.353553   0.353553  0.  0
  -0.415735   0.277785  0.  2
  -0.265165   0.265165  0.  2
  -0.353553   0.353553  0.  2
  -0.415735   0.277785  0.  0
  -0.265165   0.265165  0.  2
  -0.324760   0.187500  0.  2
  -0.415735   0.277785  0.  2
  -0.415735   0.277785  0.  0
  -0.461940   0.191342  0.  2
  -0.324760   0.187500  0.  2
  -0.415735   0.277785  0.  2
  -0.461940   0.191342  0.  0
  -0.324760   0.187500  0.  2
  -0.362222    9.70571E-02  0.  2
  -0.461940   0.191342  0.  2
  -0.461940   0.191342  0.  0
  -0.490393    9.75451E-02  0.  2
  -0.362222    9.70571E-02  0.  2
  -0.461940   0.191342  0.  2
  -0.490393    9.75451E-02  0.  0
  -0.362222    9.70571E-02  0.  2
  -0.375000   -3.27835E-08  0.  2
  -0.490393    9.75451E-02  0.  2
  -0.490393    9.75451E-02  0.  0
  -0.500000   -4.37114E-08  0.  2
  -0.375000   -3.27835E-08  0.  2
  -0.490393    9.75451E-02  0.  2
  -0.500000   -4.37114E-08  0.  0
  -0.490393   -9.75452E-02  0.  2
  -0.375000   -3.27835E-08  0.  2
  -0.500000   -4.37114E-08  0.  2
  -0.490393   -9.75452E-02  0.  0
  -0.375000   -3.27835E-08  0.  2
  -0.362222   -9.70572E-02  0.  2
  -0.490393   -9.75452E-02  0.  2
  -0.490393   -9.75452E-02  0.  0
  -0.461940  -0.191342  0.  2
  -0.362222   -9.70572E-02  0.  2
  -0.490393   -9.75452E-02  0.  2
  -0.461940  -0.191342  0.  0
  -0.362222   -9.70572E-02  0.  2
  -0.324760  -0.187500  0.  2
  -0.461940  -0.191342  0.  2
  -0.461940  -0.191342  0.  0
  -0.415735  -0.277785  0.  2
  -0.324760  -0.187500  0.  2
  -0.461940  -0.191342  0.  2
  -0.415735  -0.277785  0.  0
  -0.324760  -0.187500  0.  2
  -0.265165  -0.265165  0.  2
  -0.415735  -0.277785  0.  2
  -0.415735  -0.277785  0.  0
  -0.353553  -0.353553  0.  2
  -0.265165  -0.265165  0.  2
  -0.415735  -0.277785  0.  2
  -0.353553  -0.353553  0.  0
  -0.277785  -0.415735  0.  2
  -0.265165  -0.265165  0.  2
  -0.353553  -0.353553  0.  2
  -0.277785  -0.415735  0.  0
  -0.265165  -0.265165  0.  2
  -0.187500  -0.324760  0.  2
  -0.277785  -0.415735  0.  2
  -0.277785  -0.415735  0.  0
  -0.191342  -0.461940  0.  2
  -0.187500  -0.324760  0.  2
  -0.277785  -0.415735  0.  2
  -0.191342  -0.461940  0.  0
  -0.187500  -0.324760  0.  2
   -9.70571E-02  -0.362222  0.  2
  -0.191342  -0.461940  0.  2
  -0.191342  -0.461940  0.  0
   -9.75451E-02  -0.490393  0.  2
   -9.70571E-02  -0.362222  0.  2
  -0.191342  -0.461940  0.  2
   -9.75451E-02  -0.490393  0.  0
   -9.70571E-02  -0.362222  0.  2
    4.91753E-08  -0.375000  0.  2
   -9.75451E-02  -0.490393  0.  2
   -9.75451E-02  -0.490393  0.  0
    6.55671E-08  -0.500000  0.  2
    4.91753E-08  -0.375000  0.  2
   -9.75451E-02  -0.490393  0.  2
    6.55671E-08  -0.500000  0.  0
    9.75452E-02  -0.490393  0.  2
    4.91753E-08  -0.375000  0.  2
    6.55671E-08  -0.500000  0.  2
    9.75452E-02  -0.490393  0.  0
    4.91753E-08  -0.375000  0.  2
    9.70572E-02  -0.362222  0.  2
    9.75452E-02  -0.490393  0.  2
    9.75452E-02  -0.490393  0.  0
   0.191342  -0.461940  0.  2
    9.70572E-02  -0.362222  0.  2
    9.75452E-02  -0.490393  0.  2
   0.191342  -0.461940  0.  0
    9.70572E-02  -0.362222  0.  2
   0.187500  -0.324760  0.  2
   0.191342  -0.461940  0.  2
   0.191342  -0.461940  0.  0
   0.277785  -0.415735  0.  2
   0.187500  -0.324760  0.  2
   0.191342  -0.461940  0.  2
   0.277785  -0.415735  0.  0
   0.187500  -0.324760  0.  2
   0.265165  -0.265165  0.  2
   0.277785  -0.415735  0.  2
   0.277785  -0.415735  0.  0
   0.353553  -0.353553  0.  2
   0.265165  -0.265165  0.  2
   0.277785  -0.415735  0.  2
   0.353553  -0.353553  0.  0
   0.415735  -0.277785  0.  2
   0.265165  -0.265165  0.  2
   0.353553  -0.353553  0.  2
   0.415735  -0.277785  0.  0
   0.265165  -0.265165  0.  2
   0.324760  -0.187500  0.  2
   0.415735  -0.277785  0.  2
   0.415735  -0.277785  0.  0
   0.461940  -0.191342  0.  2
   0.324760  -0.187500  0.  2
   0.415735  -0.277785  0.  2
   0.461940  -0.191342  0.  0
   0.324760  -0.187500  0.  2
   0.362222   -9.70571E-02  0.  2
   0.461940  -0.191342  0.  2
   0.461940  -0.191342  0.  0
   0.490393   -9.75451E-02  0.  2
   0.362222   -9.70571E-02  0.  2
   0.461940  -0.191342  0.  2
   0.490393   -9.75451E-02  0.  0
   0.375000  0.  0.  2
   0.362222   -9.70571E-02  0.  2
   0.490393   -9.75451E-02  0.  2
   0.500000  0.  0.  0
   0.490393   -9.75451E-02  0.  2
   0.375000  0.  0.  2
   0.500000  0.  0.  2
   0.375000  0.  0.  0
   0.362222    9.70571E-02  0.  3
   0.250000  0.  0.  3
   0.375000  0.  0.  3
   0.362222    9.70571E-02  0.  0
   0.250000  0.  0.  3
   0.230970    9.56709E-02  0.  3
   0.362222    9.70571E-02  0.  3
   0.362222    9.70571E-02  0.  0
   0.324760   0.187500  0.  3
   0.230970    9.56709E-02  0.  3
   0.362222    9.70571E-02  0.  3
   0.324760   0.187500  0.  0
   0.230970    9.56709E-02  0.  3
   0.176777   0.176777  0.  3
   0.324760   0.187500  0.  3
   0.324760   0.187500  0.  0
   0.265165   0.265165  0.  3
   0.176777   0.176777  0.  3
   0.324760   0.187500  0.  3
   0.265165   0.265165  0.  0
   0.187500   0.324760  0.  3
   0.176777   0.176777  0.  3
   0.265165   0.265165  0.  3
   0.187500   0.324760  0.  0
   0.176777   0.176777  0.  3
    9.56708E-02   0.230970  0.  3
   0.187500   0.324760  0.  3
   0.187500   0.324760  0.  0
    9.70571E-02   0.362222  0.  3
    9.56708E-02   0.230970  0.  3
   0.187500   0.324760  0.  3
    9.70571E-02   0.362222  0.  0
    9.56708E-02   0.230970  0.  3
   -1.09278E-08   0.250000  0.  3
    9.70571E-02   0.362222  0.  3
    9.70571E-02   0.362222  0.  0
   -1.63918E-08   0.375000  0.  3
   -1.09278E-08   0.250000  0.  3
    9.70571E-02   0.362222  0.  3
   -1.63918E-08   0.375000  0.  0
   -9.70572E-02   0.362222  0.  3
   -1.09278E-08   0.250000  0.  3
   -1.63918E-08   0.375000  0.  3
   -9.70572E-02   0.362222  0.  0
   -1.09278E-08   0.250000  0.  3
   -9.56709E-02   0.230970  0.  3
   -9.70572E-02   0.362222  0.  3
   -9.70572E-02   0.362222  0.  0
  -0.187500   0.324760  0.  3
   -9.56709E-02   0.230970  0.  3
   -9.70572E-02   0.362222  0.  3
  -0.187500   0.324760  0.  0
   -9.56709E-02   0.230970  0.  3
  -0.176777   0.176777  0.  3
  -0.187500   0.324760  0.  3
  -0.187500   0.324760  0.  0
  -0.265165   0.265165  0.  3
  -0.176777   0.176777  0.  3
  -0.187500   0.324760  0.  3
  -0.265165   0.265165  0.  0
  -0.324760   0.187500  0.  3
  -0.176777   0.176777  0.  3
  -0.265165   0.265165  0.  3
  -0.324760   0.187500  0.  0
  -0.176777   0.176777  0.  3
  -0.230970    9.56708E-02  0.  3
  -0.324760   0.187500  0.  3
  -0.324760   0.187500  0.  0
  -0.362222    9.70571E-02  0.  3
  -0.230970    9.56708E-02  0.  3
  -0.324760   0.187500  0.  3
  -0.362222    9.70571E-02  0.  0
  -0.230970    9.56708E-02  0.  3
  -0.250000   -2.18557E-08  0.  3
  -0.362222    9.70571E-02  0.  3
  -0.362222    9.70571E-02  0.  0
  -0.375000   -3.27835E-08  0.  3
  -0.250000   -2.18557E-08  0.  3
  -0.362222    9.70571E-02  0.  3
  -0.375000   -3.27835E-08  0.  0
  -0.362222   -9.70572E-02  0.  3
  -0.250000   -2.18557E-08  0.  3
  -0.375000   -3.27835E-08  0.  3
  -0.362222   -9.70572E-02  0.  0
  -0.250000   -2.18557E-08  0.  3
  -0.230970   -9.56709E-02  0.  3
  -0.362222   -9.70572E-02  0.  3
  -0.362222   -9.70572E-02  0.  0
  -0.324760  -0.187500  0.  3
  -0.230970   -9.56709E-02  0.  3
  -0.362222   -9.70572E-02  0.  3
  -0.324760  -0.187500  0.  0
  -0.230970   -9.56709E-02  0.  3
  -0.176777  -0.176777  0.  3
  -0.324760  -0.187500  0.  3
  -0.324760  -0.187500  0.  0
  -0.265165  -0.265165  0.  3
  -0.176777  -0.176777  0.  3
  -0.324760  -0.187500  0.  3
  -0.265165  -0.265165  0.  0
  -0.187500  -0.324760  0.  3
  -0.176777  -0.176777  0.  3
  -0.265165  -0.265165  0.  3
  -0.187500  -0.324760  0.  0
  -0.176777  -0.176777  0.  3
   -9.56708E-02  -0.230970  0.  3
  -0.187500  -0.324760  0.  3
  -0.187500  -0.324760  0.  0
   -9.70571E-02  -0.362222  0.  3
   -9.56708E-02  -0.230970  0.  3
  -0.187500  -0.324760  0.  3
   -9.70571E-02  -0.362222  0.  0
   -9.56708E-02  -0.230970  0.  3
    3.27835E-08  -0.250000  0.  3
   -9.70571E-02  -0.362222  0.  3
   -9.70571E-02  -0.362222  0.  0
    4.91753E-08  -0.375000  0.  3
    3.27835E-08  -0.250000  0.  3
   -9.70571E-02  -0.362222  0.  3
    4.91753E-08  -0.375000  0.  0
    9.70572E-02  -0.362222  0.  3
    3.27835E-08  -0.250000  0.  3
    4.91753E-08  -0.375000  0.  3
    9.70572E-02  -0.362222  0.  0
    3.27835E-08  -0.250000  0.  3
    9.56709E-02  -0.230970  0.  3
    9.70572E-02  -0.362222  0.  3
    9.70572E-02  -0.362222  0.  0
   0.187500  -0.324760  0.  3
    9.56709E-02  -0.230970  0.  3
    9.70572E-02  -0.362222  0.  3
   0.187500  -0.324760  0.  0
    9.56709E-02  -0.230970  0.  3
   0.176777  -0.176777  0.  3
   0.187500  -0.324760  0.  3
   0.187500  -0.324760  0.  0
   0.265165  -0.265165  0.  3
   0.176777  -0.176777  0.  3
   0.187500  -0.324760  0.  3
   0.265165  -0.265165  0.  0
   0.324760  -0.187500  0.  3
   0.176777  -0.176777  0.  3
   0.265165  -0.265165  0.  3
   0.324760  -0.187500  0.  0
   0.176777  -0.176777  0.  3
   0.230970   -9.56708E-02  0.  3
   0.324760  -0.187500  0.  3
   0.324760  -0.187500  0.  0
   0.362222   -9.70571E-02  0.  3
   0.230970   -9.56708E-02  0.  3
   0.324760  -0.187500  0.  3
   0.362222   -9.70571E-02  0.  0
   0.250000  0.  0.  3
   0.230970   -9.56708E-02  0.  3
   0.362222   -9.70571E-02  0.  3
   0.375000  0.  0.  0
   0.362222   -9.70571E-02  0.  3
   0.250000  0.  0.  3
   0.375000  0.  0.  3
   0.250000  0.  0.  0
   0.230970    9.56709E-02  0.  4
   0.125000  0.  0.  4
   0.250000  0.  0.  4
   0.230970    9.56709E-02  0.  0
   0.125000  0.  0.  4
    8.83883E-02    8.83883E-02  0.  4
   0.230970    9.56709E-02  0.  4
   0.230970    9.56709E-02  0.  0
   0.176777   0.176777  0.  4
    8.83883E-02    8.83883E-02  0.  4
   0.230970    9.56709E-02  0.  4
   0.176777   0.176777  0.  0
    9.56708E-02   0.230970  0.  4
    8.83883E-02    8.83883E-02  0.  4
   0.176777   0.176777  0.  4
    9.56708E-02   0.230970  0.  0
    8.83883E-02    8.83883E-02  0.  4
   -5.46392E-09   0.125000  0.  4
    9.56708E-02   0.230970  0.  4
    9.56708E-02   0.230970  0.  0
   -1.09278E-08   0.250000  0.  4
   -5.46392E-09   0.125000  0.  4
    9.56708E-02   0.230970  0.  4
   -1.09278E-08   0.250000  0.  0
   -9.56709E-02   0.230970  0.  4
   -5.46392E-09   0.125000  0.  4
   -1.09278E-08   0.250000  0.  4
   -9.56709E-02   0.230970  0.  0
   -5.46392E-09   0.125000  0.  4
   -8.83884E-02    8.83883E-02  0.  4
   -9.56709E-02   0.230970  0.  4
   -9.56709E-02   0.230970  0.  0
  -0.176777   0.176777  0.  4
   -8.83884E-02    8.83883E-02  0.  4
   -9.56709E-02   0.230970  0.  4
  -0.176777   0.176777  0.  0
  -0.230970    9.56708E-02  0.  4
   -8.83884E-02    8.83883E-02  0.  4
  -0.176777   0.176777  0.  4
  -0.230970    9.56708E-02  0.  0
   -8.83884E-02    8.83883E-02  0.  4
  -0.125000   -1.09278E-08  0.  4
  -0.230970    9.56708E-02  0.  4
  -0.230970    9.56708E-02  0.  0
  -0.250000   -2.18557E-08  0.  4
  -0.125000   -1.09278E-08  0.  4
  -0.230970    9.56708E-02  0.  4
  -0.250000   -2.18557E-08  0.  0
  -0.230970   -9.56709E-02  0.  4
  -0.125000   -1.09278E-08  0.  4
  -0.250000   -2.18557E-08  0.  4
  -0.230970   -9.56709E-02  0.  0
  -0.125000   -1.09278E-08  0.  4
   -8.83883E-02   -8.83884E-02  0.  4
  -0.230970   -9.56709E-02  0.  4
  -0.230970   -9.56709E-02  0.  0
  -0.176777  -0.176777  0.  4
   -8.83883E-02   -8.83884E-02  0.  4
  -0.230970   -9.56709E-02  0.  4
  -0.176777  -0.176777  0.  0
   -9.56708E-02  -0.230970  0.  4
   -8.83883E-02   -8.83884E-02  0.  4
  -0.176777  -0.176777  0.  4
   -9.56708E-02  -0.230970  0.  0
   -8.83883E-02   -8.83884E-02  0.  4
    1.63918E-08  -0.125000  0.  4
   -9.56708E-02  -0.230970  0.  4
   -9.56708E-02  -0.230970  0.  0
    3.27835E-08  -0.250000  0.  4
    1.63918E-08  -0.125000  0.  4
   -9.56708E-02  -0.230970  0.  4
    3.27835E-08  -0.250000  0.  0
    9.56709E-02  -0.230970  0.  4
    1.63918E-08  -0.125000  0.  4
    3.27835E-08  -0.250000  0.  4
    9.56709E-02  -0.230970  0.  0
    1.63918E-08  -0.125000  0.  4
    8.83884E-02   -8.83883E-02  0.  4
    9.56709E-02  -0.230970  0.  4
    9.56709E-02  -0.230970  0.  0
   0.176777  -0.176777  0.  4
    8.83884E-02   -8.83883E-02  0.  4
    9.56709E-02  -0.230970  0.  4
   0.176777  -0.176777  0.  0
   0.230970   -9.56708E-02  0.  4
    8.83884E-02   -8.83883E-02  0.  4
   0.176777  -0.176777  0.  4
   0.230970   -9.56708E-02  0.  0
   0.125000  0.  0.  4
    8.83884E-02   -8.83883E-02  0.  4
   0.230970   -9.56708E-02  0.  4
   0.250000  0.  0.  0
   0.230970   -9.56708E-02  0.  4
   0.125000  0.  0.  4
   0.250000  0.  0.  4
   0.125000  0.  0.  0
    8.83883E-02    8.83883E-02  0.  1
  0.  0.  0.  1
   0.125000  0.  0.  1
    8.83883E-02    8.83883E-02  0.  0
   -5.46392E-09   0.125000  0.  1
  0.  0.  0.  1
    8.83883E-02    8.83883E-02  0.  1
   -5.46392E-09   0.125000  0.  0
   -8.83884E-02    8.83883E-02  0.  1
  0.  0.  0.  1
   -5.46392E-09   0.125000  0.  1
   -8.83884E-02    8.83883E-02  0.  0
  -0.125000   -1.09278E-08  0.  1
  0.  0.  0.  1
   -8.83884E-02    8.83883E-02  0.  1
  -0.125000   -1.09278E-08  0.  0
   -8.83883E-02   -8.83884E-02  0.  1
  0.  0.  0.  1
  -0.125000   -1.09278E-08  0.  1
   -8.83883E-02   -8.83884E-02  0.  0
    1.63918E-08  -0.125000  0.  1
  0.  0.  0.  1
   -8.83883E-02   -8.83884E-02  0.  1
    1.63918E-08  -0.125000  0.  0
    8.83884E-02   -8.83883E-02  0.  1
  0.  0.  0.  1
    1.63918E-08  -0.125000  0.  1
   0.125000  0.  0.  0
    8.83884E-02   -8.83883E-02  0.  1
  0.  0.  0.  1
   0.125000  0.  0.  1
