# Earth Globe
# A set of Earth Centered Rotational (ECR) data points
# which represent the world coastlines.
# March 13, 1994
# (Rotater file courtesy of Van Nanney <vwn@hsv.crc.com>)

 -2376688 -3026749 5077381 0
 -2364750 -2923352 5143114 1
 -2388228 -2810131 5195112 1
 -2295222 -2734370 5276820 1
 -1722042 -1393985 5973360 0
 -1540869 -1626577 5964027 1
 -1507882 -1623242 5973360 1
 -1503515 -1663973 5963245 1
 -1483223 -1672358 5965980 1
 -1482932 -1672616 5965980 0
 -1370431 -1700822 5984879 1
 -1265050 -1808694 5976448 1
 -1188635 -1848650 5979907 1
 -2270599 -3607045 4735320 0
 -2271512 -3476529 4831524 1
 -2276165 -3435000 4858961 1
 -2300545 -3302665 4938577 1
 -2379964 -3256576 4931545 1
 -2369395 -3239740 4947697 1
 -2400464 -3136272 4999122 1
 -2330422 -3084726 5063916 1
 -2330960 -3084319 5063916 0
 -2376688 -3026749 5077381 1
 -2295222 -2734370 5276820 0
 -2351008 -2677981 5281177 1
 -2378470 -2504633 5353443 1
 -2378907 -2504217 5353443 0
 -2301463 -2402460 5433333 1
 -2394740 -2319044 5429264 1
 -2418160 -2312459 5421687 1
 -2417476 -2311805 5422270 0
 -2468646 -2082477 5491696 1
 -2575364 -1873173 5518004 1
 -2585613 -1717877 5563556 1
 -2585913 -1717426 5563556 0
 -2588587 -1634540 5587231 1
 -2696687 -1672017 5524662 1
 -2852102 -1583550 5472434 1
 -2851267 -1583086 5473003 0
 -2660610 -1593604 5565180 1
 -2727422 -1466110 5567885 1
 -2936013 -1452343 5464447 1
 -3116319 -1405108 5376233 1
 -3116564 -1404564 5376233 0
 -3296484 -1309165 5292346 1
 -3410516 -1193009 5247358 1
 -3410724 -1192414 5247358 0
 -3504994 -1052882 5214989 1
 -3491073 -1045380 5225824 1
 -3281322 -1227489 5321264 1
 -3006774 -1287463 5467303 1
 -3005896 -1287087 5467874 0
 -3002366 -1288056 5469585 1
 -3093660 -1124777 5454704 1
 -3020596 -965157 5525769 1
 -3020764 -964630 5525769 0
 -3041168 -834823 5535704 1
 -2978534 -795311 5575434 1
 -2849896 -779643 5644457 1
 -2848810 -779881 5644973 0
 -2743128 -849140 5687166 1
 -2617738 -798325 5753241 1
 -2584331 -568202 5795518 1
 -2583343 -567985 5795980 0
 -2557085 -550526 5809293 1
 -2462505 -810107 5819746 1
 -2368309 -783243 5862363 1
 -2368172 -783657 5862363 0
 -2318596 -631687 5900401 1
 -2048146 -673396 5995105 1
 -2025953 -746610 5993975 1
 -1884374 -864326 6024262 1
 -1852794 -976041 6016988 1
 -1749046 -1281984 5990576 1
 -1722042 -1393985 5973360 1
 912137 -2174135 5918682 0
 1004697 -2195461 5895777 1
 1062350 -2234283 5871034 1
 1062790 -2235209 5870602 0
 1106405 -2250495 5856688 1
 1214611 -2241697 5838593 1
 1194383 -2335033 5806093 1
 1194844 -2335936 5805635 0
 1158960 -2324514 5817482 1
 1171338 -2417643 5776904 1
 1101059 -2396076 5799667 1
 1100218 -2395348 5800128 0
 1058960 -2321527 5837702 1
 971191 -2356285 5839038 1
 966947 -2415094 5815667 1
 967368 -2414925 5815667 0
 1051049 -2470121 5777841 1
 1074564 -2495110 5762759 1
 1153960 -2515825 5738349 1
 1213882 -2606741 5685160 1
 1214337 -2606529 5685160 0
 1210004 -2627112 5676603 1
 1116959 -2631390 5693667 1
 1010276 -2630487 5713977 1
 1009918 -2629556 5714469 0
 1197392 -2709727 5640327 1
 1022202 -2731098 5664438 1
 945217 -2718878 5683654 1
 862894 -2690826 5710037 1
 763834 -2634281 5750372 1
 764294 -2634148 5750372 0
 715411 -2606165 5769380 1
 601788 -2694453 5741726 1
 684131 -2620794 5766546 1
 698132 -2555445 5794132 1
 698578 -2555323 5794132 0
 841526 -2441200 5824262 1
 898711 -2369610 5845248 1
 706199 -2292687 5902078 1
 701984 -2287515 5904587 1
 728541 -3580896 5218818 0
 692365 -3265727 5426353 1
 688341 -3260769 5429846 1
 689106 -3261576 5429264 0
 689177 -3106110 5519671 1
 652180 -3036975 5562472 1
 770769 -2864546 5638257 1
 889897 -2873017 5616361 1
 889395 -2873173 5616361 0
 1040923 -2900804 5575972 1
 1033641 -3007027 5520781 1
 1117835 -3108311 5447798 1
 1197476 -3180776 5388726 1
 1319574 -3033364 5444913 1
 1342511 -2945871 5487181 1
 1341997 -2946105 5487181 0
 1329892 -2916832 5505736 1
 1385346 -2869559 5516892 1
 1461899 -2933398 5463303 1
 1495384 -2933590 5454129 1
 1550819 -2982907 5411735 1
 1665904 -3049149 5340141 1
 1656594 -3124804 5299146 1
 1790087 -3133273 5250509 1
 1790634 -3132960 5250509 0
 1824107 -3131614 5239779 1
 1824653 -3131296 5239779 0
 1923555 -3131590 5204107 1
 1948985 -3189194 5159472 1
 1948898 -3190303 5158819 0
 1904332 -3273284 5123356 1
 1940988 -3232902 5135228 1
 2061028 -3155587 5136544 1
 2175033 -3200464 5061216 1
 2176088 -3200815 5060541 0
 2171589 -3313484 4989456 1
 -1188958 -1848442 5979907 0
 -992989 -2144110 5916622 1
 -1021523 -2179729 5898722 1
 -761656 -2358131 5869306 1
 -743641 -2307865 5891554 1
 -743728 -2306757 5891977 0
 -685240 -2275362 5911246 1
 -654027 -2203722 5941844 1
 -442588 -2367235 5898302 1
 -321683 -2324200 5923197 1
 -232970 -2469167 5868440 1
 -233401 -2469126 5868440 0
 -226162 -2374843 5907506 1
 67887 -2385653 5907089 0
 199388 -2274440 5947842 1
 169298 -2190231 5980291 1
 168916 -2190260 5980291 0
 299523 -2315689 5927691 1
 344045 -2495394 5851862 1
 343174 -2495514 5851862 0
 279334 -2558838 5827862 1
 72943 -2627838 5803344 1
 107124 -2738685 5751329 1
 -5822 -2779857 5732540 1
 -157868 -2797403 5721823 1
 -131689 -2933914 5653712 1
 -131177 -2933937 5653712 0
 -128785 -2973479 5633071 1
 1549209 -3869380 4818454 0
 1434540 -4084971 4673838 1
 1399832 -4135625 4639690 1
 1592032 -3883705 4792903 1
 373098 -3610396 5235981 0
 537240 -3817829 5072002 1
 746820 -3963808 4931545 1
 743101 -3763275 5086769 1
 732574 -3740871 5104789 1
 728541 -3580896 5218818 1
 2171589 -3313484 4989456 0
 1993275 -3554881 4896870 1
 1940694 -3587742 4894023 1
 1596583 -3833659 4831524 1
 1549209 -3869380 4818454 1
 1592032 -3883705 4792903 0
 1733966 -3874515 4750910 1
 1675967 -3919767 4734576 1
 1890440 -3970522 4609864 1
 1952145 -3962045 4591403 1
 2175410 -3919702 4526939 1
 2121431 -3969752 4508907 1
 2121802 -3970446 4508122 0
 1980214 -4107240 4449604 1
 1895773 -4210421 4389539 1
 1941918 -4042226 4525374 1
 1905221 -4006970 4572087 1
 -128266 -2973501 5633071 0
 -244461 -3113120 5553231 1
 -182821 -3300997 5446067 1
 -182244 -3301029 5446067 0
 81798 -3496868 5324929 1
 373098 -3610396 5235981 1
 1905221 -4006970 4572087 0
 1751827 -4177633 4479747 1
 1702944 -4225547 4453582 1
 1586907 -4308446 4416862 1
 1548089 -4453012 4285295 1
 1628310 -4459210 4248965 1
 1396722 -4585642 4196511 1
 1313996 -4662194 4138479 1
 1314810 -4661965 4138479 0
 1266358 -4772729 4025797 1
 1288001 -4820345 3961689 1
 1246830 -4866659 3917997 1
 1174933 -4823428 3992960 1
 1160629 -4786498 4041290 1
 1176715 -4871398 3933761 1
 1176554 -4870731 3934635 0
 1102989 -4874510 3951230 1
 1167742 -4901667 3898678 1
 1115750 -4942926 3861637 1
 1251168 -4962777 3794084 1
 1231173 -4986134 3769924 1
 1239382 -5023145 3717742 1
 1211491 -5061788 3674268 1
 1138351 -5109440 3631450 1
 1139242 -5109242 3631450 0
 986699 -5242014 3483872 1
 871444 -5309967 3410936 1
 805065 -5380392 3315556 1
 917162 -5528147 3031180 1
 934487 -5554491 2977250 1
 982848 -5637275 2800856 1
 961522 -5684859 2710628 1
 961443 -5684393 2711634 0
 805547 -5645938 2839741 1
 813692 -5632701 2863605 1
 719332 -5584333 2981181 1
 662661 -5516295 3117856 1
 442270 -5496903 3190314 1
 339869 -5478343 3234485 1
 193135 -5475850 3250757 1
 -28801 -5500618 3214346 1
 25130 -5537847 3149804 1
 57417 -5575677 3081912 1
 -77702 -5564638 3101357 1
 -129889 -5552802 3120765 1
 -129877 -5552257 3121734 0
 -375249 -5518552 3161396 1
 -554816 -5558541 3063405 1
 -663063 -5560612 3038024 1
 -735304 -5615483 2918104 1
 -714284 -5678050 2799857 1
 -711917 -5683263 2789864 1
 -2448985 -4748889 3469896 0
 -2662480 -4529028 3603991 1
 -2686153 -4342469 3810144 1
 -2691940 -4230385 3930261 1
 -2724912 -4191190 3949485 1
 -2672733 -3926908 4245650 1
 -2522667 -3740007 4498683 1
 -2522014 -3740447 4498683 0
 -2427930 -3633654 4635878 1
 -2408588 -3477146 4764222 1
 -2316308 -3612180 4709196 1
 -2270599 -3607045 4735320 1
 -2540968 -2843915 5103458 0
 -2580980 -2866468 5070656 1
 -2540968 -2843915 5103458 1
 -2482008 -2789663 5162080 0
 -2529092 -2787244 5140488 1
 -2482008 -2789663 5162080 1
 -1633246 -1580516 5951817 0
 -1637467 -1589589 5948240 1
 -1633246 -1580516 5951817 1
 -2454840 -3202681 4930137 0
 -2478123 -3262442 4879040 1
 -2408039 -3417411 4807526 1
 -2407443 -3417831 4807526 0
 -2374522 -3415218 4825721 1
 -2356288 -3376404 4861836 1
 -2455399 -3202252 4930137 1
 662776 -3451477 5313914 0
 632372 -3490104 5292346 1
 662776 -3451477 5313914 1
 -869276 -1522151 6125118 0
 -1027301 -1739841 6042123 1
 -1105693 -1564519 6076131 1
 -1106578 -1565192 6075797 0
 -869542 -1521999 6125118 1
 -793094 -1732267 6079466 0
 -649375 -1776421 6083773 1
 -614765 -1913621 6045641 1
 -505653 -1907080 6057806 1
 -516182 -2008940 6023900 1
 -516102 -2151374 5974519 1
 -564315 -2218751 5945447 1
 -563928 -2218849 5945447 0
 -794743 -2182353 5932568 1
 -1004274 -1934961 5986402 1
 -986696 -1847142 6016988 1
 -923511 -1826656 6033250 1
 -898502 -1676401 6080463 1
 -793094 -1732267 6079466 1
 328648 -2680489 5770323 0
 331078 -2756046 5734479 1
 210637 -2807937 5714960 1
 271501 -2654443 5785315 1
 328302 -2681546 5769851 1
 -300079 -2170903 5982206 0
 -378718 -2246269 5949832 1
 -300079 -2170903 5982206 1
 2234131 -3265310 4993602 0
 2269386 -3422176 4871165 1
 2319653 -3373855 4881184 1
 2382934 -3403183 4830074 1
 2476042 -3341298 4826447 1
 2509353 -3381312 4781164 1
 2561827 -3389801 4747204 1
 2572132 -3488755 4669302 1
 2475162 -3583935 4649585 1
 2474536 -3584367 4649585 0
 2473911 -3584799 4649585 1
 2411598 -3555228 4704700 1
 2247827 -3658082 4706948 1
 2215202 -3546441 4806796 1
 2189922 -3504608 4848877 1
 2234131 -3265310 4993602 1
 2158150 -3785174 4648064 0
 2171413 -3837959 4598335 1
 2145431 -3785868 4653384 1
 2144771 -3786242 4653384 0
 2158150 -3785174 4648064 1
 1904664 -3901682 4662487 0
 2006824 -3930132 4595255 1
 1904664 -3901682 4662487 1
 -2434109 -2556960 5303463 0
 -2473576 -2719378 5203466 1
 -2434109 -2556960 5303463 1
 -2420795 -2498939 5337107 0
 -2426866 -2500835 5333460 1
 -2420795 -2498939 5337107 1
 -2429392 -2420927 5369061 0
 -2435758 -2407860 5372052 1
 -2429392 -2420927 5369061 1
 -2401001 -2339768 5417595 0
 -2462540 -2387201 5369061 1
 -2401001 -2339768 5417595 1
 -2357855 -2368579 5424021 0
 -2404448 -2456199 5364267 1
 -2357855 -2368579 5424021 1
 -3015066 -1519058 5402915 0
 -3120471 -1542910 5335892 1
 -3067703 -1506173 5376829 1
 -3066860 -1505759 5377426 0
 -3015066 -1519058 5402915 1
 1491881 -4567114 4183947 0
 1448051 -4584261 4180592 1
 1491881 -4567114 4183947 1
 -1476796 -2232042 5781584 0
 -1457504 -2108046 5832793 1
 -1264856 -2218428 5836811 1
 -1264469 -2218649 5836811 0
 -1261622 -2290146 5809750 1
 -1449555 -2266606 5775027 1
 -1449407 -2265504 5775497 0
 -1476796 -2232042 5781584 1
 -561571 -3789224 5090783 0
 -459024 -3955138 4973513 1
 -459291 -3915657 5004631 1
 -529147 -3722638 5143114 1
 -563025 -3789906 5090114 1
 -1311751 -2809218 5565722 0
 -1011943 -2762275 5651147 1
 -960337 -2763924 5659340 1
 -960661 -2764857 5658829 0
 -957527 -2745014 5669012 1
 -1274027 -2647233 5653199 1
 -1378759 -2761741 5573281 1
 -1378277 -2761982 5573281 0
 -1310850 -2808566 5566263 1
 -1993720 -2872865 5325540 0
 -1988007 -3035680 5236614 1
 -1993720 -2872865 5325540 1
 -606165 -2825102 5678117 0
 -603333 -2828748 5676603 1
 -606165 -2825102 5678117 1
 -812818 -3441146 5299763 0
 -688275 -3291717 5411148 1
 -812818 -3441146 5299763 1
 -1201233 -3084184 5443758 0
 -984843 -3098987 5478687 1
 -1201233 -3084184 5443758 1
 -654678 -3664230 5170538 0
 -644727 -3767847 5096794 1
 -654678 -3664230 5170538 1
 -691701 -3757698 5098128 0
 -687434 -3786462 5077381 1
 -691701 -3757698 5098128 1
 -626935 -3892335 5004631 0
 -614043 -3943709 4965859 1
 -626935 -3892335 5004631 1
 -325071 -4084841 4878325 0
 -362971 -4148779 4821363 1
 -325071 -4084841 4878325 1
 1586256 -3315224 5204107 0
 1578792 -3410564 5144426 1
 1492686 -3406893 5172487 1
 1493280 -3406633 5172487 0
 1495933 -3383735 5186731 1
 1608714 -3363669 5165987 1
 1609103 -3364482 5165336 0
 1586256 -3315224 5204107 1
 1178894 -3801343 4974902 0
 1128258 -3903827 4906813 1
 1178894 -3801343 4974902 1
 1466035 -3659789 5004631 0
 1450697 -3675282 4997743 1
 1466035 -3659789 5004631 1
 306366 -4649372 4345012 0
 173990 -4656205 4345012 1
 911007 -5593791 2910193 0
 910925 -5593289 2911182 1
 465309 -5383433 3375173 0
 465258 -5382846 3376116 1
 1113937 -4405470 4465493 0
 880380 -4554622 4366921 1
 1005423 -4457786 4439247 1
 1113937 -4405470 4465493 1
 682343 -4648888 4302546 0
 840389 -4638166 4286118 1
 614430 -4617235 4346638 0
 439078 -4430286 4557349 1
 388095 -4427052 4565112 1
 306366 -4649372 4345012 1
 173178 -4656236 4345012 0
 255499 -4444654 4557349 1
 282710 -4431834 4568213 1
 293433 -4360296 4635878 1
 294194 -4360245 4635878 0
 -31336 -4378939 4627480 1
 31243 -4262091 4735320 1
 246883 -4192594 4790705 1
 269527 -4202081 4781164 1
 490822 -4375779 4604488 1
 777367 -4422208 4519892 1
 812115 -4451112 4485278 1
 663096 -4556491 4403220 1
 614430 -4617235 4346638 1
 -954714 -4138616 4748687 0
 -956554 -4143293 4744237 1
 566647 -4682517 4282826 0
 561172 -4692199 4272938 1
 840389 -4638166 4286118 0
 559684 -4700630 4263858 1
 561172 -4692199 4272938 1
 566647 -4682517 4282826 0
 682343 -4648888 4302546 1
 115074 -4068819 4901135 0
 111687 -4074900 4896158 1
 115074 -4068819 4901135 1
 -810793 -4295110 4635115 0
 -826070 -4439776 4493957 1
 -810793 -4295110 4635115 1
 -956554 -4143293 4744237 0
 -954714 -4138616 4748687 1
 -1338223 -4082231 4704700 0
 -1316698 -4096121 4698697 1
 -1338223 -4082231 4704700 1
 2090483 -1508813 5826063 0
 2073942 -1398891 5859311 1
 1960567 -1245174 5932568 1
 1961659 -1245387 5932163 0
 2058308 -1145639 5919504 1
 2054736 -1109139 5927691 1
 2042433 -931221 5962462 1
 1943885 -903146 5999607 1
 1943727 -903485 5999607 0
 1861191 -1041890 6003339 1
 1861373 -1041566 6003339 0
 1777155 -929864 6047042 1
 1942102 -802857 6014425 1
 1926666 -768272 6023900 1
 1798203 -775173 6062609 1
 1677309 -790355 6095213 1
 1677033 -790940 6095213 0
 1587317 -763583 6122664 1
 1657922 -664129 6115544 1
 1523963 -612629 6155638 1
 1524070 -612363 6155638 0
 1469091 -607616 6169459 1
 1467990 -607461 6169736 0
 1400345 -556133 6190267 1
 1330869 -460334 6213416 1
 1330627 -461031 6213416 0
 1278931 -509724 6220464 1
 1038191 -356060 6275750 1
 962954 -256942 6292563 1
 936847 -416328 6287976 1
 759882 -463288 6308534 1
 760286 -462625 6308534 0
 749454 -303103 6319501 1
 643018 -333878 6329669 1
 550664 -505830 6326971 1
 549587 -505371 6327101 0
 542635 -524017 6326184 1
 542727 -523922 6326184 0
 572250 -577265 6318936 1
 547817 -737367 6304430 1
 548215 -738442 6304270 0
 479930 -711258 6312957 1
 480055 -711175 6312957 0
 425659 -931438 6288155 1
 481360 -977823 6277086 1
 481531 -977739 6277086 0
 431209 -1267394 6228758 1
 536850 -1244161 6225232 1
 549782 -1362126 6199355 1
 702303 -1342810 6188157 1
 702771 -1342565 6188157 0
 767845 -1336403 6181755 1
 947728 -1464405 6127559 1
 1044423 -1497145 6103883 1
 1120943 -1624900 6057461 1
 1193225 -1572586 6057461 1
 1263898 -1580427 6041065 1
 1350807 -1648015 6004084 1
 1414300 -1710810 5971812 1
 1456544 -1789084 5938629 1
 1440949 -1877881 5914971 1
 912516 -2173976 5918682 0
 845915 -2149680 5937420 1
 836659 -2089682 5960108 1
 837411 -2090501 5959715 0
 761306 -2093945 5968707 1
 760950 -2092966 5969095 0
 753139 -2050283 5984879 1
 691682 -2055291 5990576 1
 690964 -2055532 5990576 0
 631185 -2016580 6010380 1
 556964 -1963036 6035390 1
 489013 -1935400 6050186 1
 489092 -1934291 6050534 0
 439778 -1904888 6063633 1
 338496 -1915793 6066697 1
 198234 -1807149 6106109 1
 197488 -1806159 6106426 0
 206576 -1853350 6091968 1
 206900 -1853314 6091968 0
 148504 -1956774 6061240 1
 169247 -2019741 6040004 1
 169600 -2019712 6040004 0
 116635 -1859045 6092618 1
 116960 -1859025 6092618 0
 1062 -2027874 6039650 1
 95103 -2078327 6021724 1
 24512 -2096116 6016257 0
 264927 -2163898 5986402 1
 425673 -2149807 5982206 1
 489165 -2142680 5979907 1
 596804 -2224197 5940238 1
 701984 -2287515 5904587 1
 68304 -2385641 5907089 0
 -22899 -2301723 5940640 1
 -106583 -2210888 5974133 1
 -105812 -2210925 5974133 0
 -57007 -2162579 5992467 1
 -171335 -1978254 6053660 1
 -230159 -2048686 6028231 1
 -152414 -2253079 5957353 1
 -225747 -2374883 5907506 1
 -225845 -2375909 5907089 0
 -225747 -2374883 5907506 1
 -306055 -1735722 6122357 0
 -226914 -1949238 6061240 1
 -310859 -2022030 6033607 1
 -339262 -1846677 6088049 1
 -306055 -1735722 6122357 1
 -581083 -1407721 6186301 0
 -473389 -1415632 6193669 1
 -499971 -1560034 6156783 1
 -622073 -1508515 6158495 1
 -671435 -1425579 6173050 1
 -671932 -1425345 6173050 0
 -581083 -1407721 6186301 1
 -51301 -1469080 6199099 0
 12461 -1586508 6170291 1
 273982 -1571466 6168069 1
 273434 -1571561 6168069 0
 307292 -1630978 6151027 1
 66801 -1700193 6139587 1
 -23493 -1661655 6150447 1
 -23783 -1661651 6150447 0
 -174908 -1445361 6202418 1
 -51596 -1470152 6198842 1
 198441 -810963 6316060 0
 346800 -718031 6320903 1
 336792 -926335 6294293 1
 328652 -1076989 6270704 1
 245749 -1149252 6261667 1
 245950 -1149209 6261667 0
 306610 -1237102 6242213 1
 202182 -1401312 6211690 1
 202426 -1401277 6211690 0
 187377 -1487415 6192103 1
 86601 -1470673 6198328 1
 56193 -1381051 6219260 1
 128000 -1329332 6229458 1
 128696 -1329265 6229458 0
 148072 -1236266 6248150 1
 170032 -1247743 6245308 1
 169814 -1247773 6245308 0
 158518 -1123646 6269126 1
 216265 -1020071 6285088 1
 73878 -1043422 6284542 1
 44472 -939542 6301185 1
 77716 -834586 6315622 1
 180823 -778887 6320624 1
 198300 -810998 6316060 1
 -74335 -981751 6294465 0
 76148 -1146468 6266535 1
 -27581 -1305818 6235682 1
 -28265 -1305804 6235682 0
 -7467 -1188321 6259192 1
 -7674 -1188320 6259192 0
 -90213 -1094936 6275558 1
 -74507 -981738 6294465 1
 96191 -2078277 6021724 0
 24512 -2096116 6016257 1
 1252011 -1742358 5998859 0
 1254573 -1776495 5988302 1
 1252011 -1742358 5998859 1
 -155611 -1747031 6124812 0
 -141332 -1957305 6061240 1
 -155611 -1747031 6124812 1
 -133134 -1575557 6171673 0
 -133959 -1575487 6171673 1
 -133134 -1575557 6171673 1
 -668427 -1223441 6216595 0
 -744848 -1308510 6190529 1
 -668427 -1223441 6216595 1
 -278858 -1143920 6261257 0
 -304970 -1219541 6245748 1
 -278858 -1143920 6261257 1
 -265439 -1449111 6198328 0
 -229935 -1617634 6157925 1
 -310514 -1531696 6176337 1
 -310781 -1531642 6176337 0
 -265439 -1449111 6198328 1
 2090483 -1508813 5826063 0
 2013973 -1570095 5836811 1
 2036863 -1668340 5801507 1
 2017660 -1705658 5797364 1
 2017362 -1706011 5797364 0
 2076099 -1833550 5737383 1
 2151119 -1881174 5694166 1
 2151447 -1880798 5694166 0
 2119352 -1891594 5702619 1
 2149536 -1979371 5661381 1
 2224746 -2042895 5609522 1
 2225103 -2042506 5609522 0
 2213976 -2070353 5603713 1
 2251287 -2127448 5567344 1
 2284498 -2175498 5535154 1
 2285198 -2176165 5534603 0
 2244416 -2231915 5529087 1
 2216087 -2187649 5558129 1
 2165914 -2231930 5560302 1
 2131362 -2228785 5574896 1
 2130973 -2229157 5574896 0
 2064346 -2287064 5576510 1
 2063526 -2273358 5582415 1
 1998398 -2273929 5605828 1
 1928117 -2254346 5638257 1
 1929150 -2254757 5637739 0
 1866912 -2201387 5679629 1
 1785420 -2209538 5702619 1
 1750679 -2158055 5733025 1
 1750302 -2158361 5733025 0
 1788055 -2100958 5742690 1
 1788422 -2100646 5742690 0
 1671539 -2144097 5761810 1
 1650923 -2031460 5808380 1
 1665233 -2023685 5807008 1
 1608671 -2040590 5817029 1
 1585729 -1921592 5863668 1
 1586064 -1921315 5863668 0
 1508332 -2030230 5847457 1
 1500368 -1941249 5879634 1
 1501045 -1940725 5879634 0
 1576025 -1901706 5872760 1
 1551794 -1879134 5886463 1
 1484959 -1877588 5904169 1
 1484648 -1876521 5904587 0
 1426370 -1892857 5913731 1
 1441276 -1877629 5914971 1
 1578751 -2109593 5800587 0
 -711917 -5683263 2789864 0
 -764349 -5885165 2317382 1
 -744640 -5911029 2257188 1
 -463404 -6036245 1984604 1
 -177180 -6040935 2016275 1
 -76576 -6009892 2113052 1
 239956 -5922832 2334980 1
 298619 -5915255 2347389 1
 264346 -6006407 2107806 1
 181355 -6039401 2020494 1
 181032 -6099602 1830774 1
 116564 -6126450 1744325 1
 191563 -6129715 1726136 1
 437930 -6109442 1752879 1
 462521 -6108549 1749672 1
 615216 -6099039 1735768 1
 646305 -6108155 1691858 1
 736147 -6110015 1647862 1
 698995 -6154100 1492686 1
 687336 -6186217 1359390 1
 680419 -6192889 1332218 1
 692969 -6217138 1206911 1
 692946 -6216929 1208003 0
 813487 -6229446 1059195 1
 1325940 -6179696 801808 0
 1333895 -6164301 900984 1
 1339274 -6163134 900984 1
 1257036 -6173012 950491 1
 1202365 -6174123 1012017 1
 1143709 -6188986 988956 1
 1136271 -6191056 984561 1
 1054315 -6220280 886672 1
 983187 -6235774 859135 1
 964334 -6236420 875659 1
 861277 -6246930 907588 1
 830402 -6248528 925195 1
 779744 -6260159 889975 1
 813487 -6229446 1059195 0
 897352 -6227193 1003233 1
 922900 -6227305 979068 1
 1088591 -6192665 1027383 1
 1087541 -6193032 1026286 0
 1109914 -6187232 1037259 1
 1304271 -6151951 1020798 1
 1377091 -6145634 961484 1
 779744 -6260159 889975 0
 692203 -6259877 961484 1
 701483 -6253865 993349 1
 522521 -6248699 1127113 1
 514741 -6247561 1136961 1
 452434 -6250583 1146806 1
 469889 -6234776 1223284 1
 469873 -6234563 1224375 0
 314772 -6213695 1371337 1
 292435 -6201071 1432080 1
 235739 -6192813 1477548 1
 106021 -6197935 1471057 1
 101686 -6197494 1473221 1
 -10801 -6188412 1514297 1
 -242103 -6161921 1600553 1
 -483233 -6099229 1776385 0
 -860098 -6058524 1773181 1
 -1125187 -5983501 1876519 1
 -1561924 -5800821 2121442 1
 -1589520 -5778592 2161238 1
 -1673919 -5597203 2541450 1
 -1801389 -5478956 2706602 1
 -1801241 -5478507 2707609 0
 -1867509 -5399139 2819816 1
 -1928241 -5352965 2866585 1
 -2100293 -5146612 3113006 1
 -2181726 -4984286 3314606 1
 -2230725 -5093806 3109125 1
 -2120927 -5260048 2902277 1
 -2005152 -5446908 2626824 1
 -2153551 -5381538 2644034 1
 -2153723 -5381966 2643023 0
 -2172105 -5293508 2801854 1
 -2321887 -5132853 2975283 1
 -2361716 -5021176 3130454 1
 -2451204 -4757266 3456830 1
 -2448985 -4748889 3469896 1
 -483233 -6099229 1776385 0
 -299418 -6144025 1658601 1
 -242103 -6161921 1600553 0
 -299418 -6144025 1658601 1
 1854282 -5703504 2149728 0
 2153141 -5626728 2072092 1
 1940017 -5751360 1935936 1
 1698064 -5795660 2028928 1
 1806300 -5714937 2160192 1
 1807297 -5714621 2160192 0
 1854282 -5703504 2149728 1
 1219662 -5925974 1996223 0
 1263553 -5924211 1974034 1
 1219662 -5925974 1996223 1
 523347 -5887200 2378369 0
 880218 -5792818 2501626 1
 1244063 -5778428 2377337 1
 1447913 -5764383 2294577 1
 1635029 -5751243 2199895 1
 1332428 -5817685 2229088 1
 970472 -5824288 2392803 1
 969455 -5824457 2392803 0
 638173 -5864944 2405165 1
 523347 -5887200 2378369 1
 845327 -6227614 1044938 0
 846439 -6227647 1043841 1
 1193159 -6190167 920794 0
 1193189 -6190324 919693 1
 1216449 -6183153 937295 0
 1216480 -6183313 936195 1
 978136 -6239121 840401 0
 979225 -6238950 840401 1
 459470 -6212256 1336567 0
 472811 -6230016 1246192 1
 459470 -6212256 1336567 1
 1100541 -6190917 1025188 0
 1101496 -6190018 1029578 1
 1125892 -6189242 1007625 0
 1140406 -6189244 991152 1
 1377091 -6145634 961484 0
 1437244 -6132533 957087 1
 1494587 -6112492 996644 1
 1258546 -6241692 216788 0
 1406521 -6200841 401148 1
 1386417 -6182198 669268 1
 1386443 -6182312 668163 0
 1385169 -6176634 721218 1
 1494587 -6112492 996644 0
 1670975 -6029428 1201451 1
 1718598 -6005331 1253825 1
 1718538 -6005120 1254915 0
 1996002 -5907116 1308286 1
 1385169 -6176634 721218 0
 1325940 -6179696 801808 1
 1235986 -6247908 160104 0
 1010712 -6288997 -128977 1
 1018144 -6286212 -191227 1
 1018150 -6286245 -190115 0
 1105638 -6263989 -360080 1
 1067213 -6269805 -374511 1
 1098644 -6230721 -748831 1
 1188414 -6194632 -896581 1
 1384626 -6074821 -1330043 1
 1468109 -6008752 -1526175 1
 1795722 -5837085 -1814792 1
 2028490 -5696661 -2005724 1
 1258546 -6241692 216788 0
 1235986 -6247908 160104 1
 2028490 -5696661 -2005724 0
 1962245 -5522822 -2497534 1
 1946189 -5492821 -2575056 1
 1336427 -4633196 -4163785 0
 1416854 -4485495 -4296802 1
 1363360 -4347826 -4452787 1
 1268115 -4237593 -4585231 1
 1157729 -4264093 -4589861 1
 1144833 -4251788 -4604488 1
 1200895 -4171528 -4663245 1
 1211638 -4103569 -4720414 1
 1210922 -4103781 -4720414 0
 1134468 -4055010 -4781164 1
 1153868 -4039979 -4789239 1
 1138923 -3940729 -4874747 1
 1144949 -3892713 -4911774 1
 1145191 -3893535 -4911066 0
 1118137 -3765114 -5016307 1
 1130392 -3786994 -4997053 1
 1129731 -3787192 -4997053 0
 1148190 -3713793 -5047678 1
 1129665 -3711178 -5053778 1
 1128760 -3710531 -5054455 0
 1228278 -3666683 -5063242 1
 1153366 -3649124 -5093456 1
 1236237 -3584196 -5120050 1
 1235612 -3584412 -5120050 0
 1429742 -3616647 -5046321 1
 1946189 -5492821 -2575056 0
 1807151 -5305437 -3029224 1
 1715335 -5147486 -3339262 1
 1519145 -4913636 -3760057 1
 1396127 -4686200 -4084116 1
 1336427 -4633196 -4163785 1
 1429111 -3616897 -5046321 0
 1502930 -3807613 -4881899 1
 1712011 -3916774 -4724146 1
 1860959 -4104366 -4503405 1
 1957329 -4203249 -4369349 1
 1996786 -4287981 -4267987 1
 2014448 -4341740 -4204871 1
 2298886 -4338177 -4060172 1
 2652098 -4236013 -3951230 1
 2652837 -4235550 -3951230 0
 2751337 -4465246 -3616818 1
 2833037 -4569221 -3418446 1
 2998599 -4272913 -3652434 1
 3160973 -4251601 -3538614 1
 3426291 -4273652 -3253625 1
 3346990 -4256322 -3357236 1
 3346247 -4256906 -3357236 0
 3654964 -4222383 -3066329 1
 3779294 -4310976 -2778863 1
 3780366 -4310681 -2777862 0
 3856673 -4283269 -2714652 1
 4764535 -3847242 -1757155 0
 4833338 -3893053 -1439663 1
 4947878 -3798013 -1297402 1
 5090696 -3676931 -1074542 1
 5146232 -3623546 -987857 1
 5172510 -3673195 -585171 1
 5134240 -3730244 -560808 1
 4882732 -4079702 -323438 1
 4796349 -4181174 -320107 1
 4596963 -4402172 -280121 1
 4533351 -4467371 -284564 1
 4505601 -4500885 -176777 1
 4427176 -4579674 -127866 1
 4427975 -4578901 -127866 0
 4424839 -4582054 -123419 1
 3856673 -4283269 -2714652 0
 4131867 -4133310 -2536351 1
 4155469 -4116488 -2525126 1
 4315693 -3974047 -2484230 1
 4483137 -3891640 -2312202 1
 4722866 -3846388 -1868016 1
 4764535 -3847242 -1757155 1
 4424839 -4582054 -123419 0
 4339011 -4664431 -75611 1
 4203468 -4784708 -164550 1
 4117072 -4852967 -296783 1
 4032463 -4928461 -197895 1
 3950051 -4996251 -155657 1
 3947114 -4999708 -113413 1
 4024659 -4932962 240124 1
 3940590 -4986073 447746 1
 3713224 -5142834 594029 1
 3430797 -5333771 608420 1
 3430739 -5333681 609527 0
 3436035 -5323516 665951 1
 3108817 -5479186 950491 0
 3326491 -5379745 763184 1
 3436035 -5323516 665951 1
 1996002 -5907116 1308286 0
 1997424 -5966211 1002135 1
 2159105 -5858808 1265814 1
 2109052 -5861326 1336567 1
 2514025 -5735267 1173047 1
 2716325 -5641586 1176326 1
 2882070 -5569590 1123829 1
 2902935 -5562256 1106313 1
 3043293 -5506100 1005429 1
 3040626 -5510357 990054 1
 2995894 -5540790 955988 0
 3040626 -5510357 990054 1
 2995894 -5540790 955988 0
 3108817 -5479186 950491 1
 1421342 -3356612 -5225188 0
 1420400 -3356020 -5225824 1
 1346227 -3400181 -5216904 0
 1280908 -3407800 -5228367 1
 1346820 -3399946 -5216904 1
 1263258 -3563378 -5127979 0
 1262959 -3562534 -5128639 1
 1334624 -3412571 -5211793 0
 1170860 -3493252 -5197685 1
 1233951 -3509859 -5171837 1
 1233339 -3510075 -5171837 0
 1296838 -3446530 -5198971 1
 1370971 -3614808 -5063916 1
 1409056 -3599185 -5064591 1
 1151429 -3584132 -5139831 0
 1106149 -3633925 -5114751 1
 1151429 -3584132 -5139831 1
 1063752 -3635392 -5122695 0
 1063501 -3634534 -5123356 1
 1083295 -3640803 -5114751 0
 1083931 -3640614 -5114751 1
 1046872 -3665357 -5104789 0
 1046627 -3664500 -5105454 1
 1019997 -3720824 -5069983 0
 1020646 -3720646 -5069983 1
 1062334 -3739257 -5047678 0
 1061922 -3740290 -5046999 1
 1093909 -3745729 -5036122 0
 1094155 -3746573 -5035441 1
 1053578 -3770950 -5025889 0
 1053155 -3771979 -5025205 1
 1010161 -3799132 -5013564 0
 1009723 -3800154 -5012877 1
 1003316 -3827133 -4993602 0
 1002648 -3827308 -4993602 1
 1059126 -3876829 -4943491 0
 1059803 -3876644 -4943491 1
 1020655 -3896048 -4936469 0
 1019975 -3896226 -4936469 1
 1073978 -3947450 -4884042 0
 1066962 -4009938 -4834422 1
 1073978 -3947450 -4884042 1
 1079208 -4013646 -4828624 0
 1078726 -4014648 -4827898 1
 1039437 -4024999 -4827898 0
 1038734 -4025181 -4827898 1
 1020146 -3775587 -5029304 0
 1019487 -3775765 -5029304 1
 1090348 -4083484 -4767174 0
 1089635 -4083675 -4767174 1
 1045917 -4073576 -4785570 0
 1045206 -4073759 -4785570 1
 1071065 -4065309 -4787038 0
 1071278 -4066117 -4786304 1
 1093068 -4134175 -4722653 0
 1094000 -4134781 -4721907 1
 1111659 -4134333 -4718173 0
 1110938 -4134527 -4718173 1
 1159858 -4173825 -4671570 0
 1160586 -4173622 -4671570 1
 1138906 -4268330 -4590632 0
 1138161 -4268529 -4590632 1
 1173290 -4288827 -4562784 0
 1173501 -4289595 -4562008 1
 1221251 -4278729 -4559679 0
 1221469 -4279495 -4558902 1
 1210390 -4314772 -4528504 0
 1209851 -4315744 -4527722 1
 1217654 -4334846 -4507336 0
 1217867 -4335603 -4506550 1
 1255459 -4329779 -4501832 0
 1254703 -4329998 -4501832 1
 1200493 -4367293 -4480538 0
 1199524 -4366748 -4481328 1
 1187940 -4372345 -4478956 0
 1187177 -4372552 -4478956 1
 1224816 -4351590 -4489225 0
 1224056 -4351804 -4489225 1
 1256870 -4371704 -4460732 0
 1256322 -4372672 -4459938 1
 1253117 -4381680 -4451991 0
 1253330 -4382427 -4451196 1
 1265269 -4409612 -4420867 0
 1264499 -4409833 -4420867 1
 1321670 -4496443 -4315650 0
 1320885 -4496674 -4315650 1
 1338291 -4497807 -4309102 0
 1337720 -4498761 -4308283 1
 1284680 -4447964 -4376627 0
 1317039 -4466280 -4348264 1
 1284115 -4448922 -4375819 1
 1337605 -3420191 -5206031 0
 1334624 -3412571 -5211793 1
 1337936 -3421037 -5205390 0
 1337605 -3420191 -5206031 1
 1409056 -3599185 -5064591 0
 1430444 -3371552 -5213072 1
 1337936 -3421037 -5205390 1
 4229827 -4764169 -30023 0
 4098375 -4873878 -195672 1
 4061011 -4908919 -18903 1
 4061013 -4908921 -17791 0
 4229827 -4764169 -30023 1
 2961069 -2158457 -5211793 0
 2996696 -2197268 -5175082 1
 2961069 -2158457 -5211793 1
 1898962 -3430052 -5021786 0
 2006576 -3407851 -4994983 1
 1898962 -3430052 -5021786 1
 1972903 -3378926 -5027938 0
 2108086 -3339822 -4999122 1
 1973935 -3379339 -5027255 1
 2149157 -5754304 -1690786 0
 2126130 -5744596 -1751810 1
 2149157 -5754304 -1690786 1
 1217436 -4002030 -4805336 0
 1218379 -4002620 -4804606 1
 1181479 -3862032 -4927318 0
 1182405 -3862648 -4926613 1
 4149368 -4229805 -2341186 0
 4142281 -4286462 -2248868 1
 4150627 -4275643 -2254069 1
 4149368 -4229805 -2341186 1
 4250332 -4266683 -2078400 0
 4250725 -4298473 -2011000 1
 4250332 -4266683 -2078400 1
 430607 -1724504 -6118032 0
 833355 -2089882 -5960500 1
 1049744 -2336878 -5833240 0
 1209786 -2391856 -5779714 1
 1542798 -2391203 -5700138 1
 1252426 -2246472 -5828760 1
 1146118 -2304798 -5827862 1
 976820 -2142446 -5919915 1
 -556805 -1522363 -6161333 0
 -286634 -1773652 -6112418 1
 -26808 -1828447 -6102927 1
 -26489 -1828452 -6102927 0
 346716 -1760718 -6113044 1
 430607 -1724504 -6118032 1
 833720 -2089736 -5960500 0
 882505 -2116958 -5943848 1
 974645 -2281712 -5868007 0
 1049744 -2336878 -5833240 1
 976820 -2142446 -5919915 0
 1012765 -1865281 -6007053 1
 980445 -1861154 -6013691 1
 980770 -1860983 -6013691 0
 897195 -1600747 -6101008 1
 843032 -1524634 -6128168 1
 358381 -1461269 -6190792 1
 327043 -1513914 -6179867 1
 327307 -1513857 -6179867 0
 206189 -1219062 -6249882 1
 187698 -1131342 -6266936 1
 400490 -662592 -6323783 1
 403147 -658392 -6324053 1
 403032 -658462 -6324053 0
 894652 -539901 -6284724 1
 893901 -539023 -6284906 0
 1263192 -712934 -6203686 1
 1351917 -672569 -6189477 1
 1701996 -423724 -6124812 1
 882875 -2116804 -5943848 0
 974247 -2281882 -5868007 1
 -1266879 -967551 -6168348 0
 -1015195 -1346720 -6143727 1
 -632511 -1599170 -6134512 1
 -556805 -1522363 -6161333 1
 -421225 -1904741 -6064997 0
 -191185 -1922213 -6071095 1
 -421225 -1904741 -6064997 1
 570664 -1808814 -6082120 0
 614252 -1946975 -6035034 1
 777866 -1964666 -6010380 1
 777823 -1963555 -6010748 0
 570664 -1808814 -6082120 1
 605923 -802337 -6291165 0
 789336 -767327 -6275174 1
 605923 -802337 -6291165 1
 -770479 -1580415 -6123586 0
 4850170 38094 4130866 0
 5029544 -66718 3910101 1
 5046601 -63421 3888116 1
 5093135 -373123 3809253 1
 5094632 -397378 3804795 1
 5064732 -570786 3822610 1
 5032979 -654563 3851016 1
 4934492 -752439 3959076 1
 4902704 -819552 3985157 1
 4743453 -721614 4191489 1
 4682413 -720692 4259725 1
 4603577 -753040 4339316 1
 4556108 -633023 4408039 1
 4614040 -362323 4378243 1
 4614865 -361577 4377435 1
 4626799 -142978 4377435 1
 4503182 -44801 4506550 1
 4447767 -96274 4560456 1
 4340713 -152340 4660971 1
 4287789 -221712 4706948 1
 4245218 -351258 4737551 1
 4199299 -286280 4782633 1
 4202289 -169516 4785570 1
 4202259 -170249 4785570 0
 4122657 -108676 4856083 1
 4157017 -15962 4827898 1
 4002800 158670 4953995 1
 3997687 177339 4957489 1
 3590486 -465048 5242307 0
 3680593 -366075 5187376 1
 3779168 -400541 5113425 1
 3877616 -707479 5005319 0
 3818698 -591848 5065266 1
 3749310 -636841 5111434 1
 3749421 -636187 5111434 0
 3664800 -651480 5170538 1
 3663911 -651323 5171188 1
 3636987 -559136 5200898 1
 3596754 -466498 5237880 1
 3590486 -465048 5242307 1
 3894506 -560513 5010818 0
 3894955 -569601 5009444 1
 3888243 -682804 5000500 1
 3877616 -707479 5005319 1
 3874533 -433229 5038845 0
 3894506 -560513 5010818 1
 3779168 -400541 5113425 0
 3874533 -433229 5038845 1
 3303885 -289052 5439710 0
 3383617 -226519 5393466 1
 3422459 -105163 5372650 1
 3562206 -189181 5278688 1
 3734874 -5215 5161428 1
 3734875 -4563 5161428 0
 3838041 65653 5084760 1
 3967557 42242 4984612 1
 3974333 100601 4978374 0
 4031536 -127400 4931545 1
 4048720 -173939 4916021 1
 4065450 -390026 4889749 1
 3996014 -316599 4951897 1
 3950532 -285257 4990148 1
 3872157 -275522 5051746 1
 3839499 -319713 5074020 1
 3723121 -184045 5166638 1
 3660966 -278482 5206672 1
 3672638 -280660 5198328 1
 3541327 -303599 5287389 1
 3566871 -347849 5267455 1
 3566810 -348472 5267455 0
 3483244 -357501 5322486 1
 3474395 -379281 5326760 1
 3398564 -341019 5378022 1
 3303885 -289052 5439710 1
 3396906 -366023 5377426 0
 3401070 -379688 5373845 1
 3396906 -366023 5377426 1
 3318098 -358117 5426936 0
 3335565 -397152 5413495 1
 3318098 -358117 5426936 1
 3139457 -65214 5543393 0
 3172334 -63681 5524662 1
 3139457 -65214 5543393 1
 2470683 -641723 5837257 0
 2593850 -642874 5783451 1
 2664041 -701384 5744614 1
 2685679 -856077 5713485 1
 2636715 -991076 5714469 1
 2635609 -991185 5714960 0
 2614796 -1023148 5718886 1
 2543265 -1016204 5752285 1
 2468692 -1102232 5768908 1
 2446521 -1005387 5795980 1
 2386575 -1063071 5810662 1
 2386760 -1062654 5810662 0
 2395219 -1007350 5817029 1
 2373298 -969975 5832345 1
 2416776 -946151 5818388 1
 2441324 -904527 5814759 1
 2455524 -792166 5825163 1
 2455662 -791738 5825163 0
 2468634 -661468 5835920 1
 2470683 -641723 5837257 1
 3972693 2186716 4475001 0
 4042081 2201984 4404827 1
 4041406 2201616 4405630 0
 4181308 2224177 4261379 1
 4303415 2205961 4147771 1
 4338178 2118683 4157048 1
 4429908 1994598 4121546 1
 4469027 1912658 4118153 1
 4468366 1912375 4119002 0
 4509333 1889070 4084970 1
 4578878 1920083 3992093 1
 4594845 2051525 3907467 1
 4658173 1987840 3865174 1
 4722621 1957139 3802119 1
 4722279 1957964 3802119 0
 4738587 1961818 3779777 1
 4676521 1822359 3924132 1
 4615240 1921139 3949485 1
 4615876 1921404 3948613 0
 4662074 1806427 3948613 1
 4627098 1740134 4018899 1
 4606602 1677577 4068735 1
 4501933 1592450 4217387 1
 4477096 1574000 4250622 1
 4448420 1388936 4344199 1
 4423244 1228337 4417664 1
 4370399 1092904 4504978 1
 4330366 1057231 4551906 1
 4397414 967639 4507336 1
 4467030 996044 4432064 1
 4564558 1279602 4256417 1
 4598422 1489683 4150303 1
 4678388 1397356 4092644 1
 4831195 1385323 3915366 1
 4701313 1264111 4109663 1
 4699532 1251327 4115608 1
 4650747 1026789 4231537 1
 4628299 965216 4270463 1
 4507660 764841 4436854 1
 4560206 602792 4408039 1
 4602268 419649 4385508 1
 4646574 251649 4351514 1
 4647333 251691 4350701 0
 4695071 263317 4298444 1
 4694322 263275 4299264 0
 4832526 65792 4151146 1
 4850170 38094 4130866 1
 5029544 -66718 3910101 1
 5046601 -63421 3888116 1
 4157017 -15962 4827898 0
 4002800 158670 4953995 1
 3997687 177339 4957489 1
 3944842 279310 4994983 1
 3913603 275039 5019732 1
 3780135 391306 5113425 1
 3942858 282628 4996363 0
 3936310 263520 5002566 1
 3941988 282565 4997053 0
 3927426 278077 5008757 1
 3939030 287191 4999122 0
 3931768 265973 5006007 1
 3680752 708801 5151632 0
 3629060 635331 5197685 1
 3638992 563996 5198971 0
 3449936 553825 5327370 1
 3369391 588053 5375039 1
 3368365 588480 5375636 0
 3344089 627642 5386352 1
 3546668 613891 5256799 1
 3629060 635331 5197685 1
 3639091 563361 5198971 0
 3730044 632899 5125999 1
 3736021 511107 5135228 1
 3780067 391966 5113425 1
 3635980 922070 5149669 0
 3652465 933718 5135886 1
 3623210 883913 5165336 1
 3634029 793011 5172487 1
 3680752 708801 5151632 1
 3511778 1209202 5176379 0
 3550460 1049672 5184793 1
 3635980 922070 5149669 1
 2381007 1068070 5812029 0
 2629530 1082740 5701131 1
 2635589 1086312 5697653 1
 2872102 1120363 5575434 1
 2872297 1119862 5575434 1
 2953263 1246900 5505736 1
 2812190 1401493 5542297 1
 2768466 1463354 5548319 1
 3217166 650448 5460441 0
 3400250 754440 5334676 1
 3527600 806632 5243571 1
 3275585 974627 5376829 1
 3257170 977198 5387539 1
 3112865 991646 5469585 1
 3100690 917289 5489440 1
 3100530 917830 5489440 0
 3022138 1037067 5511880 1
 2920639 908001 5588833 1
 2748564 916457 5674077 1
 2661426 970258 5706580 1
 2447827 991472 5797825 1
 2381007 1068070 5812029 1
 1890911 1126315 5978756 0
 1834160 1034340 6012957 1
 1846403 954224 6022450 1
 1847170 955029 6022087 0
 1884156 899504 6019178 1
 2001120 830119 5991333 1
 2001265 829770 5991333 0
 2010936 780394 5994729 1
 2085865 753015 5972586 1
 2195059 692942 5940640 1
 2194817 693708 5940640 0
 2280496 671619 5910831 1
 2329458 615035 5897882 1
 2380676 630336 5875773 1
 2460216 591100 5847015 1
 2460113 591529 5847015 0
 2559018 565447 5807008 1
 2636919 563862 5772206 1
 2638003 563613 5771736 0
 2703677 501585 5747016 1
 2753200 546147 5719376 1
 2849543 414180 5683151 1
 2849471 414677 5683151 0
 2891235 409425 5662401 1
 2938503 326490 5643426 1
 2937581 325869 5643942 0
 2960612 263707 5635147 1
 3030338 276316 5597352 1
 3053070 398692 5577585 1
 3101204 312275 5556498 1
 3133919 360944 5535154 1
 3217244 342688 5488311 1
 3290109 314483 5446644 1
 3267187 529754 5443758 1
 3180861 597006 5487746 1
 3180965 596451 5487746 0
 3217166 650448 5460441 1
 4544838 1957316 4012856 0
 4570536 1997768 3963430 1
 4544838 1957316 4012856 1
 4660002 2305141 3682439 0
 4750196 2076297 3703279 1
 4673734 2294698 3671542 1
 4673333 2295514 3671542 0
 4660002 2305141 3682439 1
 3618058 843280 5175731 0
 3612537 866627 5175731 1
 3618058 843280 5175731 1
 4817815 1346971 3945121 0
 4931539 1225001 3843039 1
 4876410 1199566 3920627 1
 4817815 1346971 3945121 1
 4728274 770895 4199857 0
 4875162 810575 4020624 1
 4834301 719904 4086676 1
 4728274 770895 4199857 1
 4595741 763293 4345825 0
 4689982 725209 4250622 1
 4595741 763293 4345825 1
 3734875 -4563 5161428 0
 3838041 65653 5084760 1
 3967557 42242 4984612 1
 3974333 100601 4978374 1
 4031536 -127400 4931545 1
 4048720 -173939 4916021 1
 3471464 771512 5286148 0
 3506235 723554 5269956 1
 3471464 771512 5286148 1
 3823584 339228 5084760 0
 3809374 358080 5094124 1
 3154160 790515 5478687 0
 3165820 746618 5478120 1
 3154160 790515 5478687 1
 2592281 1260422 5681643 0
 2580067 1309509 5676098 1
 2674917 1295987 5635147 1
 2778175 1325121 5578122 1
 2617436 1267573 5668504 1
 2617215 1268030 5668504 0
 2592281 1260422 5681643 1
 2718560 1435154 5580270 0
 2634286 1449409 5616885 1
 2560603 1317101 5683151 1
 2559951 1316201 5683654 0
 2584217 1411888 5649606 1
 2561974 1441831 5652173 1
 2562834 1442315 5651660 0
 2655293 1457950 5604771 1
 2718560 1435154 5580270 1
 2041362 1043269 5944248 0
 2042134 1053121 5942245 1
 3972693 2186716 4475001 0
 3900349 2221112 4521459 1
 3488268 1243489 5184146 0
 3511778 1209202 5176379 1
 970078 449267 6280665 0
 1064914 352187 6271489 1
 1000668 429094 6277276 1
 1000368 429792 6277276 0
 970078 449267 6280665 1
 1136613 214354 6265127 0
 1229583 339607 6241990 1
 1327449 352711 6221184 1
 1327633 352016 6221184 0
 1180907 430983 6245748 1
 1132764 313079 6261667 1
 1131765 312590 6261872 0
 1136613 214354 6265127 1
 3654435 4485573 2667282 0
 3692935 4296466 2914149 1
 3714062 4186191 3044864 1
 3189335 4776786 2756829 0
 3193522 4748881 2799857 1
 3486427 4653627 2603504 1
 3627599 4515050 2654147 1
 3654435 4485573 2667282 1
 3714062 4186191 3044864 0
 3695813 4095982 3186463 1
 3654558 4136542 3181648 1
 3522817 4319401 3085804 1
 3515304 4381545 3005720 1
 3189621 4695147 2893365 1
 3103592 4744593 2906236 1
 2840860 5008957 2725713 1
 2740924 5071348 2712640 1
 2389759 5236581 2730737 1
 2296751 5267076 2751816 1
 2223440 5375817 2597413 1
 2214411 5385899 2584207 1
 2194996 5394814 2582174 1
 2180358 5399288 2585223 1
 2165280 5413587 2567935 1
 1965102 5527805 2484230 1
 2092669 5511889 2414429 1
 1843282 5649544 2296652 1
 1777443 5647639 2352557 1
 1768666 5738446 2128780 1
 1769668 5738138 2128780 0
 1753855 5754558 2097310 1
 1757543 5821263 1900944 1
 1677763 5929090 1618843 1
 1649224 5950942 1567165 1
 1522461 6070139 1193807 1
 1474674 6104896 1070158 1
 1476761 6104199 1071254 0
 1487501 6101975 1069061 1
 1477826 6103941 1071254 0
 1474674 6104896 1070158 1
 1487501 6101975 1069061 0
 1297674 6163235 959286 1
 1297708 6163399 958187 0
 1170822 6161030 1122735 1
 1042779 6113357 1459154 1
 1054881 6075497 1601630 1
 810262 6040464 1856319 1
 619563 6015923 2003613 1
 434869 5978935 2157053 1
 193543 5896387 2405165 1
 197575 5893730 2411341 1
 118763 5916254 2360822 1
 99025 5909586 2378369 1
 2055 5887313 2434994 1
 43751 5829493 2569970 1
 -47905 5839730 2546548 1
 -228110 5937865 2297689 1
 -335107 5975108 2185279 1
 -426535 5994486 2115150 1
 -410270 6002618 2095210 0
 -405956 6001077 2100459 1
 -426535 5994486 2115150 0
 -469701 6104313 1762498 1
 -510983 6097899 1773181 1
 -616328 6088776 1771045 1
 -728062 6034036 1910494 1
 -855462 6110142 1588711 1
 -913150 6131993 1467811 1
 -929612 6190612 1183975 1
 -952327 6194560 1144619 1
 -990805 6234568 859135 1
 -1113519 6232355 712379 1
 -1327568 6192550 692486 0
 -1126476 6204755 906488 1
 -1025028 6205131 1017506 1
 -1078593 6104544 1469975 1
 -1078504 6104039 1472139 1
 -1076328 6104162 1473221 0
 -1212702 6096667 1396301 1
 -1340568 6082068 1342003 1
 -1394138 6082246 1285424 1
 -1113519 6232355 712379 0
 -1268784 6236273 297894 1
 -1384572 6214594 226790 1
 -1478411 6186558 361190 1
 -1479110 6184708 388940 1
 -1327568 6192550 692486 1
 -1394138 6082246 1285424 0
 -1451855 6084828 1206911 1
 -1563570 6067715 1152275 1
 -1608678 6080007 1017506 1
 -1607617 6080288 1017506 0
 -1749320 6036928 1041647 1
 -1771633 6019493 1103027 1
 -1793133 6003461 1154462 1
 -1792085 6003774 1154462 0
 -1787663 6004250 1158836 1
 -1938875 5949572 1197083 1
 -2057944 5883149 1320255 1
 -2057868 5882932 1321342 0
 -2053119 5856234 1441830 1
 -2018303 5828510 1595171 1
 -1914596 5813016 1769977 1
 -1913581 5813350 1769977 0
 -1795636 5822341 1861637 1
 -1793412 5822346 1863764 1
 -1656503 5811349 2018384 1
 -1680115 5741826 2190500 1
 -1697074 5729227 2210327 1
 -1746921 5685516 2283162 1
 -1830143 5635949 2340152 1
 -2396709 5375520 2439104 0
 -2413822 5365988 2443212 1
 -1830143 5635949 2340152 0
 -1888512 5601897 2375274 1
 -1955109 5598573 2328771 1
 -1956086 5598232 2328771 0
 -2023223 5573888 2329806 1
 -2059159 5611737 2204069 1
 -2074457 5560218 2317382 1
 -2142929 5527661 2332910 1
 -2318156 5429588 2394864 1
 -2371414 5379258 2455530 1
 -2389967 5378055 2440131 1
 -2396709 5375520 2439104 1
 -2413822 5365988 2443212 0
 -2441781 5358000 2432939 1
 -2580487 5272088 2477060 1
 -2715572 5148363 2590304 1
 -2716260 5147489 2591319 0
 -2703777 5130340 2637963 1
 -2812804 5032920 2710628 1
 -2847373 4947736 2828786 1
 -2846509 4948232 2828786 0
 -2868968 4890038 2906236 1
 -2857184 4838942 3001798 1
 -2906361 4740892 3109125 1
 -2840805 4712975 3210505 1
 -2839982 4713471 3210505 0
 -2765903 4761851 3203779 1
 -2679548 4671190 3404359 1
 -2684766 4565113 3541387 1
 -2683656 4565049 3542312 0
 -2591266 4561454 3614987 1
 -2751156 4022479 4103712 0
 -2862269 4104493 3943375 1
 -3007269 4034561 3907467 1
 -3089832 3902593 3976475 0
 -3056494 3673730 4213218 1
 -3073300 3573041 4286941 1
 -3006565 4035086 3907467 0
 -3023324 4108237 3817270 1
 -3090201 4120253 3750176 1
 -3098671 4221417 3628708 1
 -3193339 4130208 3651523 1
 -3272412 4055544 3665178 1
 -3089832 3902593 3976475 1
 -3072676 3573577 4286941 0
 -3171236 3428222 4333614 1
 -3275064 3066895 4523026 1
 -3237455 2700219 4776752 1
 -3059552 2431934 5031351 1
 -2979099 2378183 5104789 1
 -2739464 2512016 5174434 1
 -2609398 2284355 5344382 1
 -2609796 2283900 5344382 0
 -2754103 1732338 5477552 1
 -2917460 1487162 5465018 1
 -2920408 1440820 5475847 1
 -2919551 1440397 5476416 0
 -2801917 1068828 5621078 1
 -2875645 881369 5616361 1
 -2875799 880867 5616361 0
 -2854538 731328 5648577 1
 -2854793 730331 5648577 0
 -3111678 1182637 5432171 1
 -3459268 1540889 5123356 1
 -3460085 1541253 5122695 0
 -3594244 1421611 5064591 1
 -3385511 1097407 5284285 1
 -3137688 956893 5461586 1
 -3137855 956345 5461586 0
 -3068693 917150 5507414 1
 -3073473 579072 5550504 1
 -2980661 281755 5623693 1
 -2979684 281663 5624215 0
 -2902226 152607 5669519 1
 -2901211 153062 5670026 0
 -2750178 120556 5745576 1
 -2698509 14129 5771265 1
 -2697505 13653 5771736 0
 -2726718 0 5758008 1
 -2730737 0 5756103 1
 -2730737 0 5756103 0
 -2619731 0 5807466 1
 -2550624 0 5838148 1
 -2551643 0 5837702 0
 -2326701 0 5930946 1
 -2182628 239422 5980674 1
 -2182711 238660 5980674 0
 -2149464 562298 5971037 1
 -1913502 784004 6026068 1
 -1913228 784672 6026068 0
 -1826348 985444 6023537 1
 -1826520 985125 6023537 0
 -1623951 1107369 6060212 1
 -1472433 1228963 6075462 1
 -1472004 1229477 6075462 0
 -1465857 1390560 6042123 1
 -1465335 1389579 6042476 0
 -1225663 1544739 6058150 1
 -868772 1592118 6107377 1
 -869050 1591966 6107377 0
 -777643 1739257 6079466 1
 -519380 1787718 6092943 1
 -632870 1451344 6171121 1
 -633047 1452441 6170844 0
 -381261 1380396 6207962 1
 -255214 1551706 6173875 1
 -255485 1551661 6173875 0
 -288207 1604999 6158780 1
 -288487 1604949 6158780 0
 -94758 1544854 6180137 1
 99283 1711482 6136010 1
 99880 1711447 6136010 0
 104688 1860821 6092293 1
 104363 1860839 6092293 0
 243919 2036494 6031820 1
 257642 2154252 5990198 1
 426852 1914332 6061583 1
 467748 2013210 6026429 1
 620812 2145231 5966760 1
 461752 2386625 5889012 1
 816015 2421944 5835920 1
 860059 2350222 5858874 1
 647237 2065335 5992089 1
 592220 1776137 6089685 1
 836860 2081754 5962853 1
 857234 2193035 5919915 1
 1202284 2006485 5926059 1
 1284531 1939979 5930946 1
 1518429 1821182 5913317 1
 1740777 1805147 5856688 1
 1832734 1779768 5836366 1
 1923668 1710315 5827862 1
 2186039 1704237 5736415 1
 2217597 1710864 5722312 1
 2114057 1390261 5847015 1
 2101485 1305516 5871034 1
 1834216 1562145 5897882 1
 1833889 1517664 5909585 1
 1872766 1185744 5972973 1
 1890715 1126645 5978756 1
 2768466 1463354 5548319 0
 2921583 1387894 5488876 1
 2921825 1387384 5488876 0
 3099317 1399395 5387539 1
 3254859 1252683 5331635 1
 3357399 1297532 5256799 1
 3488051 1244097 5184146 1
 -2563397 4091161 4157048 0
 -2490986 4121219 4171354 1
 -2331394 4423754 3947740 0
 -2521352 4407879 3847471 1
 -2563397 4091161 4157048 0
 -2608328 4208442 4009401 1
 -2751156 4022479 4103712 1
 -2331394 4423754 3947740 0
 -2481843 4140296 4157890 1
 -2490986 4121219 4171354 1
 -2591266 4561454 3614987 0
 -2620338 4388689 3803011 1
 -2650944 4309048 3872241 1
 -2650192 4309510 3872241 0
 -2521352 4407879 3847471 1
 3900349 2221112 4521459 0
 3839756 2229411 4568988 1
 3872582 2210674 4550350 0
 3839756 2229411 4568988 1
 3742623 2265721 4631299 1
 3697760 2350293 4625186 1
 3676951 2445736 4592173 1
 3677618 2446180 4591403 0
 3786630 2514879 4463907 1
 3600785 2645039 4541780 1
 3595833 2544108 4602950 1
 3370356 2709836 4678369 1
 3457185 2675874 4634352 1
 3535236 2733326 4541001 1
 3595108 2753642 4481328 1
 3594628 2754270 4481328 0
 3539238 2993006 4370967 1
 3684455 3091625 4178074 1
 191904 5909374 2373210 0
 190873 5909407 2373210 1
 116819 5922455 2345322 0
 116827 5922864 2344288 1
 1119381 6215034 842606 0
 918989 6246012 855830 1
 940655 6234507 914192 1
 941743 6234342 914192 0
 1068012 6189571 1066869 1
 1119381 6215034 842606 1
 -304462 6202985 1421243 0
 -313110 6202306 1422327 1
 -301896 6217196 1358303 0
 -311662 6216714 1358303 1
 -300959 6220311 1344177 0
 -298911 6222981 1332218 1
 -96521 5882689 2444239 0
 -96514 5882262 2445266 1
 -386364 5990894 2132972 0
 -387409 5990826 2132972 1
 -366393 6167096 1556385 0
 -366409 6167367 1555307 1
 -514770 6104675 1748602 0
 -515861 6104889 1747533 1
 -819116 6082297 1710075 0
 -819156 6082593 1709004 1
 -852008 6124385 1534810 0
 -852045 6124650 1533731 1
 -894085 6143746 1429913 0
 -895122 6143343 1430996 1
 -899452 6157992 1363735 0
 -899417 6157756 1364821 1
 -891447 6155770 1378937 0
 -890338 6155687 1380023 1
 -932720 6152800 1364821 0
 -932685 6152564 1365907 1
 -865276 6164565 1356130 0
 -864200 6164716 1356130 1
 -848319 6160888 1383279 0
 -848286 6160649 1384364 1
 -873798 6178269 1286513 0
 -873766 6178047 1287602 1
 -918261 6166314 1312639 0
 -918227 6166087 1313727 1
 -887368 6180833 1264725 0
 -886258 6180769 1265814 1
 -895640 6184719 1239649 0
 -895608 6184505 1240739 1
 -904610 6208460 1107408 0
 -903526 6208618 1107408 1
 -902532 6194200 1186160 0
 -901451 6194357 1186160 1
 -330656 6185358 1490524 0
 -301500 6209035 1395216 1
 -330656 6185358 1490524 1
 -295718 6201665 1428829 0
 -295729 6201914 1427746 1
 -279533 6252115 1192714 0
 -279543 6252323 1191622 1
 -304991 6280933 1022994 0
 -306087 6280879 1022994 1
 -396690 6287696 947192 0
 -396700 6287860 946093 1
 -391740 6296670 887773 0
 -391749 6296824 886672 1
 -403291 6304766 822762 0
 -403300 6304909 821660 1
 -406601 6304697 821660 0
 -407702 6304626 821660 1
 -425515 6306564 797395 0
 -426625 6306628 796292 1
 -910342 6224953 1005429 0
 -910367 6225127 1004331 1
 -936631 6237352 898783 0
 -936654 6237507 897682 1
 -913627 6239809 905387 0
 -913649 6239965 904287 1
 -1032185 6234922 806220 0
 -1032208 6235061 805117 1
 -1155198 6214728 795188 0
 -1156283 6214526 795188 1
 -1099618 6185729 1057002 0
 -1099651 6185910 1055905 1
 -1061739 6237645 744414 0
 -1061761 6237773 743309 1
 -1538674 6180473 154546 0
 -1539759 6180231 153434 1
 -1408025 6084291 1260365 0
 -1408075 6084505 1259275 1
 -1805158 6032204 971376 0
 -1805207 6032366 970277 1
 -1732007 5697130 2265505 0
 -1731892 5696752 2266544 1
 -1799097 5664611 2294577 0
 -1798976 5664229 2295615 1
 -1812944 5650046 2319453 0
 -1813806 5649344 2320489 1
 -1820458 5646353 2322560 0
 -1820334 5645967 2323595 1
 -2005577 5641660 2176921 0
 -2153134 5600339 2142399 1
 -2068842 5681013 2008890 1
 -1923916 5700341 2096260 1
 -2006562 5641310 2176921 1
 -2077279 5570750 2289390 0
 -2078251 5570388 2289390 1
 -2731253 5117331 2634926 0
 -2730143 5117402 2635939 1
 -2919584 4677760 3191277 0
 -2919289 4677287 3192239 1
 -2989740 4049263 3905710 0
 -2990852 4049290 3904831 1
 -3114276 4227189 3608575 0
 -3114649 4227696 3607658 1
 -3183180 4250402 3520099 0
 -3183921 4249847 3520099 1
 -3211132 4120428 3646966 0
 -3212634 4120871 3645142 1
 -3266443 4074272 3649700 0
 -3267552 4074198 3648789 1
 -2995092 4929937 2704589 0
 -2990215 5074353 2428828 1
 -2995952 4929414 2704589 1
 -2879035 5082467 2543489 0
 -2878817 5082080 2544509 1
 -3572929 4017220 3418446 0
 -3412482 4072608 3515464 1
 -3458376 4065015 3479216 1
 -3458769 4065477 3478284 0
 -3488654 4071720 3440936 1
 -3705353 3756143 3570911 0
 -3580858 3927042 3513609 1
 -3706010 3758120 3568148 1
 -3718994 2996566 4216554 0
 -3905330 3106440 3960818 1
 -3990126 3364761 3653345 1
 -3990713 3364065 3653345 0
 -3886128 3517551 3621393 1
 -3813567 3677577 3538614 1
 -3812925 3678242 3538614 0
 -3611486 3816370 3603074 1
 -3445307 3970364 3599405 1
 -3445718 3970839 3598488 0
 -3681424 3648163 3705088 1
 -3720915 3462532 3841265 1
 -3720311 3463181 3841265 0
 -3724917 3122254 4119002 1
 -3719567 2997027 4215720 1
 -3515832 2751813 4544898 0
 -3822603 2628185 4366921 1
 -3656690 2968534 4290230 1
 -3657208 2967896 4290230 0
 -3583532 2961396 4356384 1
 -3516312 2751199 4544898 1
 -3338043 4073937 3584711 0
 -3338439 4074421 3583792 1
 -3385553 4067796 3546931 0
 -3385949 4068271 3546008 1
 -3368918 4141021 3477353 0
 -3368579 4142080 3476421 1
 -3710888 3710888 3612239 0
 -3711334 3711334 3611323 1
 -3973718 3404685 3634190 0
 -3974312 3403991 3634190 1
 -4015760 3421307 3571831 0
 -4016235 3421711 3570911 1
 -3495182 2812208 4523809 0
 -3494566 2811713 4524592 1
 -3472930 2813327 4540221 0
 -3473421 2812721 4540221 1
 -3745731 3312778 3947740 0
 -3746247 3313234 3946867 1
 -3519375 3735977 3774404 0
 -3520479 3735842 3773509 1
 -3488654 4071720 3440936 0
 -3570247 4105652 3314606 1
 -3573233 4016151 3419384 1
 -3457446 4124808 3409057 0
 -3457064 4124352 3409997 1
 -3348815 4187488 3440936 0
 -3348440 4187019 3441872 1
 -3594160 4124421 3265090 0
 -3594535 4124850 3264136 1
 -3568395 4175102 3228736 0
 -3568761 4175530 3227777 1
 -3521052 4461626 2878495 0
 -3522142 4461406 2877503 1
 -3339299 4718007 2679393 0
 -3339569 4718388 2678384 1
 -3250939 4803423 2635939 0
 -3251778 4802856 2635939 1
 -3836388 2571148 4388733 0
 -3837024 2571574 4387927 1
 -3846281 2510230 4415259 0
 -3847365 2509980 4414458 1
 -3003863 2361261 5098128 0
 -3328849 2598911 4770124 1
 -3540169 2612900 4607560 1
 -3539977 2611804 4608328 0
 -3356889 2450579 4828624 1
 -3164214 2357673 5001878 1
 -3163514 2357152 5002566 0
 -3089164 2300915 5074693 1
 2171687 3836882 4599105 0
 2171839 3834028 4601412 1
 -3089164 2300915 5074693 0
 -3003863 2361261 5098128 1
 -2664777 2513794 5212432 0
 -2664115 2513170 5213072 1
 -2697458 2496125 5204107 0
 -2696791 2495508 5204749 1
 -3834153 2021520 4669302 0
 -3834506 2020851 4669302 1
 -3828866 1999981 4682895 0
 -3829590 2000360 4682141 1
 -3776417 1843514 4788505 0
 -3775344 1843806 4789239 1
 -3758437 1795904 4820636 0
 -3758750 1795248 4820636 1
 -3753374 1783036 4829349 0
 -3752924 1782019 4830074 1
 -3714860 1713360 4884042 0
 -3714561 1714009 4884042 1
 -3520127 862021 5239779 0
 -3520277 861406 5239779 1
 -2165502 404872 5977987 0
 -2166528 405063 5977603 1
 -1231764 1213837 6131803 0
 -1231552 1214052 6131803 1
 -1365874 1122341 6120816 0
 -1362303 1124994 6121125 1
 -1377610 1109607 6120508 0
 -1377803 1109367 6120508 1
 -1275783 1076594 6148412 0
 -1198790 973883 6180947 1
 -1279085 1070999 6148704 1
 -1146751 1128878 6164434 0
 -1145984 1128123 6164715 1
 -1146136 1548349 6072778 0
 -1145866 1548549 6072778 1
 -1000894 1574725 6091642 0
 -1020310 1538018 6097796 1
 -1000894 1574725 6091642 1
 -677063 1609882 6126950 0
 -677344 1609764 6126950 1
 -218834 1311917 6230621 0
 -216468 1293564 6234540 1
 -218197 1310921 6230853 1
 -195315 1172184 6259192 0
 -164229 1224320 6250098 1
 -195315 1172184 6259192 1
 -1020 973573 6296174 0
 -1189 973573 6296174 1
 187610 984417 6291691 0
 187438 984450 6291691 1
 20509 1415674 6211690 0
 20693 1411334 6212677 1
 -160274 1402357 6212677 0
 -160764 1402301 6212677 1
 368563 1837801 6089031 0
 367713 1836888 6089358 1
 439617 1883185 6070420 0
 439048 1882229 6070758 1
 434221 1753294 6109588 0
 434527 1753218 6109588 1
 461600 1759513 6105791 0
 461022 1758563 6106109 1
 509430 1788368 6093593 0
 509118 1788456 6093593 1
 639587 1744922 6093917 0
 639221 1743923 6094242 1
 1129829 1876640 5982588 0
 1129618 1875548 5982970 1
 1515377 1696644 5951024 0
 1514389 1696134 5951421 1
 1249547 1658205 6023175 0
 1248625 1657583 6023537 1
 1242767 1556788 6051578 0
 1081066 1576495 6077467 1
 1127851 1623975 6056427 1
 1237738 1690535 6016623 1
 1240519 1554528 6052620 1
 916689 1410498 6144903 0
 975194 1517855 6110218 1
 893732 1440319 6141366 1
 555433 1325855 6206710 1
 603849 1355630 6195747 1
 924639 1400161 6146075 1
 916935 1410338 6144903 1
 739060 809942 6275941 0
 738039 809390 6276132 1
 734092 732812 6285996 0
 733837 733068 6285996 1
 467526 900026 6289756 0
 467369 900107 6289756 1
 2168248 1563790 5782985 0
 2168794 1564759 5782518 1
 3055707 1296441 5437973 0
 3056127 1297879 5437393 1
 2171839 3834028 4601412 0
 2171687 3836882 4599105 1
 3210947 3738346 4037851 0
 3130420 4041536 3802119 1
 2918624 3999499 4009401 1
 -1471822 6023947 1461318 0
 -1485552 6029907 1422327 1
 -1472873 6023690 1461318 1
 -1930694 3680552 4828624 0
 -1930834 3682381 4827173 1
 -2714798 4721178 3306055 0
 -2715334 4720204 3307006 1
 -2509941 4724490 3459631 0
 -2551610 4689716 3476421 1
 -2509657 4723956 3460565 1
 -2606960 4679938 3448419 0
 -2606667 4679412 3449354 1
 -697749 5167455 3660629 0
 -698651 5167333 3660629 1
 -907607 4994237 3850130 0
 -908599 4994739 3849244 1
 -717151 3899779 4986689 0
 -717831 3899654 4986689 1
 -205607 4030890 4929432 0
 -206354 4031713 4928728 1
 -3050701 3294457 4519892 0
 -3051237 3295036 4519108 1
 -1197238 3382772 5264326 0
 -1201033 3633714 5093456 1
 -1044637 3777076 5023154 1
 -1045062 3776049 5023838 0
 -1196648 3382981 5264326 1
 -1197498 3379755 5266204 1
 -969777 3779770 5036122 0
 -970436 3779600 5036122 1
 -750587 3462822 5294821 0
 -880238 3674933 5129298 1
 -799390 3470830 5282421 1
 -798784 3470969 5282421 0
 -737697 3534239 5249249 1
 -751387 3463594 5294203 1
 -58412 3677437 5202182 0
 -88735 3710357 5178323 1
 572842 3708895 5148359 0
 571920 3707218 5149669 1
 430906 4264402 4713687 0
 416909 4140322 4824269 1
 432312 4263433 4714435 1
 1196361 4225035 4615999 0
 849268 4285194 4637403 1
 1095344 4232334 4634352 1
 1096083 4232143 4634352 0
 1254127 4258413 4569763 1
 1195623 4225244 4615999 1
 973158 4578350 4322190 0
 969962 4579028 4322190 1
 2162792 3975091 4484489 0
 2076812 3837781 4641976 1
 2173581 3792216 4635115 1
 -377388 1662421 6138696 0
 -338462 1718802 6125424 1
 -377388 1662421 6138696 1
 2391076 1651957 5669519 0
 2466851 1701767 5622125 1
 2391076 1651957 5669519 1
 2481888 2019854 5509090 0
 2481535 2020287 5509090 1
 2585217 2028527 5458148 0
 2582245 2004439 5468445 1
 2585258 2030018 5457574 1
 2588652 1550504 5611103 0
 2620446 1542944 5598414 1
 2587839 1551859 5611103 1
 2173581 3792216 4635115 0
 2241618 3808551 4589089 1
 3667713 2445136 4599874 0
 3652411 2587008 4533976 1
 3664833 2471030 4588318 1
 3665497 2471478 4587546 0
 3667713 2445136 4599874 1
 3505562 2144846 4868298 0
 3468251 2402426 4773807 1
 3591460 2417913 4673838 1
 3555507 2419950 4700198 1
 3500470 2287154 4806796 1
 3505562 2144846 4868298 1
 2998234 2850195 4845269 0
 3152614 2875707 4730854 1
 2998234 2850195 4845269 1
 3210947 3738346 4037851 0
 3144662 3513409 4284472 1
 3092688 3302607 4485278 1
 2903116 3325561 4593715 1
 2680160 3435389 4648064 1
 2679560 3435857 4648064 0
 2657055 3536293 4585231 1
 2907903 3493892 4463907 1 
 2893129 3810176 4207377 1
 2839811 3911535 4150303 1
 2913327 3950097 4061885 1
 2918211 3998934 4010265 1
 2242282 3808160 4589089 0
 2368469 3932461 4417664 1
 2207039 3988168 4451196 1
 2207735 3987783 4451196 0
 2162792 3975091 4484489 1
 2417948 2778591 5198328 0
 2442407 2904565 5117401 1
 2424019 2770885 5199613 1
 3006220 2961433 4773071 0
 2738148 2858309 4992221 1
 2680715 2877735 5012191 1
 3006737 2960908 4773071 1
 2509063 2325860 5374442 0
 2469564 2350091 5382191 1
 2509063 2325860 5374442 0
 2469564 2350091 5382191 1
 2046068 2825494 5331026 0
 2018277 2819100 5344987 1
 2046068 2825494 5331026 1
 1809683 2707359 5475847 0
 1830562 2819896 5411735 1
 1855380 2708700 5459868 1
 1854908 2709024 5459868 0
 1842061 2716625 5460441 1
 1841586 2716946 5460441 0
 1809683 2707359 5475847 1
 2417948 2778591 5198328 0
 2257544 2812842 5251768 1
 2424019 2770885 5199613 1
 -80964 3710535 5178323 0
 -99319 3767719 5136544 1
 -88735 3710357 5178323 1
 -80964 3710535 5178323 0
 -58412 3677437 5202182 1
 -5106488 3048912 -2284201 0
 -5131435 2877272 -2445266 1
 -5127674 2739073 -2606548 1
 -5042060 2531483 -2959540 1
 -5033940 2516415 -2986094 1
 -4771471 2478581 -3417508 1
 -4554054 2541004 -3659719 1
 -4462648 2567173 -3752872 1
 -4462200 2567952 -3752872 0
 -4148952 2738848 -3984289 1
 -4114831 2735958 -4021487 1
 -4062705 2911830 -3950358 1
 -3989977 2948119 -3997291 1
 -3989462 2948815 -3997291 0
 -3880854 3294699 -3830611 1
 -3913667 3405698 -3697848 1
 -3864164 3445265 -3713225 1
 -3870771 3549394 -3606742 1
 -3820505 3640761 -3569069 1
 -3819869 3641428 -3569069 0
 -3751113 3627472 -3655167 1
 -3736682 3841173 -3445614 1
 -3647572 3983416 -3378945 1
 -3217201 4317778 -3405299 1
 -3166367 4358131 -3401539 1
 -4094121 2557297 -4157890 0
 -3936189 2460559 -4363681 1
 -3831364 2581370 -4387120 1
 -3902095 2757728 -4214052 1
 -4094121 2557297 -4157890 1
 -3166367 4358131 -3401539 0
 -2766354 4512512 -3546008 1
 -2593671 4573118 -3598488 1
 -2274453 4732304 -3608575 1
 -2243880 4814209 -3518245 1
 -2244720 4813817 -3518245 0
 -2325598 5000928 -3189352 1
 -2322526 5077518 -3068279 1
 -2278912 5223678 -2847701 1
 -2327219 5274020 -2712640 1
 -2327411 5274453 -2711634 0
 -2314640 5295482 -2681411 1
 -2453800 5371945 -2389712 1
 -2614824 5342239 -2283162 1
 -2967676 5200780 -2175876 1
 -3273335 5142066 -1853128 1
 -3322598 5122222 -1820121 1
 -3392328 5084659 -1796664 1
 -3467019 5061559 -1717572 1
 -3466850 5061311 -1718643 0
 -3536791 5017439 -1704719 1
 -3590413 5015035 -1596248 1
 -3675443 4967076 -1552071 1
 -3675282 4966858 -1553150 0
 -3720288 4945963 -1512137 1
 -3827862 4824369 -1631745 1
 -3933547 4766687 -1547757 1
 -4003134 4747145 -1424494 1
 -4197038 4599566 -1348524 1
 -4224175 4601810 -1252734 1
 -4224027 4601648 -1253825 0
 -4261768 4562198 -1270173 1
 -4465750 4348823 -1316991 1
 -4528363 4285255 -1311551 1
 -4453071 4310807 -1475384 1
 -4385167 4328893 -1618843 1
 -4384965 4328694 -1619919 0
 -4610059 3965276 -1900944 1
 -4637765 3921991 -1923219 1
 -4853348 3850856 -1485118 1
 -4860007 3847853 -1471057 1
 -4960426 3817285 -1188345 1
 -4993792 3729041 -1321342 1
 -5050371 3525809 -1628520 1
 -5063030 3500581 -1643565 1
 -5063266 3500744 -1642491 0
 -5027349 3349023 -2024711 1
 -5110396 3085222 -2225963 1
 -5106488 3048912 -2284201 1
 -2942863 5631571 463274 0
 -3028784 5569051 633873 1
 -2922450 5623557 651573 1
 -2769955 5701964 636085 1
 -2697713 5745942 544191 1
 -2685992 5752262 535328 0
 -2684709 5752134 543083 1
 -2592119 5797468 509839 0
 -2306477 5934161 235679 1
 -2141014 5996104 229012 1
 -2697713 5745942 544191 0
 -2685992 5752262 535328 1
 -2684709 5752134 543083 0
 -2592119 5797468 509839 1
 -579102 6314420 618381 0
 -984724 6281143 408916 1
 -1208485 6252062 202341 1
 -1434223 6207359 36694 1
 -1462385 6200826 -28911 1
 -1605330 6158551 -291229 1
 -1728812 6101363 -611740 1
 -1728783 6101260 -612847 0
 -1698540 6108175 -628340 1
 -1399943 6196904 -477690 1
 -1150992 6265102 -115636 1
 -862859 6307209 253458 1
 -579102 6314420 618381 1
 -565740 6314095 633873 0
 -565749 6314205 632766 1
 -716190 6325180 262346 0
 -716196 6325225 261235 1
 -792469 6317373 229012 0
 -792474 6317412 227901 1
 -877746 6309399 103407 0
 -876645 6309552 103407 1
 -1743735 6125487 -165662 0
 -1685738 6140959 -191227 1
 -1743735 6125487 -165662 1
 -1600543 6166634 23351 0
 -1601619 6166354 23351 1
 -1578985 6172096 41142 0
 -1580064 6171827 40030 1
 -1572433 6173401 78946 0
 -1571355 6173675 78946 1
 -1613204 6162313 114525 0
 -1613210 6162333 113413 1
 -1557155 6176476 126754 0
 -1557160 6176497 125642 1
 -1536753 6181962 106742 0
 -1537836 6181711 105630 1
 -1489298 6193846 88953 0
 -1490379 6193586 88953 1
 -1479472 6195781 114525 0
 -1480553 6195522 114525 1
 -1451412 6202734 95624 0
 -1451416 6202750 94512 1
 -1438440 6205854 88953 0
 -1438443 6205869 87841 1
 -1377410 6218231 161215 0
 -1378501 6218018 160104 1
 -1298826 6233434 216788 0
 -1298834 6233471 215677 1
 -2141014 5996104 229012 0
 -2118152 6008122 -74499 1
 -2206106 5970283 -280121 1
 -2460625 5865053 -368961 1
 -2642546 5785154 -372291 1
 -2840688 5697539 -241235 1
 -2935760 5653991 -57821 1
 -2983622 5625581 201229 1
 -2956083 5628121 418902 1
 -2955100 5628637 418902 0
 -2942863 5631571 463274 1
 -2148289 5934582 -869050 0
 -2590208 5742017 -953789 1
 -2430854 5836879 -781948 1
 -2013711 6000939 -723427 1
 -1852428 6059020 -668163 1
 -1827016 6047554 -823865 1
 -2149324 5934207 -869050 1
 -2465273 5824770 -764288 0
 -2466289 5824340 -764288 1
 -2797752 5650886 -910890 0
 -2798738 5650398 -910890 1
 -2881983 5605326 -929595 0
 -3070636 5498763 -961484 1
 -2882961 5604823 -929595 1
 -3049861 5495307 -1043841 0
 -3050820 5494774 -1043841 1
 -3098547 5487833 -933995 0
 -3099505 5487292 -933995 1
 -3178070 5445158 -916392 0
 -3383568 5311138 -965881 1
 -3179020 5444603 -916392 1
 -3441018 5282540 -918593 0
 -3441940 5281940 -918593 1
 -3470644 5263507 -916392 0
 -3471562 5262901 -916392 1
 -3293048 5327738 -1166489 0
 -3294085 5327336 -1165396 1
 -3395133 5258133 -1189437 0
 -3396051 5257540 -1189437 1
 -3613539 5141546 -1047131 0
 -3605263 5158425 -991152 1
 -3558737 5185746 -1016408 1
 -3613539 5141546 -1047131 1
 -3865005 4984531 -897682 0
 -3865875 4983857 -897682 1
 -4141582 4757633 -895480 0
 -4141479 4757515 -896581 1
 -4209619 4716479 -789672 0
 -4210534 4715847 -788569 1
 -3216135 5462093 -641617 0
 -3217031 5461435 -642723 1
 -3177058 5487332 -620594 0
 -3066993 5576535 -292340 1
 -3169706 5525671 -97848 1
 -3365128 5408408 121195 1
 -3455550 5351702 90065 1
 -3455542 5351689 91177 0
 -3587390 5264836 42254 1
 -3476283 5338716 56709 1
 -3248830 5478186 -155657 1
 -3255562 5474282 -152323 1
 -3435502 5363691 -133424 1
 -3311658 5438164 -221233 1
 -3438070 5340980 -493212 1
 -3330019 5412869 -448855 1
 -3329978 5412802 -449965 0
 -3211632 5476284 -534220 1
 -3177058 5487332 -620594 1
 -3707475 5167106 381171 0
 -3706612 5167807 380061 1
 -3811817 5080556 497646 0
 -3811869 5080626 496537 1
 -3689726 5190030 -197895 0
 -3690632 5189386 -197895 1
 -3738048 5154435 -220122 0
 -3738947 5153782 -220122 1
 -3465248 5327867 -442200 0
 -3466178 5327262 -442200 1
 -3467104 5322587 -488777 0
 -3466129 5323121 -489886 1
 -3933227 5001832 -317885 0
 -4048789 4904593 -376731 1
 -3933227 5001832 -317885 1
 -3917306 5008515 -398929 0
 -3918180 5007831 -398929 1
 -4446244 4522952 -602885 0
 -4446960 4522101 -603992 1
 -3855218 5071705 -68940 0
 -3855225 5071715 -67828 1
 -3944439 4998112 223456 0
 -3944415 4998081 224567 1
 -4000729 4958158 22239 0
 -3892493 5043571 -23351 1
 -3922034 5018169 158992 1
 -4000729 4958158 22239 1
 -4165933 4819473 -85618 0
 -4166774 4818746 -85618 1
 -4170011 4815690 -98960 0
 -4170851 4814962 -98960 1
 -4123164 4853276 -186781 0
 -4123143 4853251 -187892 1
 -4359727 4623195 -456619 0
 -4360533 4622434 -456619 1
 -4735722 4182451 -818351 0
 -4737181 4180797 -818351 1
 -4746434 4152263 -905387 0
 -4746315 4152159 -906488 1
 -4889161 3957752 -1010919 0
 -4750949 4167937 -804014 1
 -4786453 4133014 -773119 1
 -4648257 4322451 -547515 1
 -4478396 4506623 -473254 1
 -4383007 4607439 -387830 1
 -4327067 4666268 -303447 1
 -4327881 4665513 -303447 0
 -4395047 4602369 -302337 1
 -4260351 4733260 -187892 1
 -4221984 4770407 -87841 1
 -4452422 4546664 -305669 1
 -4456762 4541572 -317885 1
 -4671886 4326214 -216788 1
 -4946760 4004378 -290118 1
 -4542347 4463752 -177889 0
 -4543126 4462960 -177889 1
 -4946760 4004378 -290118 0
 -5211830 3631768 -486560 1
 -5327085 3413367 -748831 1
 -5303727 3449548 -748831 1
 -5400039 3219069 -1032870 1
 -5419253 3140168 -1166489 1
 -5430128 3124985 -1156649 1
 -5275460 3428542 -1002135 1
 -5241482 3500923 -927395 1
 -5241616 3501013 -926295 0
 -5088497 3743345 -827173 1
 -5050922 3762099 -961484 1
 -4889161 3957752 -1010919 1
 -5619855 2965521 -461056 0
 -5484575 3165245 -700223 1
 -5496314 3169462 -578528 1
 -5619855 2965521 -461056 1
 -5556920 3103113 -284564 0
 -5640108 2931052 -433325 1
 -5556920 3103113 -284564 1
 -3166281 5294664 1590865 0
 -3168482 5292051 1595171 1
 -3229235 5110120 2012055 0
 -3208724 5244376 1670407 1
 -3396465 5166693 1535889 1
 -3470969 5147861 1428829 1
 -3279437 5246159 1520777 1
 -3278521 5246731 1520777 0
 -3107986 5322945 1611314 1
 -3074897 5241035 1914736 1
 -3230315 5109853 2011000 1
 -3256671 5219868 1654306 0
 -3257734 5219544 1653232 1
 -3476428 5109652 1547757 0
 -3477320 5109045 1547757 1
 -3410223 5199475 1387620 0
 -3411130 5198880 1387620 1
 -3379045 5203273 1448327 0
 -3379953 5202683 1448327 1
 -3355062 5238103 1376766 0
 -3355191 5238306 1375680 1
 -3270999 5259171 1493767 0
 -3272054 5258821 1492686 1
 -3131803 5344438 1489443 0
 -3132736 5343892 1489443 1
 -3132736 5343892 1489443 1
 -3504930 5136110 1387620 0
 -3569669 5120809 1274531 1
 -3504930 5136110 1387620 1
 -3522148 5153610 1274531 0
 -3525043 5155913 1257095 1
 -3522148 5153610 1274531 1
 -3641102 5114071 1085501 0
 -3749632 5095180 754352 1
 -3648878 5178369 678114 1
 -3647974 5179005 678114 0
 -3441293 5297102 829378 1
 -3468323 5257991 955988 1
 -3469241 5257386 955988 0
 -3642027 5119152 1058098 1
 -3641102 5114071 1085501 1
 -3361277 5360413 746622 0
 -3361346 5360523 745518 1
 -3188918 5483511 592922 0
 -3189875 5482955 592922 1
 -3547238 5172860 1117262 0
 -3547348 5173021 1116167 1
 -3456824 5214778 1202543 0
 -3427287 5231464 1214553 1
 -3456824 5214778 1202543 1
 -3306328 5285070 1313727 0
 -3312994 5285463 1295224 1
 -3306449 5285265 1312639 1
 -3102729 5395812 1359390 0
 -3103671 5395270 1359390 1
 -3117472 5430219 1176326 0
 -3118522 5429853 1175233 1
 -2871647 5616524 893278 0
 -2872698 5616162 892177 1
 -3076177 5434912 1260365 0
 -2884088 5604608 927395 1
 -3073511 5452378 1189437 1
 -3076286 5435103 1259275 1
 -4731596 496476 -4237353 0
 -4783878 594168 -4165468 1
 -4582702 776751 -4357196 1
 -4582837 775952 -4357196 0
 -4527678 837521 -4403220 1
 -4527531 838311 -4403220 0
 -4344538 1025404 -4545678 1
 -4314698 784892 -4621361 1
 -4314561 785645 -4621361 0
 -4467871 694059 -4488436 1
 -4558613 591251 -4411250 1
 -4731683 495650 -4237353 1
 -4272285 908102 -4638166 0
 -4271652 907188 -4638928 1
 -3931988 959242 -4920262 0
 -3931154 959039 -4920968 1
 -3813314 726739 -5051746 0
 -3812448 726574 -5052423 1
 -4123244 83490 -4856083 0
 -4122382 84192 -4856802 1
 -4896274 261745 -4067879 0
 -4888186 522396 -4052455 1
 -4994025 442191 -3931136 1
 -5078987 478317 -3816380 0
 -5013854 256623 -3922380 1
 -4896320 260890 -4067879 1
 -4994025 442191 -3931136 0
 -5116054 526888 -3760057 1
 -5182122 606926 -3656077 1
 -5182228 606021 -3656077 0
 -5078987 478317 -3816380 1
 -6234472 1129624 667057 0
 -6234056 1145288 643830 1
 -6300899 87983 -938395 0
 -6299567 89064 -947192 1
 -6228409 1237778 514272 0
 -6227417 1245491 507622 1
 -6257828 906227 779741 0
 -6258076 900688 784155 1
 -6254815 925862 780844 0
 -6258474 907436 773119 1
 -6249142 960718 784155 0
 -6250763 946455 788569 1
 -6244628 983466 791879 0
 -6248638 963990 784155 1
 -6136578 1361570 1038356 0
 -6137936 1359624 1032870 1
 -5756911 1541483 -2251989 0
 -5733227 1454989 -2367017 1
 -5751276 1452093 -2324630 1
 -5751415 1453196 -2323595 0
 -5756911 1541483 -2251989 1
 -6091050 138225 -1862700 0
 -6100031 13841 -1838228 1
 -6091050 138225 -1862700 1
 -3209408 5270257 1585480 0
 -3209552 5270493 1584403 1
 -3429075 1327297 -5202824 0
 -2697539 0 5771736 0
 -2713330 -269870 5758008 1
 -2712694 -313390 5756103 1
 -2712694 -313390 5756103 0
 -2584029 -431027 5807466 1
 -2535657 -275908 5838148 1
 -2536670 -276019 5837702 0
 -2325914 -60500 5930946 1
 -2195720 0 5980674 1
 5108606 206076 3801227 0
 5209229 -200118 3662449 1
 5140931 -533984 3724962 1
 5328807 -877401 3379887 1
 5495886 -1167184 3003759 1
 5494267 -1286646 2957570 1
 5603607 -1572992 2591319 0
 5694841 -1747611 2259268 1
 5494267 -1286646 2957570 0
 5603607 -1572992 2591319 1
 5695146 -1746617 2259268 0
 5807330 -1671809 2017330 1
 5869325 -1741917 1762498 1
 5928323 -1765057 1526175 1
 5933221 -1792475 1474303 1
 5933155 -1793585 1473221 0
 5957814 -1778366 1389791 1
 5961135 -1790694 1359390 1
 6014653 -1642038 1310463 1
 6030380 -1641809 1236376 1
 6076141 -1549918 1126018 1
 6123111 -1447442 1001037 1
 6163275 -1368623 854728 1
 6245262 -1087727 634979 1
 6297865 -832485 483233 1
 6327890 -451369 586279 1
 6335434 -349769 574098 1
 6335495 -348663 574098 0
 6336689 -343183 564131 1
 6336591 -343178 565238 0
 6335148 56392 672586 1
 6333538 132669 677008 1
 6278614 -602350 897682 0
 6291924 -620255 785258 1
 6278614 -602350 897682 1
 6293202 26361 992251 0
 6325477 24288 759872 1
 6325655 -2208 758768 1
 6325656 -1104 758768 0
 6313378 -18732 854728 1
 6296533 -137391 961484 1
 6296556 -136292 961484 0
 6312504 6610 861339 1
 4604328 2910735 3304154 0
 4622151 2870324 3314606 1
 4617196 2871716 3320302 1
 4636634 2830213 3328839 1
 4669495 2782473 3323148 1
 4707356 2737547 3307006 1
 4703586 2747453 3304154 1
 4783415 2654765 3265090 1
 4708403 3122336 2944759 0
 4744411 3382907 2576073 1
 4723475 3546486 2387650 1
 4783415 2654765 3265090 0
 4909814 2305152 3342102 1
 4707858 3123158 2944759 0
 4696647 3048873 3039002 1
 4695479 3020234 3069253 1
 4651566 2972513 3180684 1
 4909814 2305152 3342102 0
 5049758 1863955 3408118 1
 5115769 1876157 3301302 1
 5207652 1430516 3379887 1
 5225236 1065936 3485734 1
 5104233 1001411 3678808 1
 4993515 853557 3863406 1
 5034600 763209 3828834 1
 5041375 662814 3838603 1
 5108606 206076 3801227 1
 5209229 -200118 3662449 1
 6336591 -343178 565238 0
 6335148 56392 672586 1
 6333538 132669 677008 1
 6313810 560160 641617 1
 6317648 670701 476581 1
 6303361 775072 506514 1
 6293024 857562 502080 1
 6275757 992860 467710 1
 6272376 1085682 261235 1
 6277078 1084240 111189 1
 6290182 1008650 -76723 1
 6280042 1057680 -179000 1
 6276773 1060510 -259013 0
 6235756 1230189 -437763 1
 6280042 1057680 -179000 0
 6276773 1060510 -259013 1
 6235681 1230175 -438872 0
 6207645 1320608 -557485 1
 6195458 1339505 -641617 0
 6170764 1445067 -650467 1
 5958226 1239313 -1885018 0
 6054410 1396658 -1408233 1
 6207645 1320608 -557485 0
 6195458 1339505 -641617 1
 6170764 1445067 -650467 0
 6130396 1423205 -991152 1
 6121941 1429126 -1033967 1
 6054410 1396658 -1408233 1
 5958226 1239313 -1885018 0
 5747259 1424432 -2351524 1
 5690338 1474801 -2456556 1
 5673110 1461885 -2503671 1
 5430089 1514065 -2968398 1
 5364581 1588043 -3047793 1
 5089422 1640896 -3463365 1
 4988415 1668132 -3594816 1
 4873154 2035487 -3563540 1
 4757626 2289691 -3565383 1
 4757227 2290521 -3565383 0
 4714600 2729661 -3303203 1
 4732103 2850083 -3173938 1
 4773069 3086655 -2877503 1
 4765127 3272533 -2678384 1
 4765512 3272797 -2677376 0
 4812041 3410899 -2408253 1
 4866008 3422426 -2280048 1
 4862014 3564976 -2059470 1
 4665297 4018459 -1636044 0
 4727119 4045910 -1369165 1
 4767991 4063621 -1158836 1
 4862014 3564976 -2059470 0
 4734437 3835240 -1861637 1
 4665297 4018459 -1636044 1
 4767991 4063621 -1158836 0
 4875999 3998070 -910890 1
 4923656 4005629 -549731 1
 4920081 4014150 -518706 1
 4920781 4013291 -518706 0
 4817579 4161358 -252346 1
 4765149 4224752 -185669 1
 4667788 4336059 0 1
 4369782 4624147 334543 1
 4294831 4685343 437763 1
 4096451 4811612 810632 1
 3907956 4897165 1155556 1
 4106163 4710301 1241830 1
 4494652 4361709 1167582 1
 4544892 4279895 1271263 1
 4536393 4248053 1401725 1
 4733909 3780383 1971920 0
 4733603 3855133 1822252 1
 4536393 4248053 1401725 0
 4636562 4066155 1599477 1
 4733603 3855133 1822252 1
 4723475 3546486 2387650 0
 4764128 3712780 2026820 1
 4733909 3780383 1971920 1
 4301533 4056395 -2373210 0
 4364251 4217453 -1938054 1
 4372184 4226595 -1899883 1
 4177040 4525029 -1632820 0
 4130110 4612791 -1501333 1
 4066959 4723271 -1319167 1
 3922819 4703303 -1755017 0
 3944714 4541075 -2099410 1
 3946599 4449852 -2283162 1
 4049579 4076527 -2751816 0
 4302345 4054325 -2375274 1
 4301533 4056395 -2373210 1
 4372184 4226595 -1899883 0
 4225749 4439024 -1740047 1
 4177040 4525029 -1632820 1
 4066959 4723271 -1319167 0
 3908700 4731528 -1710075 1
 3922819 4703303 -1755017 1
 3946599 4449852 -2283162 0
 3991160 4157583 -2715658 1
 4049579 4076527 -2751816 1
 4888617 3160168 2589288 0
 5026798 3081632 2413400 1
 5079074 3055436 2336014 1
 4915169 3184635 2507760 1
 4888238 3159923 2590304 1
 6293202 26361 992251 0
 6325477 24288 759872 1
 6325655 -2208 758768 1
 6325656 -1104 758768 0
 6313378 -18732 854728 1
 6296533 -137391 961484 1
 6296556 -136292 961484 0
 6312504 6610 861339 1
 6293202 26361 992251 1
 6229669 450920 1256005 0
 6233416 503719 1216736 1
 6229669 450920 1256005 1
 5990429 1624196 1437497 0
 6008223 1464647 1531572 1
 5990429 1624196 1437497 1
 5553755 3084835 -478798 0
 5491338 3162763 -657103 1
 5430817 3195167 -941694 1
 5448621 3183917 -874558 1
 5553755 3084835 -478798 1
 5398422 2753007 -1966632 0
 5345180 2937323 -1841422 1
 5398422 2753007 -1966632 1
 5210574 3505322 -1073446 0
 5092825 3513304 -1519697 1
 5115272 3576433 -1277800 1
 5210574 3505322 -1073446 1
 5422298 3337124 -227901 0
 5388131 3399657 5560 1
 5295410 3542292 21127 1
 5269927 3580094 -21127 1
 5298612 3533735 -164550 1
 5311673 3506395 -284564 1
 5398227 3370567 -296783 1
 5422331 3337145 -226790 1
 5126186 3747681 516489 0
 5145599 3726161 477690 1
 5126186 3747681 516489 1
 4177802 3026447 3738480 0
 4200799 2896855 3814599 1
 4330902 2792146 3746579 1
 4446494 2575469 3766337 1
 4483983 2446778 3807470 1
 4522880 2365510 3812817 1
 4498512 2342775 3855443 1
 4469494 2225486 3957333 1
 4421710 2235504 4005078 1
 4422100 2234732 4005078 0
 4417759 2161370 4049880 1
 4265656 2313171 4128326 1
 4170142 2367045 4194838 1
 4170779 2367407 4194001 0
 4139015 2416708 4197348 1
 3905745 2681334 4259725 1
 3871901 2713149 4270463 1
 3797023 2946335 4182270 1
 3684455 3091625 4178074 1
 4226943 3059797 3655167 0
 4177802 3026447 3738480 1
 4226943 3059797 3655167 0
 4241706 3078387 3622308 1
 4349169 3070276 3499683 1
 4367049 3069213 3478284 1
 4472536 3072740 3338315 1
 4499924 3060442 3312707 1
 4573625 2973553 3290834 1
 4589967 2954631 3285120 1
 4606255 2913079 3299399 1
 4651566 2972513 3180684 0
 4678144 3063625 3052675 1
 4674895 3101291 3019437 1
 4630860 3173191 3012581 1
 4611380 3171684 3043887 1
 4542202 3175761 3142069 1
 4541093 3177346 3142069 1
 4550716 3181714 3123672 1
 4624987 3196526 2996893 1
 4618193 3198981 3004740 1
 4596658 3246192 2987076 1
 4595004 3551422 2619731 1
 4590276 3565718 2608577 1
 4605723 3748312 2308057 1
 4597954 3799705 2238461 1
 4496830 4093236 1900944 1
 4512845 4221569 1549914 1
 4517845 4246993 1463483 1
 4229781 4524789 1491605 1
 4031791 4667580 1596248 1
 3646499 4892153 1832904 1
 3486180 4995463 1865890 1
 3189330 5066531 2179011 1
 3122040 5090717 2219711 1
 3070942 4962587 2555718 1
 3189335 4776786 2756829 1
 4261358 2937519 3715032 0
 4400232 2798940 3659719 1
 4261358 2937519 3715032 1
 3687725 3356748 3965171 0
 3654730 3399753 3959076 1
 3687725 3356748 3965171 1
 4606255 2913079 3299399 0
 4624137 2925518 3263181 1
 4635715 2930577 3242146 1
 4637149 2931484 3239274 0
 4641262 2939756 3225859 1
 4641287 2964804 3202818 0
 4651566 2972513 3180684 1
 1403376 3872559 -4860399 0
 1494318 3921444 -4793636 1
 1431247 3892112 -4836594 1
 1403376 3872559 -4860399 1
 3696951 216402 -5184146 0
