#by saeki@d2.ppc.fc.nec.co.jp (Tomoya Saeki)

   0.0000000e+00   0.0000000e+00   0.0000000e+00   0
   1.2409958e+01   7.8076836e-01   6.2831853e-02   2
   2.3897745e+01   3.0189873e+00   1.2566371e-01   2
   3.3621095e+01   6.4135668e+00   1.8849556e-01   2
   4.0890091e+01   1.0498791e+01   2.5132741e-01   2
   4.5225425e+01   1.4694631e+01   3.1415927e-01   2
   4.6397089e+01   1.8369907e+01   3.7699112e-01   2
   4.4440004e+01   2.0911878e+01   4.3982297e-01   2
   3.9645300e+01   2.1795188e+01   5.0265482e-01   2
   3.2528292e+01   2.0643082e+01   5.6548668e-01   2
   2.3776413e+01   1.7274575e+01   6.2831853e-01   2
   1.4182242e+01   1.1732571e+01   6.9115038e-01   2
   4.5681998e+00   4.2898251e+00   7.5398224e-01   2
  -4.2898251e+00  -4.5681998e+00   8.1681409e-01   2
  -1.1732571e+01  -1.4182242e+01   8.7964594e-01   2
  -1.7274575e+01  -2.3776413e+01   9.4247780e-01   2
  -2.0643082e+01  -3.2528292e+01   1.0053096e+00   2
  -2.1795188e+01  -3.9645300e+01   1.0681415e+00   2
  -2.0911878e+01  -4.4440004e+01   1.1309734e+00   2
  -1.8369907e+01  -4.6397089e+01   1.1938052e+00   2
  -1.4694631e+01  -4.5225425e+01   1.2566371e+00   2
  -1.0498791e+01  -4.0890091e+01   1.3194689e+00   2
  -6.4135668e+00  -3.3621095e+01   1.3823008e+00   2
  -3.0189873e+00  -2.3897745e+01   1.4451326e+00   2
  -7.8076836e-01  -1.2409958e+01   1.5079645e+00   2
  -5.1722470e-30   3.2162857e-14   1.5707963e+00   2
  -7.8076836e-01   1.2409958e+01   1.6336282e+00   2
  -3.0189873e+00   2.3897745e+01   1.6964600e+00   2
  -6.4135668e+00   3.3621095e+01   1.7592919e+00   2
  -1.0498791e+01   4.0890091e+01   1.8221237e+00   2
  -1.4694631e+01   4.5225425e+01   1.8849556e+00   2
  -1.8369907e+01   4.6397089e+01   1.9477874e+00   2
  -2.0911878e+01   4.4440004e+01   2.0106193e+00   2
  -2.1795188e+01   3.9645300e+01   2.0734512e+00   2
  -2.0643082e+01   3.2528292e+01   2.1362830e+00   2
  -1.7274575e+01   2.3776413e+01   2.1991149e+00   2
  -1.1732571e+01   1.4182242e+01   2.2619467e+00   2
  -4.2898251e+00   4.5681998e+00   2.3247786e+00   2
   4.5681998e+00  -4.2898251e+00   2.3876104e+00   2
   1.4182242e+01  -1.1732571e+01   2.4504423e+00   2
   2.3776413e+01  -1.7274575e+01   2.5132741e+00   2
   3.2528292e+01  -2.0643082e+01   2.5761060e+00   2
   3.9645300e+01  -2.1795188e+01   2.6389378e+00   2
   4.4440004e+01  -2.0911878e+01   2.7017697e+00   2
   4.6397089e+01  -1.8369907e+01   2.7646015e+00   2
   4.5225425e+01  -1.4694631e+01   2.8274334e+00   2
   4.0890091e+01  -1.0498791e+01   2.8902652e+00   2
   3.3621095e+01  -6.4135668e+00   2.9530971e+00   2
   2.3897745e+01  -3.0189873e+00   3.0159289e+00   2
   1.2409958e+01  -7.8076836e-01   3.0787608e+00   2
  -6.4325715e-14  -2.0688988e-29   3.1415927e+00   2
  -1.2409958e+01  -7.8076836e-01   3.2044245e+00   2
  -2.3897745e+01  -3.0189873e+00   3.2672564e+00   2
  -3.3621095e+01  -6.4135668e+00   3.3300882e+00   2
  -4.0890091e+01  -1.0498791e+01   3.3929201e+00   2
  -4.5225425e+01  -1.4694631e+01   3.4557519e+00   2
  -4.6397089e+01  -1.8369907e+01   3.5185838e+00   2
  -4.4440004e+01  -2.0911878e+01   3.5814156e+00   2
  -3.9645300e+01  -2.1795188e+01   3.6442475e+00   2
  -3.2528292e+01  -2.0643082e+01   3.7070793e+00   2
  -2.3776413e+01  -1.7274575e+01   3.7699112e+00   2
  -1.4182242e+01  -1.1732571e+01   3.8327430e+00   2
  -4.5681998e+00  -4.2898251e+00   3.8955749e+00   2
   4.2898251e+00   4.5681998e+00   3.9584067e+00   2
   1.1732571e+01   1.4182242e+01   4.0212386e+00   2
   1.7274575e+01   2.3776413e+01   4.0840704e+00   2
   2.0643082e+01   3.2528292e+01   4.1469023e+00   2
   2.1795188e+01   3.9645300e+01   4.2097342e+00   2
   2.0911878e+01   4.4440004e+01   4.2725660e+00   2
   1.8369907e+01   4.6397089e+01   4.3353979e+00   2
   1.4694631e+01   4.5225425e+01   4.3982297e+00   2
   1.0498791e+01   4.0890091e+01   4.4610616e+00   2
   6.4135668e+00   3.3621095e+01   4.5238934e+00   2
   3.0189873e+00   2.3897745e+01   4.5867253e+00   2
   7.8076836e-01   1.2409958e+01   4.6495571e+00   2
   6.7484732e-30   3.6738191e-14   4.7123890e+00   2
   7.8076836e-01  -1.2409958e+01   4.7752208e+00   2
   3.0189873e+00  -2.3897745e+01   4.8380527e+00   2
   6.4135668e+00  -3.3621095e+01   4.9008845e+00   2
   1.0498791e+01  -4.0890091e+01   4.9637164e+00   2
   1.4694631e+01  -4.5225425e+01   5.0265482e+00   2
   1.8369907e+01  -4.6397089e+01   5.0893801e+00   2
   2.0911878e+01  -4.4440004e+01   5.1522120e+00   2
   2.1795188e+01  -3.9645300e+01   5.2150438e+00   2
   2.0643082e+01  -3.2528292e+01   5.2778757e+00   2
   1.7274575e+01  -2.3776413e+01   5.3407075e+00   2
   1.1732571e+01  -1.4182242e+01   5.4035394e+00   2
   4.2898251e+00  -4.5681998e+00   5.4663712e+00   2
  -4.5681998e+00   4.2898251e+00   5.5292031e+00   2
  -1.4182242e+01   1.1732571e+01   5.5920349e+00   2
  -2.3776413e+01   1.7274575e+01   5.6548668e+00   2
  -3.2528292e+01   2.0643082e+01   5.7176986e+00   2
  -3.9645300e+01   2.1795188e+01   5.7805305e+00   2
  -4.4440004e+01   2.0911878e+01   5.8433623e+00   2
  -4.6397089e+01   1.8369907e+01   5.9061942e+00   2
  -4.5225425e+01   1.4694631e+01   5.9690260e+00   2
  -4.0890091e+01   1.0498791e+01   6.0318579e+00   2
  -3.3621095e+01   6.4135668e+00   6.0946897e+00   2
  -2.3897745e+01   3.0189873e+00   6.1575216e+00   2
  -1.2409958e+01   7.8076836e-01   6.2203535e+00   2
   1.2865143e-13   8.2755952e-29   6.2831853e+00   2
   1.2409958e+01   7.8076836e-01   6.3460172e+00   3
   2.3897745e+01   3.0189873e+00   6.4088490e+00   3
   3.3621095e+01   6.4135668e+00   6.4716809e+00   3
   4.0890091e+01   1.0498791e+01   6.5345127e+00   3
   4.5225425e+01   1.4694631e+01   6.5973446e+00   3
   4.6397089e+01   1.8369907e+01   6.6601764e+00   3
   4.4440004e+01   2.0911878e+01   6.7230083e+00   3
   3.9645300e+01   2.1795188e+01   6.7858401e+00   3
   3.2528292e+01   2.0643082e+01   6.8486720e+00   3
   2.3776413e+01   1.7274575e+01   6.9115038e+00   3
   1.4182242e+01   1.1732571e+01   6.9743357e+00   3
   4.5681998e+00   4.2898251e+00   7.0371675e+00   3
  -4.2898251e+00  -4.5681998e+00   7.0999994e+00   3
  -1.1732571e+01  -1.4182242e+01   7.1628313e+00   3
  -1.7274575e+01  -2.3776413e+01   7.2256631e+00   3
  -2.0643082e+01  -3.2528292e+01   7.2884950e+00   3
  -2.1795188e+01  -3.9645300e+01   7.3513268e+00   3
  -2.0911878e+01  -4.4440004e+01   7.4141587e+00   3
  -1.8369907e+01  -4.6397089e+01   7.4769905e+00   3
  -1.4694631e+01  -4.5225425e+01   7.5398224e+00   3
  -1.0498791e+01  -4.0890091e+01   7.6026542e+00   3
  -6.4135668e+00  -3.3621095e+01   7.6654861e+00   3
  -3.0189873e+00  -2.3897745e+01   7.7283179e+00   3
  -7.8076836e-01  -1.2409958e+01   7.7911498e+00   3
  -6.7751046e-29   1.1640537e-13   7.8539816e+00   3
  -7.8076836e-01   1.2409958e+01   7.9168135e+00   3
  -3.0189873e+00   2.3897745e+01   7.9796453e+00   3
  -6.4135668e+00   3.3621095e+01   8.0424772e+00   3
  -1.0498791e+01   4.0890091e+01   8.1053090e+00   3
  -1.4694631e+01   4.5225425e+01   8.1681409e+00   3
  -1.8369907e+01   4.6397089e+01   8.2309728e+00   3
  -2.0911878e+01   4.4440004e+01   8.2938046e+00   3
  -2.1795188e+01   3.9645300e+01   8.3566365e+00   3
  -2.0643082e+01   3.2528292e+01   8.4194683e+00   3
  -1.7274575e+01   2.3776413e+01   8.4823002e+00   3
  -1.1732571e+01   1.4182242e+01   8.5451320e+00   3
  -4.2898251e+00   4.5681998e+00   8.6079639e+00   3
   4.5681998e+00  -4.2898251e+00   8.6707957e+00   3
   1.4182242e+01  -1.1732571e+01   8.7336276e+00   3
   2.3776413e+01  -1.7274575e+01   8.7964594e+00   3
   3.2528292e+01  -2.0643082e+01   8.8592913e+00   3
   3.9645300e+01  -2.1795188e+01   8.9221231e+00   3
   4.4440004e+01  -2.0911878e+01   8.9849550e+00   3
   4.6397089e+01  -1.8369907e+01   9.0477868e+00   3
   4.5225425e+01  -1.4694631e+01   9.1106187e+00   3
   4.0890091e+01  -1.0498791e+01   9.1734505e+00   3
   3.3621095e+01  -6.4135668e+00   9.2362824e+00   3
   2.3897745e+01  -3.0189873e+00   9.2991143e+00   3
   1.2409958e+01  -7.8076836e-01   9.3619461e+00   3
   7.3476381e-14  -2.6993893e-29   9.4247780e+00   3
  -1.2409958e+01  -7.8076836e-01   9.4876098e+00   3
  -2.3897745e+01  -3.0189873e+00   9.5504417e+00   3
  -3.3621095e+01  -6.4135668e+00   9.6132735e+00   3
  -4.0890091e+01  -1.0498791e+01   9.6761054e+00   3
  -4.5225425e+01  -1.4694631e+01   9.7389372e+00   3
  -4.6397089e+01  -1.8369907e+01   9.8017691e+00   3
  -4.4440004e+01  -2.0911878e+01   9.8646009e+00   3
  -3.9645300e+01  -2.1795188e+01   9.9274328e+00   3
  -3.2528292e+01  -2.0643082e+01   9.9902646e+00   3
  -2.3776413e+01  -1.7274575e+01   1.0053096e+01   3
  -1.4182242e+01  -1.1732571e+01   1.0115928e+01   3
  -4.5681998e+00  -4.2898251e+00   1.0178760e+01   3
   4.2898251e+00   4.5681998e+00   1.0241592e+01   3
   1.1732571e+01   1.4182242e+01   1.0304424e+01   3
   1.7274575e+01   2.3776413e+01   1.0367256e+01   3
   2.0643082e+01   3.2528292e+01   1.0430088e+01   3
   2.1795188e+01   3.9645300e+01   1.0492919e+01   3
   2.0911878e+01   4.4440004e+01   1.0555751e+01   3
   1.8369907e+01   4.6397089e+01   1.0618583e+01   3
   1.4694631e+01   4.5225425e+01   1.0681415e+01   3
   1.0498791e+01   4.0890091e+01   1.0744247e+01   3
   6.4135668e+00   3.3621095e+01   1.0807079e+01   3
   3.0189873e+00   2.3897745e+01   1.0869911e+01   3
   7.8076836e-01   1.2409958e+01   1.0932742e+01   3
   3.6328311e-28  -2.6954892e-13   1.0995574e+01   3
   7.8076836e-01  -1.2409958e+01   1.1058406e+01   3
   3.0189873e+00  -2.3897745e+01   1.1121238e+01   3
   6.4135668e+00  -3.3621095e+01   1.1184070e+01   3
   1.0498791e+01  -4.0890091e+01   1.1246902e+01   3
   1.4694631e+01  -4.5225425e+01   1.1309734e+01   3
   1.8369907e+01  -4.6397089e+01   1.1372565e+01   3
   2.0911878e+01  -4.4440004e+01   1.1435397e+01   3
   2.1795188e+01  -3.9645300e+01   1.1498229e+01   3
   2.0643082e+01  -3.2528292e+01   1.1561061e+01   3
   1.7274575e+01  -2.3776413e+01   1.1623893e+01   3
   1.1732571e+01  -1.4182242e+01   1.1686725e+01   3
   4.2898251e+00  -4.5681998e+00   1.1749557e+01   3
  -4.5681998e+00   4.2898251e+00   1.1812388e+01   3
  -1.4182242e+01   1.1732571e+01   1.1875220e+01   3
  -2.3776413e+01   1.7274575e+01   1.1938052e+01   3
  -3.2528292e+01   2.0643082e+01   1.2000884e+01   3
  -3.9645300e+01   2.1795188e+01   1.2063716e+01   3
  -4.4440004e+01   2.0911878e+01   1.2126548e+01   3
  -4.6397089e+01   1.8369907e+01   1.2189379e+01   3
  -4.5225425e+01   1.4694631e+01   1.2252211e+01   3
  -4.0890091e+01   1.0498791e+01   1.2315043e+01   3
  -3.3621095e+01   6.4135668e+00   1.2377875e+01   3
  -2.3897745e+01   3.0189873e+00   1.2440707e+01   3
  -1.2409958e+01   7.8076836e-01   1.2503539e+01   3
   2.5730286e-13   3.3102381e-28   1.2566371e+01   3
   1.2409958e+01   7.8076836e-01   1.2629202e+01   4
   2.3897745e+01   3.0189873e+00   1.2692034e+01   4
   3.3621095e+01   6.4135668e+00   1.2754866e+01   4
   4.0890091e+01   1.0498791e+01   1.2817698e+01   4
   4.5225425e+01   1.4694631e+01   1.2880530e+01   4
   4.6397089e+01   1.8369907e+01   1.2943362e+01   4
   4.4440004e+01   2.0911878e+01   1.3006194e+01   4
   3.9645300e+01   2.1795188e+01   1.3069025e+01   4
   3.2528292e+01   2.0643082e+01   1.3131857e+01   4
   2.3776413e+01   1.7274575e+01   1.3194689e+01   4
   1.4182242e+01   1.1732571e+01   1.3257521e+01   4
   4.5681998e+00   4.2898251e+00   1.3320353e+01   4
  -4.2898251e+00  -4.5681998e+00   1.3383185e+01   4
  -1.1732571e+01  -1.4182242e+01   1.3446017e+01   4
  -1.7274575e+01  -2.3776413e+01   1.3508848e+01   4
  -2.0643082e+01  -3.2528292e+01   1.3571680e+01   4
  -2.1795188e+01  -3.9645300e+01   1.3634512e+01   4
  -2.0911878e+01  -4.4440004e+01   1.3697344e+01   4
  -1.8369907e+01  -4.6397089e+01   1.3760176e+01   4
  -1.4694631e+01  -4.5225425e+01   1.3823008e+01   4
  -1.0498791e+01  -4.0890091e+01   1.3885840e+01   4
  -6.4135668e+00  -3.3621095e+01   1.3948671e+01   4
  -3.0189873e+00  -2.3897745e+01   1.4011503e+01   4
  -7.8076836e-01  -1.2409958e+01   1.4074335e+01   4
  -3.0026417e-28   2.4505680e-13   1.4137167e+01   4
  -7.8076836e-01   1.2409958e+01   1.4199999e+01   4
  -3.0189873e+00   2.3897745e+01   1.4262831e+01   4
  -6.4135668e+00   3.3621095e+01   1.4325663e+01   4
  -1.0498791e+01   4.0890091e+01   1.4388494e+01   4
  -1.4694631e+01   4.5225425e+01   1.4451326e+01   4
  -1.8369907e+01   4.6397089e+01   1.4514158e+01   4
  -2.0911878e+01   4.4440004e+01   1.4576990e+01   4
  -2.1795188e+01   3.9645300e+01   1.4639822e+01   4
  -2.0643082e+01   3.2528292e+01   1.4702654e+01   4
  -1.7274575e+01   2.3776413e+01   1.4765485e+01   4
  -1.1732571e+01   1.4182242e+01   1.4828317e+01   4
  -4.2898251e+00   4.5681998e+00   1.4891149e+01   4
   4.5681998e+00  -4.2898251e+00   1.4953981e+01   4
   1.4182242e+01  -1.1732571e+01   1.5016813e+01   4
   2.3776413e+01  -1.7274575e+01   1.5079645e+01   4
   3.2528292e+01  -2.0643082e+01   1.5142477e+01   4
   3.9645300e+01  -2.1795188e+01   1.5205308e+01   4
   4.4440004e+01  -2.0911878e+01   1.5268140e+01   4
   4.6397089e+01  -1.8369907e+01   1.5330972e+01   4
   4.5225425e+01  -1.4694631e+01   1.5393804e+01   4
   4.0890091e+01  -1.0498791e+01   1.5456636e+01   4
   3.3621095e+01  -6.4135668e+00   1.5519468e+01   4
   2.3897745e+01  -3.0189873e+00   1.5582300e+01   4
   1.2409958e+01  -7.8076836e-01   1.5645131e+01   4
  -2.3281073e-13  -2.7100419e-28   1.5707963e+01   4
  -1.2409958e+01  -7.8076836e-01   1.5770795e+01   4
  -2.3897745e+01  -3.0189873e+00   1.5833627e+01   4
  -3.3621095e+01  -6.4135668e+00   1.5896459e+01   4
  -4.0890091e+01  -1.0498791e+01   1.5959291e+01   4
  -4.5225425e+01  -1.4694631e+01   1.6022123e+01   4
  -4.6397089e+01  -1.8369907e+01   1.6084954e+01   4
  -4.4440004e+01  -2.0911878e+01   1.6147786e+01   4
  -3.9645300e+01  -2.1795188e+01   1.6210618e+01   4
  -3.2528292e+01  -2.0643082e+01   1.6273450e+01   4
  -2.3776413e+01  -1.7274575e+01   1.6336282e+01   4
  -1.4182242e+01  -1.1732571e+01   1.6399114e+01   4
  -4.5681998e+00  -4.2898251e+00   1.6461946e+01   4
   4.2898251e+00   4.5681998e+00   1.6524777e+01   4
   1.1732571e+01   1.4182242e+01   1.6587609e+01   4
   1.7274575e+01   2.3776413e+01   1.6650441e+01   4
   2.0643082e+01   3.2528292e+01   1.6713273e+01   4
   2.1795188e+01   3.9645300e+01   1.6776105e+01   4
   2.0911878e+01   4.4440004e+01   1.6838937e+01   4
   1.8369907e+01   4.6397089e+01   1.6901768e+01   4
   1.4694631e+01   4.5225425e+01   1.6964600e+01   4
   1.0498791e+01   4.0890091e+01   1.7027432e+01   4
   6.4135668e+00   3.3621095e+01   1.7090264e+01   4
   3.0189873e+00   2.3897745e+01   1.7153096e+01   4
   7.8076836e-01   1.2409958e+01   1.7215928e+01   4
   2.4324387e-28  -2.2056467e-13   1.7278760e+01   4
   7.8076836e-01  -1.2409958e+01   1.7341591e+01   4
   3.0189873e+00  -2.3897745e+01   1.7404423e+01   4
   6.4135668e+00  -3.3621095e+01   1.7467255e+01   4
   1.0498791e+01  -4.0890091e+01   1.7530087e+01   4
   1.4694631e+01  -4.5225425e+01   1.7592919e+01   4
   1.8369907e+01  -4.6397089e+01   1.7655751e+01   4
   2.0911878e+01  -4.4440004e+01   1.7718583e+01   4
   2.1795188e+01  -3.9645300e+01   1.7781414e+01   4
   2.0643082e+01  -3.2528292e+01   1.7844246e+01   4
   1.7274575e+01  -2.3776413e+01   1.7907078e+01   4
   1.1732571e+01  -1.4182242e+01   1.7969910e+01   4
   4.2898251e+00  -4.5681998e+00   1.8032742e+01   4
  -4.5681998e+00   4.2898251e+00   1.8095574e+01   4
  -1.4182242e+01   1.1732571e+01   1.8158406e+01   4
  -2.3776413e+01   1.7274575e+01   1.8221237e+01   4
  -3.2528292e+01   2.0643082e+01   1.8284069e+01   4
  -3.9645300e+01   2.1795188e+01   1.8346901e+01   4
  -4.4440004e+01   2.0911878e+01   1.8409733e+01   4
  -4.6397089e+01   1.8369907e+01   1.8472565e+01   4
  -4.5225425e+01   1.4694631e+01   1.8535397e+01   4
  -4.0890091e+01   1.0498791e+01   1.8598229e+01   4
  -3.3621095e+01   6.4135668e+00   1.8661060e+01   4
  -2.3897745e+01   3.0189873e+00   1.8723892e+01   4
  -1.2409958e+01   7.8076836e-01   1.8786724e+01   4
  -1.4695276e-13   1.0797557e-28   1.8849556e+01   4
   1.2409958e+01   7.8076836e-01   1.8912388e+01   5
   2.3897745e+01   3.0189873e+00   1.8975220e+01   5
   3.3621095e+01   6.4135668e+00   1.9038051e+01   5
   4.0890091e+01   1.0498791e+01   1.9100883e+01   5
   4.5225425e+01   1.4694631e+01   1.9163715e+01   5
   4.6397089e+01   1.8369907e+01   1.9226547e+01   5
   4.4440004e+01   2.0911878e+01   1.9289379e+01   5
   3.9645300e+01   2.1795188e+01   1.9352211e+01   5
   3.2528292e+01   2.0643082e+01   1.9415043e+01   5
   2.3776413e+01   1.7274575e+01   1.9477874e+01   5
   1.4182242e+01   1.1732571e+01   1.9540706e+01   5
   4.5681998e+00   4.2898251e+00   1.9603538e+01   5
  -4.2898251e+00  -4.5681998e+00   1.9666370e+01   5
  -1.1732571e+01  -1.4182242e+01   1.9729202e+01   5
  -1.7274575e+01  -2.3776413e+01   1.9792034e+01   5
  -2.0643082e+01  -3.2528292e+01   1.9854866e+01   5
  -2.1795188e+01  -3.9645300e+01   1.9917697e+01   5
  -2.0911878e+01  -4.4440004e+01   1.9980529e+01   5
  -1.8369907e+01  -4.6397089e+01   2.0043361e+01   5
  -1.4694631e+01  -4.5225425e+01   2.0106193e+01   5
  -1.0498791e+01  -4.0890091e+01   2.0169025e+01   5
  -6.4135668e+00  -3.3621095e+01   2.0231857e+01   5
  -3.0189873e+00  -2.3897745e+01   2.0294689e+01   5
  -7.8076836e-01  -1.2409958e+01   2.0357520e+01   5
  -1.9222221e-28   1.9607254e-13   2.0420352e+01   5
  -7.8076836e-01   1.2409958e+01   2.0483184e+01   5
  -3.0189873e+00   2.3897745e+01   2.0546016e+01   5
  -6.4135668e+00   3.3621095e+01   2.0608848e+01   5
  -1.0498791e+01   4.0890091e+01   2.0671680e+01   5
  -1.4694631e+01   4.5225425e+01   2.0734512e+01   5
  -1.8369907e+01   4.6397089e+01   2.0797343e+01   5
  -2.0911878e+01   4.4440004e+01   2.0860175e+01   5
  -2.1795188e+01   3.9645300e+01   2.0923007e+01   5
  -2.0643082e+01   3.2528292e+01   2.0985839e+01   5
  -1.7274575e+01   2.3776413e+01   2.1048671e+01   5
  -1.1732571e+01   1.4182242e+01   2.1111503e+01   5
  -4.2898251e+00   4.5681998e+00   2.1174334e+01   5
   4.5681998e+00  -4.2898251e+00   2.1237166e+01   5
   1.4182242e+01  -1.1732571e+01   2.1299998e+01   5
   2.3776413e+01  -1.7274575e+01   2.1362830e+01   5
   3.2528292e+01  -2.0643082e+01   2.1425662e+01   5
   3.9645300e+01  -2.1795188e+01   2.1488494e+01   5
   4.4440004e+01  -2.0911878e+01   2.1551326e+01   5
   4.6397089e+01  -1.8369907e+01   2.1614157e+01   5
   4.5225425e+01  -1.4694631e+01   2.1676989e+01   5
   4.0890091e+01  -1.0498791e+01   2.1739821e+01   5
   3.3621095e+01  -6.4135668e+00   2.1802653e+01   5
   2.3897745e+01  -3.0189873e+00   2.1865485e+01   5
   1.2409958e+01  -7.8076836e-01   2.1928317e+01   5
  -5.3909785e-13  -1.4531324e-27   2.1991149e+01   5
  -1.2409958e+01  -7.8076836e-01   2.2053980e+01   5
  -2.3897745e+01  -3.0189873e+00   2.2116812e+01   5
  -3.3621095e+01  -6.4135668e+00   2.2179644e+01   5
  -4.0890091e+01  -1.0498791e+01   2.2242476e+01   5
  -4.5225425e+01  -1.4694631e+01   2.2305308e+01   5
  -4.6397089e+01  -1.8369907e+01   2.2368140e+01   5
  -4.4440004e+01  -2.0911878e+01   2.2430972e+01   5
  -3.9645300e+01  -2.1795188e+01   2.2493803e+01   5
  -3.2528292e+01  -2.0643082e+01   2.2556635e+01   5
  -2.3776413e+01  -1.7274575e+01   2.2619467e+01   5
  -1.4182242e+01  -1.1732571e+01   2.2682299e+01   5
  -4.5681998e+00  -4.2898251e+00   2.2745131e+01   5
   4.2898251e+00   4.5681998e+00   2.2807963e+01   5
   1.1732571e+01   1.4182242e+01   2.2870795e+01   5
   1.7274575e+01   2.3776413e+01   2.2933626e+01   5
   2.0643082e+01   3.2528292e+01   2.2996458e+01   5
   2.1795188e+01   3.9645300e+01   2.3059290e+01   5
   2.0911878e+01   4.4440004e+01   2.3122122e+01   5
   1.8369907e+01   4.6397089e+01   2.3184954e+01   5
   1.4694631e+01   4.5225425e+01   2.3247786e+01   5
   1.0498791e+01   4.0890091e+01   2.3310617e+01   5
   6.4135668e+00   3.3621095e+01   2.3373449e+01   5
   3.0189873e+00   2.3897745e+01   2.3436281e+01   5
   7.8076836e-01   1.2409958e+01   2.3499113e+01   5
   1.4719919e-28  -1.7158041e-13   2.3561945e+01   5
   7.8076836e-01  -1.2409958e+01   2.3624777e+01   5
   3.0189873e+00  -2.3897745e+01   2.3687609e+01   5
   6.4135668e+00  -3.3621095e+01   2.3750440e+01   5
   1.0498791e+01  -4.0890091e+01   2.3813272e+01   5
   1.4694631e+01  -4.5225425e+01   2.3876104e+01   5
   1.8369907e+01  -4.6397089e+01   2.3938936e+01   5
   2.0911878e+01  -4.4440004e+01   2.4001768e+01   5
   2.1795188e+01  -3.9645300e+01   2.4064600e+01   5
   2.0643082e+01  -3.2528292e+01   2.4127432e+01   5
   1.7274575e+01  -2.3776413e+01   2.4190263e+01   5
   1.1732571e+01  -1.4182242e+01   2.4253095e+01   5
   4.2898251e+00  -4.5681998e+00   2.4315927e+01   5
  -4.5681998e+00   4.2898251e+00   2.4378759e+01   5
  -1.4182242e+01   1.1732571e+01   2.4441591e+01   5
  -2.3776413e+01   1.7274575e+01   2.4504423e+01   5
  -3.2528292e+01   2.0643082e+01   2.4567255e+01   5
  -3.9645300e+01   2.1795188e+01   2.4630086e+01   5
  -4.4440004e+01   2.0911878e+01   2.4692918e+01   5
  -4.6397089e+01   1.8369907e+01   2.4755750e+01   5
  -4.5225425e+01   1.4694631e+01   2.4818582e+01   5
  -4.0890091e+01   1.0498791e+01   2.4881414e+01   5
  -3.3621095e+01   6.4135668e+00   2.4944246e+01   5
  -2.3897745e+01   3.0189873e+00   2.5007078e+01   5
  -1.2409958e+01   7.8076836e-01   2.5069909e+01   5
   5.1460572e-13   1.3240952e-27   2.5132741e+01   5
   1.2409958e+01   7.8076836e-01   2.5195573e+01   6
   2.3897745e+01   3.0189873e+00   2.5258405e+01   6
   3.3621095e+01   6.4135668e+00   2.5321237e+01   6
   4.0890091e+01   1.0498791e+01   2.5384069e+01   6
   4.5225425e+01   1.4694631e+01   2.5446900e+01   6
   4.6397089e+01   1.8369907e+01   2.5509732e+01   6
   4.4440004e+01   2.0911878e+01   2.5572564e+01   6
   3.9645300e+01   2.1795188e+01   2.5635396e+01   6
   3.2528292e+01   2.0643082e+01   2.5698228e+01   6
   2.3776413e+01   1.7274575e+01   2.5761060e+01   6
   1.4182242e+01   1.1732571e+01   2.5823892e+01   6
   4.5681998e+00   4.2898251e+00   2.5886723e+01   6
  -4.2898251e+00  -4.5681998e+00   2.5949555e+01   6
  -1.1732571e+01  -1.4182242e+01   2.6012387e+01   6
  -1.7274575e+01  -2.3776413e+01   2.6075219e+01   6
  -2.0643082e+01  -3.2528292e+01   2.6138051e+01   6
  -2.1795188e+01  -3.9645300e+01   2.6200883e+01   6
  -2.0911878e+01  -4.4440004e+01   2.6263715e+01   6
  -1.8369907e+01  -4.6397089e+01   2.6326546e+01   6
  -1.4694631e+01  -4.5225425e+01   2.6389378e+01   6
  -1.0498791e+01  -4.0890091e+01   2.6452210e+01   6
  -6.4135668e+00  -3.3621095e+01   2.6515042e+01   6
  -3.0189873e+00  -2.3897745e+01   2.6577874e+01   6
  -7.8076836e-01  -1.2409958e+01   2.6640706e+01   6
  -1.0817482e-28   1.4708829e-13   2.6703538e+01   6
  -7.8076836e-01   1.2409958e+01   2.6766369e+01   6
  -3.0189873e+00   2.3897745e+01   2.6829201e+01   6
  -6.4135668e+00   3.3621095e+01   2.6892033e+01   6
  -1.0498791e+01   4.0890091e+01   2.6954865e+01   6
  -1.4694631e+01   4.5225425e+01   2.7017697e+01   6
  -1.8369907e+01   4.6397089e+01   2.7080529e+01   6
  -2.0911878e+01   4.4440004e+01   2.7143361e+01   6
  -2.1795188e+01   3.9645300e+01   2.7206192e+01   6
  -2.0643082e+01   3.2528292e+01   2.7269024e+01   6
  -1.7274575e+01   2.3776413e+01   2.7331856e+01   6
  -1.1732571e+01   1.4182242e+01   2.7394688e+01   6
  -4.2898251e+00   4.5681998e+00   2.7457520e+01   6
   4.5681998e+00  -4.2898251e+00   2.7520352e+01   6
   1.4182242e+01  -1.1732571e+01   2.7583183e+01   6
   2.3776413e+01  -1.7274575e+01   2.7646015e+01   6
   3.2528292e+01  -2.0643082e+01   2.7708847e+01   6
   3.9645300e+01  -2.1795188e+01   2.7771679e+01   6
   4.4440004e+01  -2.0911878e+01   2.7834511e+01   6
   4.6397089e+01  -1.8369907e+01   2.7897343e+01   6
   4.5225425e+01  -1.4694631e+01   2.7960175e+01   6
   4.0890091e+01  -1.0498791e+01   2.8023006e+01   6
   3.3621095e+01  -6.4135668e+00   2.8085838e+01   6
   2.3897745e+01  -3.0189873e+00   2.8148670e+01   6
   1.2409958e+01  -7.8076836e-01   2.8211502e+01   6
  -4.9011359e-13  -1.2010567e-27   2.8274334e+01   6
  -1.2409958e+01  -7.8076836e-01   2.8337166e+01   6
  -2.3897745e+01  -3.0189873e+00   2.8399998e+01   6
  -3.3621095e+01  -6.4135668e+00   2.8462829e+01   6
  -4.0890091e+01  -1.0498791e+01   2.8525661e+01   6
  -4.5225425e+01  -1.4694631e+01   2.8588493e+01   6
  -4.6397089e+01  -1.8369907e+01   2.8651325e+01   6
  -4.4440004e+01  -2.0911878e+01   2.8714157e+01   6
  -3.9645300e+01  -2.1795188e+01   2.8776989e+01   6
  -3.2528292e+01  -2.0643082e+01   2.8839821e+01   6
  -2.3776413e+01  -1.7274575e+01   2.8902652e+01   6
  -1.4182242e+01  -1.1732571e+01   2.8965484e+01   6
  -4.5681998e+00  -4.2898251e+00   2.9028316e+01   6
   4.2898251e+00   4.5681998e+00   2.9091148e+01   6
   1.1732571e+01   1.4182242e+01   2.9153980e+01   6
   1.7274575e+01   2.3776413e+01   2.9216812e+01   6
   2.0643082e+01   3.2528292e+01   2.9279644e+01   6
   2.1795188e+01   3.9645300e+01   2.9342475e+01   6
   2.0911878e+01   4.4440004e+01   2.9405307e+01   6
   1.8369907e+01   4.6397089e+01   2.9468139e+01   6
   1.4694631e+01   4.5225425e+01   2.9530971e+01   6
   1.0498791e+01   4.0890091e+01   2.9593803e+01   6
   6.4135668e+00   3.3621095e+01   2.9656635e+01   6
   3.0189873e+00   2.3897745e+01   2.9719467e+01   6
   7.8076836e-01   1.2409958e+01   2.9782298e+01   6
   7.5149093e-29  -1.2259616e-13   2.9845130e+01   6
   7.8076836e-01  -1.2409958e+01   2.9907962e+01   6
   3.0189873e+00  -2.3897745e+01   2.9970794e+01   6
   6.4135668e+00  -3.3621095e+01   3.0033626e+01   6
   1.0498791e+01  -4.0890091e+01   3.0096458e+01   6
   1.4694631e+01  -4.5225425e+01   3.0159289e+01   6
   1.8369907e+01  -4.6397089e+01   3.0222121e+01   6
   2.0911878e+01  -4.4440004e+01   3.0284953e+01   6
   2.1795188e+01  -3.9645300e+01   3.0347785e+01   6
   2.0643082e+01  -3.2528292e+01   3.0410617e+01   6
   1.7274575e+01  -2.3776413e+01   3.0473449e+01   6
   1.1732571e+01  -1.4182242e+01   3.0536281e+01   6
   4.2898251e+00  -4.5681998e+00   3.0599112e+01   6
  -4.5681998e+00   4.2898251e+00   3.0661944e+01   6
  -1.4182242e+01   1.1732571e+01   3.0724776e+01   6
  -2.3776413e+01   1.7274575e+01   3.0787608e+01   6
  -3.2528292e+01   2.0643082e+01   3.0850440e+01   6
  -3.9645300e+01   2.1795188e+01   3.0913272e+01   6
  -4.4440004e+01   2.0911878e+01   3.0976104e+01   6
  -4.6397089e+01   1.8369907e+01   3.1038935e+01   6
  -4.5225425e+01   1.4694631e+01   3.1101767e+01   6
  -4.0890091e+01   1.0498791e+01   3.1164599e+01   6
  -3.3621095e+01   6.4135668e+00   3.1227431e+01   6
  -2.3897745e+01   3.0189873e+00   3.1290263e+01   6
  -1.2409958e+01   7.8076836e-01   3.1353095e+01   6
  -2.4492127e-13   2.9993214e-28   3.1415927e+01   6
