# Hilbert 3D Space-Filling Curve (16x16x16)
#
# by Dan "Spam" Garcia (ddgarcia@cs.berkeley.edu)
# Graduate Student in Computer Science
# University of California at Berkeley 
# http://http.cs.berkeley.edu/~ddgarcia

-7.5 -7.5 -7.5 0
-7.5 -7.5 -6.5 1
-7.5 -6.5 -6.5 7
-6.5 -6.5 -6.5 7
-6.5 -7.5 -6.5 7
-6.5 -7.5 -7.5 1
-6.5 -6.5 -7.5 7
-7.5 -6.5 -7.5 7
-7.5 -5.5 -7.5 7
-7.5 -4.5 -7.5 7
-6.5 -4.5 -7.5 7
-6.5 -4.5 -6.5 1
-7.5 -4.5 -6.5 7
-7.5 -5.5 -6.5 7
-6.5 -5.5 -6.5 7
-6.5 -5.5 -7.5 1
-5.5 -5.5 -7.5 7
-5.5 -4.5 -7.5 7
-4.5 -4.5 -7.5 7
-4.5 -4.5 -6.5 1
-5.5 -4.5 -6.5 7
-5.5 -5.5 -6.5 7
-4.5 -5.5 -6.5 7
-4.5 -5.5 -7.5 1
-4.5 -6.5 -7.5 7
-5.5 -6.5 -7.5 7
-5.5 -6.5 -6.5 1
-5.5 -7.5 -6.5 7
-5.5 -7.5 -7.5 1
-4.5 -7.5 -7.5 7
-4.5 -7.5 -6.5 1
-4.5 -6.5 -6.5 7
-4.5 -6.5 -5.5 2
-5.5 -6.5 -5.5 7
-5.5 -6.5 -4.5 3
-5.5 -7.5 -4.5 7
-5.5 -7.5 -5.5 3
-4.5 -7.5 -5.5 7
-4.5 -7.5 -4.5 3
-4.5 -6.5 -4.5 7
-4.5 -5.5 -4.5 7
-4.5 -4.5 -4.5 7
-5.5 -4.5 -4.5 7
-5.5 -4.5 -5.5 3
-4.5 -4.5 -5.5 7
-4.5 -5.5 -5.5 7
-5.5 -5.5 -5.5 7
-5.5 -5.5 -4.5 3
-6.5 -5.5 -4.5 7
-6.5 -4.5 -4.5 7
-7.5 -4.5 -4.5 7
-7.5 -4.5 -5.5 3
-6.5 -4.5 -5.5 7
-6.5 -5.5 -5.5 7
-7.5 -5.5 -5.5 7
-7.5 -5.5 -4.5 3
-7.5 -6.5 -4.5 7
-7.5 -6.5 -5.5 3
-7.5 -7.5 -5.5 7
-6.5 -7.5 -5.5 7
-6.5 -6.5 -5.5 7
-6.5 -6.5 -4.5 3
-6.5 -7.5 -4.5 7
-7.5 -7.5 -4.5 7
-7.5 -7.5 -3.5 4
-7.5 -6.5 -3.5 7
-6.5 -6.5 -3.5 7
-6.5 -6.5 -2.5 5
-7.5 -6.5 -2.5 7
-7.5 -7.5 -2.5 7
-6.5 -7.5 -2.5 7
-6.5 -7.5 -3.5 5
-5.5 -7.5 -3.5 7
-4.5 -7.5 -3.5 7
-4.5 -7.5 -2.5 5
-4.5 -6.5 -2.5 7
-4.5 -6.5 -3.5 5
-5.5 -6.5 -3.5 7
-5.5 -6.5 -2.5 5
-5.5 -7.5 -2.5 7
-5.5 -7.5 -1.5 6
-4.5 -7.5 -1.5 7
-4.5 -7.5 -0.5 1
-4.5 -6.5 -0.5 7
-4.5 -6.5 -1.5 1
-5.5 -6.5 -1.5 7
-5.5 -6.5 -0.5 1
-5.5 -7.5 -0.5 7
-6.5 -7.5 -0.5 7
-6.5 -7.5 -1.5 1
-6.5 -6.5 -1.5 7
-7.5 -6.5 -1.5 7
-7.5 -7.5 -1.5 7
-7.5 -7.5 -0.5 1
-7.5 -6.5 -0.5 7
-6.5 -6.5 -0.5 7
-6.5 -5.5 -0.5 7
-6.5 -5.5 -1.5 1
-6.5 -4.5 -1.5 7
-7.5 -4.5 -1.5 7
-7.5 -5.5 -1.5 7
-7.5 -5.5 -0.5 1
-7.5 -4.5 -0.5 7
-6.5 -4.5 -0.5 7
-5.5 -4.5 -0.5 7
-4.5 -4.5 -0.5 7
-4.5 -4.5 -1.5 1
-4.5 -5.5 -1.5 7
-4.5 -5.5 -0.5 1
-5.5 -5.5 -0.5 7
-5.5 -5.5 -1.5 1
-5.5 -4.5 -1.5 7
-5.5 -4.5 -2.5 6
-4.5 -4.5 -2.5 7
-4.5 -4.5 -3.5 5
-4.5 -5.5 -3.5 7
-4.5 -5.5 -2.5 5
-5.5 -5.5 -2.5 7
-5.5 -5.5 -3.5 5
-5.5 -4.5 -3.5 7
-6.5 -4.5 -3.5 7
-6.5 -5.5 -3.5 7
-7.5 -5.5 -3.5 7
-7.5 -5.5 -2.5 5
-6.5 -5.5 -2.5 7
-6.5 -4.5 -2.5 7
-7.5 -4.5 -2.5 7
-7.5 -4.5 -3.5 5
-7.5 -3.5 -3.5 7
-7.5 -2.5 -3.5 7
-6.5 -2.5 -3.5 7
-6.5 -2.5 -2.5 5
-7.5 -2.5 -2.5 7
-7.5 -3.5 -2.5 7
-6.5 -3.5 -2.5 7
-6.5 -3.5 -3.5 5
-5.5 -3.5 -3.5 7
-4.5 -3.5 -3.5 7
-4.5 -3.5 -2.5 5
-4.5 -2.5 -2.5 7
-4.5 -2.5 -3.5 5
-5.5 -2.5 -3.5 7
-5.5 -2.5 -2.5 5
-5.5 -3.5 -2.5 7
-5.5 -3.5 -1.5 6
-4.5 -3.5 -1.5 7
-4.5 -3.5 -0.5 1
-4.5 -2.5 -0.5 7
-4.5 -2.5 -1.5 1
-5.5 -2.5 -1.5 7
-5.5 -2.5 -0.5 1
-5.5 -3.5 -0.5 7
-6.5 -3.5 -0.5 7
-6.5 -3.5 -1.5 1
-6.5 -2.5 -1.5 7
-7.5 -2.5 -1.5 7
-7.5 -3.5 -1.5 7
-7.5 -3.5 -0.5 1
-7.5 -2.5 -0.5 7
-6.5 -2.5 -0.5 7
-6.5 -1.5 -0.5 7
-6.5 -1.5 -1.5 1
-6.5 -0.5 -1.5 7
-7.5 -0.5 -1.5 7
-7.5 -1.5 -1.5 7
-7.5 -1.5 -0.5 1
-7.5 -0.5 -0.5 7
-6.5 -0.5 -0.5 7
-5.5 -0.5 -0.5 7
-4.5 -0.5 -0.5 7
-4.5 -0.5 -1.5 1
-4.5 -1.5 -1.5 7
-4.5 -1.5 -0.5 1
-5.5 -1.5 -0.5 7
-5.5 -1.5 -1.5 1
-5.5 -0.5 -1.5 7
-5.5 -0.5 -2.5 6
-4.5 -0.5 -2.5 7
-4.5 -0.5 -3.5 5
-4.5 -1.5 -3.5 7
-4.5 -1.5 -2.5 5
-5.5 -1.5 -2.5 7
-5.5 -1.5 -3.5 5
-5.5 -0.5 -3.5 7
-6.5 -0.5 -3.5 7
-6.5 -1.5 -3.5 7
-7.5 -1.5 -3.5 7
-7.5 -1.5 -2.5 5
-6.5 -1.5 -2.5 7
-6.5 -0.5 -2.5 7
-7.5 -0.5 -2.5 7
-7.5 -0.5 -3.5 5
-7.5 -0.5 -4.5 4
-6.5 -0.5 -4.5 7
-6.5 -0.5 -5.5 3
-6.5 -1.5 -5.5 7
-6.5 -1.5 -4.5 3
-7.5 -1.5 -4.5 7
-7.5 -1.5 -5.5 3
-7.5 -0.5 -5.5 7
-7.5 -0.5 -6.5 2
-7.5 -0.5 -7.5 1
-7.5 -1.5 -7.5 7
-6.5 -1.5 -7.5 7
-6.5 -0.5 -7.5 7
-6.5 -0.5 -6.5 1
-6.5 -1.5 -6.5 7
-7.5 -1.5 -6.5 7
-7.5 -2.5 -6.5 7
-7.5 -2.5 -7.5 1
-7.5 -3.5 -7.5 7
-6.5 -3.5 -7.5 7
-6.5 -2.5 -7.5 7
-6.5 -2.5 -6.5 1
-6.5 -3.5 -6.5 7
-7.5 -3.5 -6.5 7
-7.5 -3.5 -5.5 2
-7.5 -2.5 -5.5 7
-6.5 -2.5 -5.5 7
-6.5 -2.5 -4.5 3
-7.5 -2.5 -4.5 7
-7.5 -3.5 -4.5 7
-6.5 -3.5 -4.5 7
-6.5 -3.5 -5.5 3
-5.5 -3.5 -5.5 7
-5.5 -2.5 -5.5 7
-4.5 -2.5 -5.5 7
-4.5 -2.5 -4.5 3
-5.5 -2.5 -4.5 7
-5.5 -3.5 -4.5 7
-4.5 -3.5 -4.5 7
-4.5 -3.5 -5.5 3
-4.5 -3.5 -6.5 2
-4.5 -3.5 -7.5 1
-4.5 -2.5 -7.5 7
-5.5 -2.5 -7.5 7
-5.5 -3.5 -7.5 7
-5.5 -3.5 -6.5 1
-5.5 -2.5 -6.5 7
-4.5 -2.5 -6.5 7
-4.5 -1.5 -6.5 7
-4.5 -1.5 -7.5 1
-4.5 -0.5 -7.5 7
-5.5 -0.5 -7.5 7
-5.5 -1.5 -7.5 7
-5.5 -1.5 -6.5 1
-5.5 -0.5 -6.5 7
-4.5 -0.5 -6.5 7
-4.5 -0.5 -5.5 2
-5.5 -0.5 -5.5 7
-5.5 -0.5 -4.5 3
-5.5 -1.5 -4.5 7
-5.5 -1.5 -5.5 3
-4.5 -1.5 -5.5 7
-4.5 -1.5 -4.5 3
-4.5 -0.5 -4.5 7
-3.5 -0.5 -4.5 7
-2.5 -0.5 -4.5 7
-2.5 -0.5 -5.5 3
-2.5 -1.5 -5.5 7
-2.5 -1.5 -4.5 3
-3.5 -1.5 -4.5 7
-3.5 -1.5 -5.5 3
-3.5 -0.5 -5.5 7
-3.5 -0.5 -6.5 2
-3.5 -0.5 -7.5 1
-3.5 -1.5 -7.5 7
-2.5 -1.5 -7.5 7
-2.5 -0.5 -7.5 7
-2.5 -0.5 -6.5 1
-2.5 -1.5 -6.5 7
-3.5 -1.5 -6.5 7
-3.5 -2.5 -6.5 7
-3.5 -2.5 -7.5 1
-3.5 -3.5 -7.5 7
-2.5 -3.5 -7.5 7
-2.5 -2.5 -7.5 7
-2.5 -2.5 -6.5 1
-2.5 -3.5 -6.5 7
-3.5 -3.5 -6.5 7
-3.5 -3.5 -5.5 2
-3.5 -2.5 -5.5 7
-2.5 -2.5 -5.5 7
-2.5 -2.5 -4.5 3
-3.5 -2.5 -4.5 7
-3.5 -3.5 -4.5 7
-2.5 -3.5 -4.5 7
-2.5 -3.5 -5.5 3
-1.5 -3.5 -5.5 7
-1.5 -2.5 -5.5 7
-0.5 -2.5 -5.5 7
-0.5 -2.5 -4.5 3
-1.5 -2.5 -4.5 7
-1.5 -3.5 -4.5 7
-0.5 -3.5 -4.5 7
-0.5 -3.5 -5.5 3
-0.5 -3.5 -6.5 2
-0.5 -3.5 -7.5 1
-0.5 -2.5 -7.5 7
-1.5 -2.5 -7.5 7
-1.5 -3.5 -7.5 7
-1.5 -3.5 -6.5 1
-1.5 -2.5 -6.5 7
-0.5 -2.5 -6.5 7
-0.5 -1.5 -6.5 7
-0.5 -1.5 -7.5 1
-0.5 -0.5 -7.5 7
-1.5 -0.5 -7.5 7
-1.5 -1.5 -7.5 7
-1.5 -1.5 -6.5 1
-1.5 -0.5 -6.5 7
-0.5 -0.5 -6.5 7
-0.5 -0.5 -5.5 2
-1.5 -0.5 -5.5 7
-1.5 -0.5 -4.5 3
-1.5 -1.5 -4.5 7
-1.5 -1.5 -5.5 3
-0.5 -1.5 -5.5 7
-0.5 -1.5 -4.5 3
-0.5 -0.5 -4.5 7
-0.5 -0.5 -3.5 4
-0.5 -1.5 -3.5 7
-1.5 -1.5 -3.5 7
-1.5 -1.5 -2.5 5
-0.5 -1.5 -2.5 7
-0.5 -0.5 -2.5 7
-1.5 -0.5 -2.5 7
-1.5 -0.5 -3.5 5
-2.5 -0.5 -3.5 7
-3.5 -0.5 -3.5 7
-3.5 -0.5 -2.5 5
-3.5 -1.5 -2.5 7
-3.5 -1.5 -3.5 5
-2.5 -1.5 -3.5 7
-2.5 -1.5 -2.5 5
-2.5 -0.5 -2.5 7
-2.5 -0.5 -1.5 6
-3.5 -0.5 -1.5 7
-3.5 -0.5 -0.5 1
-3.5 -1.5 -0.5 7
-3.5 -1.5 -1.5 1
-2.5 -1.5 -1.5 7
-2.5 -1.5 -0.5 1
-2.5 -0.5 -0.5 7
-1.5 -0.5 -0.5 7
-1.5 -0.5 -1.5 1
-1.5 -1.5 -1.5 7
-0.5 -1.5 -1.5 7
-0.5 -0.5 -1.5 7
-0.5 -0.5 -0.5 1
-0.5 -1.5 -0.5 7
-1.5 -1.5 -0.5 7
-1.5 -2.5 -0.5 7
-1.5 -2.5 -1.5 1
-1.5 -3.5 -1.5 7
-0.5 -3.5 -1.5 7
-0.5 -2.5 -1.5 7
-0.5 -2.5 -0.5 1
-0.5 -3.5 -0.5 7
-1.5 -3.5 -0.5 7
-2.5 -3.5 -0.5 7
-3.5 -3.5 -0.5 7
-3.5 -3.5 -1.5 1
-3.5 -2.5 -1.5 7
-3.5 -2.5 -0.5 1
-2.5 -2.5 -0.5 7
-2.5 -2.5 -1.5 1
-2.5 -3.5 -1.5 7
-2.5 -3.5 -2.5 6
-3.5 -3.5 -2.5 7
-3.5 -3.5 -3.5 5
-3.5 -2.5 -3.5 7
-3.5 -2.5 -2.5 5
-2.5 -2.5 -2.5 7
-2.5 -2.5 -3.5 5
-2.5 -3.5 -3.5 7
-1.5 -3.5 -3.5 7
-1.5 -2.5 -3.5 7
-0.5 -2.5 -3.5 7
-0.5 -2.5 -2.5 5
-1.5 -2.5 -2.5 7
-1.5 -3.5 -2.5 7
-0.5 -3.5 -2.5 7
-0.5 -3.5 -3.5 5
-0.5 -4.5 -3.5 7
-0.5 -5.5 -3.5 7
-1.5 -5.5 -3.5 7
-1.5 -5.5 -2.5 5
-0.5 -5.5 -2.5 7
-0.5 -4.5 -2.5 7
-1.5 -4.5 -2.5 7
-1.5 -4.5 -3.5 5
-2.5 -4.5 -3.5 7
-3.5 -4.5 -3.5 7
-3.5 -4.5 -2.5 5
-3.5 -5.5 -2.5 7
-3.5 -5.5 -3.5 5
-2.5 -5.5 -3.5 7
-2.5 -5.5 -2.5 5
-2.5 -4.5 -2.5 7
-2.5 -4.5 -1.5 6
-3.5 -4.5 -1.5 7
-3.5 -4.5 -0.5 1
-3.5 -5.5 -0.5 7
-3.5 -5.5 -1.5 1
-2.5 -5.5 -1.5 7
-2.5 -5.5 -0.5 1
-2.5 -4.5 -0.5 7
-1.5 -4.5 -0.5 7
-1.5 -4.5 -1.5 1
-1.5 -5.5 -1.5 7
-0.5 -5.5 -1.5 7
-0.5 -4.5 -1.5 7
-0.5 -4.5 -0.5 1
-0.5 -5.5 -0.5 7
-1.5 -5.5 -0.5 7
-1.5 -6.5 -0.5 7
-1.5 -6.5 -1.5 1
-1.5 -7.5 -1.5 7
-0.5 -7.5 -1.5 7
-0.5 -6.5 -1.5 7
-0.5 -6.5 -0.5 1
-0.5 -7.5 -0.5 7
-1.5 -7.5 -0.5 7
-2.5 -7.5 -0.5 7
-3.5 -7.5 -0.5 7
-3.5 -7.5 -1.5 1
-3.5 -6.5 -1.5 7
-3.5 -6.5 -0.5 1
-2.5 -6.5 -0.5 7
-2.5 -6.5 -1.5 1
-2.5 -7.5 -1.5 7
-2.5 -7.5 -2.5 6
-3.5 -7.5 -2.5 7
-3.5 -7.5 -3.5 5
-3.5 -6.5 -3.5 7
-3.5 -6.5 -2.5 5
-2.5 -6.5 -2.5 7
-2.5 -6.5 -3.5 5
-2.5 -7.5 -3.5 7
-1.5 -7.5 -3.5 7
-1.5 -6.5 -3.5 7
-0.5 -6.5 -3.5 7
-0.5 -6.5 -2.5 5
-1.5 -6.5 -2.5 7
-1.5 -7.5 -2.5 7
-0.5 -7.5 -2.5 7
-0.5 -7.5 -3.5 5
-0.5 -7.5 -4.5 4
-0.5 -7.5 -5.5 3
-0.5 -6.5 -5.5 7
-1.5 -6.5 -5.5 7
-1.5 -7.5 -5.5 7
-1.5 -7.5 -4.5 3
-1.5 -6.5 -4.5 7
-0.5 -6.5 -4.5 7
-0.5 -5.5 -4.5 7
-0.5 -4.5 -4.5 7
-1.5 -4.5 -4.5 7
-1.5 -4.5 -5.5 3
-0.5 -4.5 -5.5 7
-0.5 -5.5 -5.5 7
-1.5 -5.5 -5.5 7
-1.5 -5.5 -4.5 3
-2.5 -5.5 -4.5 7
-2.5 -4.5 -4.5 7
-3.5 -4.5 -4.5 7
-3.5 -4.5 -5.5 3
-2.5 -4.5 -5.5 7
-2.5 -5.5 -5.5 7
-3.5 -5.5 -5.5 7
-3.5 -5.5 -4.5 3
-3.5 -6.5 -4.5 7
-2.5 -6.5 -4.5 7
-2.5 -6.5 -5.5 3
-2.5 -7.5 -5.5 7
-2.5 -7.5 -4.5 3
-3.5 -7.5 -4.5 7
-3.5 -7.5 -5.5 3
-3.5 -6.5 -5.5 7
-3.5 -6.5 -6.5 2
-2.5 -6.5 -6.5 7
-2.5 -6.5 -7.5 1
-2.5 -7.5 -7.5 7
-2.5 -7.5 -6.5 1
-3.5 -7.5 -6.5 7
-3.5 -7.5 -7.5 1
-3.5 -6.5 -7.5 7
-3.5 -5.5 -7.5 7
-3.5 -4.5 -7.5 7
-2.5 -4.5 -7.5 7
-2.5 -4.5 -6.5 1
-3.5 -4.5 -6.5 7
-3.5 -5.5 -6.5 7
-2.5 -5.5 -6.5 7
-2.5 -5.5 -7.5 1
-1.5 -5.5 -7.5 7
-1.5 -4.5 -7.5 7
-0.5 -4.5 -7.5 7
-0.5 -4.5 -6.5 1
-1.5 -4.5 -6.5 7
-1.5 -5.5 -6.5 7
-0.5 -5.5 -6.5 7
-0.5 -5.5 -7.5 1
-0.5 -6.5 -7.5 7
-0.5 -6.5 -6.5 1
-0.5 -7.5 -6.5 7
-1.5 -7.5 -6.5 7
-1.5 -6.5 -6.5 7
-1.5 -6.5 -7.5 1
-1.5 -7.5 -7.5 7
-0.5 -7.5 -7.5 7
0.5 -7.5 -7.5 7
0.5 -6.5 -7.5 7
1.5 -6.5 -7.5 7
1.5 -6.5 -6.5 1
0.5 -6.5 -6.5 7
0.5 -7.5 -6.5 7
1.5 -7.5 -6.5 7
1.5 -7.5 -7.5 1
2.5 -7.5 -7.5 7
3.5 -7.5 -7.5 7
3.5 -7.5 -6.5 1
3.5 -6.5 -6.5 7
3.5 -6.5 -7.5 1
2.5 -6.5 -7.5 7
2.5 -6.5 -6.5 1
2.5 -7.5 -6.5 7
2.5 -7.5 -5.5 2
3.5 -7.5 -5.5 7
3.5 -7.5 -4.5 3
3.5 -6.5 -4.5 7
3.5 -6.5 -5.5 3
2.5 -6.5 -5.5 7
2.5 -6.5 -4.5 3
2.5 -7.5 -4.5 7
1.5 -7.5 -4.5 7
1.5 -7.5 -5.5 3
1.5 -6.5 -5.5 7
0.5 -6.5 -5.5 7
0.5 -7.5 -5.5 7
0.5 -7.5 -4.5 3
0.5 -6.5 -4.5 7
1.5 -6.5 -4.5 7
1.5 -5.5 -4.5 7
1.5 -5.5 -5.5 3
1.5 -4.5 -5.5 7
0.5 -4.5 -5.5 7
0.5 -5.5 -5.5 7
0.5 -5.5 -4.5 3
0.5 -4.5 -4.5 7
1.5 -4.5 -4.5 7
2.5 -4.5 -4.5 7
3.5 -4.5 -4.5 7
3.5 -4.5 -5.5 3
3.5 -5.5 -5.5 7
3.5 -5.5 -4.5 3
2.5 -5.5 -4.5 7
2.5 -5.5 -5.5 3
2.5 -4.5 -5.5 7
2.5 -4.5 -6.5 2
3.5 -4.5 -6.5 7
3.5 -4.5 -7.5 1
3.5 -5.5 -7.5 7
3.5 -5.5 -6.5 1
2.5 -5.5 -6.5 7
2.5 -5.5 -7.5 1
2.5 -4.5 -7.5 7
1.5 -4.5 -7.5 7
1.5 -5.5 -7.5 7
0.5 -5.5 -7.5 7
0.5 -5.5 -6.5 1
1.5 -5.5 -6.5 7
1.5 -4.5 -6.5 7
0.5 -4.5 -6.5 7
0.5 -4.5 -7.5 1
0.5 -3.5 -7.5 7
1.5 -3.5 -7.5 7
1.5 -3.5 -6.5 1
1.5 -2.5 -6.5 7
1.5 -2.5 -7.5 1
0.5 -2.5 -7.5 7
0.5 -2.5 -6.5 1
0.5 -3.5 -6.5 7
0.5 -3.5 -5.5 2
0.5 -3.5 -4.5 3
0.5 -2.5 -4.5 7
1.5 -2.5 -4.5 7
1.5 -3.5 -4.5 7
1.5 -3.5 -5.5 3
1.5 -2.5 -5.5 7
0.5 -2.5 -5.5 7
0.5 -1.5 -5.5 7
0.5 -1.5 -4.5 3
0.5 -0.5 -4.5 7
1.5 -0.5 -4.5 7
1.5 -1.5 -4.5 7
1.5 -1.5 -5.5 3
1.5 -0.5 -5.5 7
0.5 -0.5 -5.5 7
0.5 -0.5 -6.5 2
0.5 -1.5 -6.5 7
1.5 -1.5 -6.5 7
1.5 -1.5 -7.5 1
0.5 -1.5 -7.5 7
0.5 -0.5 -7.5 7
1.5 -0.5 -7.5 7
1.5 -0.5 -6.5 1
2.5 -0.5 -6.5 7
2.5 -1.5 -6.5 7
3.5 -1.5 -6.5 7
3.5 -1.5 -7.5 1
2.5 -1.5 -7.5 7
2.5 -0.5 -7.5 7
3.5 -0.5 -7.5 7
3.5 -0.5 -6.5 1
3.5 -0.5 -5.5 2
3.5 -0.5 -4.5 3
3.5 -1.5 -4.5 7
2.5 -1.5 -4.5 7
2.5 -0.5 -4.5 7
2.5 -0.5 -5.5 3
2.5 -1.5 -5.5 7
3.5 -1.5 -5.5 7
3.5 -2.5 -5.5 7
3.5 -2.5 -4.5 3
3.5 -3.5 -4.5 7
2.5 -3.5 -4.5 7
2.5 -2.5 -4.5 7
2.5 -2.5 -5.5 3
2.5 -3.5 -5.5 7
3.5 -3.5 -5.5 7
3.5 -3.5 -6.5 2
2.5 -3.5 -6.5 7
2.5 -3.5 -7.5 1
2.5 -2.5 -7.5 7
2.5 -2.5 -6.5 1
3.5 -2.5 -6.5 7
3.5 -2.5 -7.5 1
3.5 -3.5 -7.5 7
4.5 -3.5 -7.5 7
5.5 -3.5 -7.5 7
5.5 -3.5 -6.5 1
5.5 -2.5 -6.5 7
5.5 -2.5 -7.5 1
4.5 -2.5 -7.5 7
4.5 -2.5 -6.5 1
4.5 -3.5 -6.5 7
4.5 -3.5 -5.5 2
4.5 -3.5 -4.5 3
4.5 -2.5 -4.5 7
5.5 -2.5 -4.5 7
5.5 -3.5 -4.5 7
5.5 -3.5 -5.5 3
5.5 -2.5 -5.5 7
4.5 -2.5 -5.5 7
4.5 -1.5 -5.5 7
4.5 -1.5 -4.5 3
4.5 -0.5 -4.5 7
5.5 -0.5 -4.5 7
5.5 -1.5 -4.5 7
5.5 -1.5 -5.5 3
5.5 -0.5 -5.5 7
4.5 -0.5 -5.5 7
4.5 -0.5 -6.5 2
4.5 -1.5 -6.5 7
5.5 -1.5 -6.5 7
5.5 -1.5 -7.5 1
4.5 -1.5 -7.5 7
4.5 -0.5 -7.5 7
5.5 -0.5 -7.5 7
5.5 -0.5 -6.5 1
6.5 -0.5 -6.5 7
6.5 -1.5 -6.5 7
7.5 -1.5 -6.5 7
7.5 -1.5 -7.5 1
6.5 -1.5 -7.5 7
6.5 -0.5 -7.5 7
7.5 -0.5 -7.5 7
7.5 -0.5 -6.5 1
7.5 -0.5 -5.5 2
7.5 -0.5 -4.5 3
7.5 -1.5 -4.5 7
6.5 -1.5 -4.5 7
6.5 -0.5 -4.5 7
6.5 -0.5 -5.5 3
6.5 -1.5 -5.5 7
7.5 -1.5 -5.5 7
7.5 -2.5 -5.5 7
7.5 -2.5 -4.5 3
7.5 -3.5 -4.5 7
6.5 -3.5 -4.5 7
6.5 -2.5 -4.5 7
6.5 -2.5 -5.5 3
6.5 -3.5 -5.5 7
7.5 -3.5 -5.5 7
7.5 -3.5 -6.5 2
6.5 -3.5 -6.5 7
6.5 -3.5 -7.5 1
6.5 -2.5 -7.5 7
6.5 -2.5 -6.5 1
7.5 -2.5 -6.5 7
7.5 -2.5 -7.5 1
7.5 -3.5 -7.5 7
7.5 -4.5 -7.5 7
7.5 -4.5 -6.5 1
7.5 -5.5 -6.5 7
6.5 -5.5 -6.5 7
6.5 -4.5 -6.5 7
6.5 -4.5 -7.5 1
6.5 -5.5 -7.5 7
7.5 -5.5 -7.5 7
7.5 -6.5 -7.5 7
7.5 -7.5 -7.5 7
6.5 -7.5 -7.5 7
6.5 -7.5 -6.5 1
7.5 -7.5 -6.5 7
7.5 -6.5 -6.5 7
6.5 -6.5 -6.5 7
6.5 -6.5 -7.5 1
5.5 -6.5 -7.5 7
5.5 -7.5 -7.5 7
4.5 -7.5 -7.5 7
4.5 -7.5 -6.5 1
5.5 -7.5 -6.5 7
5.5 -6.5 -6.5 7
4.5 -6.5 -6.5 7
4.5 -6.5 -7.5 1
4.5 -5.5 -7.5 7
5.5 -5.5 -7.5 7
5.5 -5.5 -6.5 1
5.5 -4.5 -6.5 7
5.5 -4.5 -7.5 1
4.5 -4.5 -7.5 7
4.5 -4.5 -6.5 1
4.5 -5.5 -6.5 7
4.5 -5.5 -5.5 2
5.5 -5.5 -5.5 7
5.5 -5.5 -4.5 3
5.5 -4.5 -4.5 7
5.5 -4.5 -5.5 3
4.5 -4.5 -5.5 7
4.5 -4.5 -4.5 3
4.5 -5.5 -4.5 7
4.5 -6.5 -4.5 7
4.5 -7.5 -4.5 7
5.5 -7.5 -4.5 7
5.5 -7.5 -5.5 3
4.5 -7.5 -5.5 7
4.5 -6.5 -5.5 7
5.5 -6.5 -5.5 7
5.5 -6.5 -4.5 3
6.5 -6.5 -4.5 7
6.5 -7.5 -4.5 7
7.5 -7.5 -4.5 7
7.5 -7.5 -5.5 3
6.5 -7.5 -5.5 7
6.5 -6.5 -5.5 7
7.5 -6.5 -5.5 7
7.5 -6.5 -4.5 3
7.5 -5.5 -4.5 7
7.5 -5.5 -5.5 3
7.5 -4.5 -5.5 7
6.5 -4.5 -5.5 7
6.5 -5.5 -5.5 7
6.5 -5.5 -4.5 3
6.5 -4.5 -4.5 7
7.5 -4.5 -4.5 7
7.5 -4.5 -3.5 4
7.5 -4.5 -2.5 5
7.5 -5.5 -2.5 7
6.5 -5.5 -2.5 7
6.5 -4.5 -2.5 7
6.5 -4.5 -3.5 5
6.5 -5.5 -3.5 7
7.5 -5.5 -3.5 7
7.5 -6.5 -3.5 7
7.5 -7.5 -3.5 7
6.5 -7.5 -3.5 7
6.5 -7.5 -2.5 5
7.5 -7.5 -2.5 7
7.5 -6.5 -2.5 7
6.5 -6.5 -2.5 7
6.5 -6.5 -3.5 5
5.5 -6.5 -3.5 7
5.5 -7.5 -3.5 7
4.5 -7.5 -3.5 7
4.5 -7.5 -2.5 5
5.5 -7.5 -2.5 7
5.5 -6.5 -2.5 7
4.5 -6.5 -2.5 7
4.5 -6.5 -3.5 5
4.5 -5.5 -3.5 7
5.5 -5.5 -3.5 7
5.5 -5.5 -2.5 5
5.5 -4.5 -2.5 7
5.5 -4.5 -3.5 5
4.5 -4.5 -3.5 7
4.5 -4.5 -2.5 5
4.5 -5.5 -2.5 7
4.5 -5.5 -1.5 6
5.5 -5.5 -1.5 7
5.5 -5.5 -0.5 1
5.5 -4.5 -0.5 7
5.5 -4.5 -1.5 1
4.5 -4.5 -1.5 7
4.5 -4.5 -0.5 1
4.5 -5.5 -0.5 7
4.5 -6.5 -0.5 7
4.5 -7.5 -0.5 7
5.5 -7.5 -0.5 7
5.5 -7.5 -1.5 1
4.5 -7.5 -1.5 7
4.5 -6.5 -1.5 7
5.5 -6.5 -1.5 7
5.5 -6.5 -0.5 1
6.5 -6.5 -0.5 7
6.5 -7.5 -0.5 7
7.5 -7.5 -0.5 7
7.5 -7.5 -1.5 1
6.5 -7.5 -1.5 7
6.5 -6.5 -1.5 7
7.5 -6.5 -1.5 7
7.5 -6.5 -0.5 1
7.5 -5.5 -0.5 7
7.5 -5.5 -1.5 1
7.5 -4.5 -1.5 7
6.5 -4.5 -1.5 7
6.5 -5.5 -1.5 7
6.5 -5.5 -0.5 1
6.5 -4.5 -0.5 7
7.5 -4.5 -0.5 7
7.5 -3.5 -0.5 7
6.5 -3.5 -0.5 7
6.5 -3.5 -1.5 1
6.5 -2.5 -1.5 7
6.5 -2.5 -0.5 1
7.5 -2.5 -0.5 7
7.5 -2.5 -1.5 1
7.5 -3.5 -1.5 7
7.5 -3.5 -2.5 6
7.5 -3.5 -3.5 5
7.5 -2.5 -3.5 7
6.5 -2.5 -3.5 7
6.5 -3.5 -3.5 7
6.5 -3.5 -2.5 5
6.5 -2.5 -2.5 7
7.5 -2.5 -2.5 7
7.5 -1.5 -2.5 7
7.5 -1.5 -3.5 5
7.5 -0.5 -3.5 7
6.5 -0.5 -3.5 7
6.5 -1.5 -3.5 7
6.5 -1.5 -2.5 5
6.5 -0.5 -2.5 7
7.5 -0.5 -2.5 7
7.5 -0.5 -1.5 6
7.5 -1.5 -1.5 7
6.5 -1.5 -1.5 7
6.5 -1.5 -0.5 1
7.5 -1.5 -0.5 7
7.5 -0.5 -0.5 7
6.5 -0.5 -0.5 7
6.5 -0.5 -1.5 1
5.5 -0.5 -1.5 7
5.5 -1.5 -1.5 7
4.5 -1.5 -1.5 7
4.5 -1.5 -0.5 1
5.5 -1.5 -0.5 7
5.5 -0.5 -0.5 7
4.5 -0.5 -0.5 7
4.5 -0.5 -1.5 1
4.5 -0.5 -2.5 6
4.5 -0.5 -3.5 5
4.5 -1.5 -3.5 7
5.5 -1.5 -3.5 7
5.5 -0.5 -3.5 7
5.5 -0.5 -2.5 5
5.5 -1.5 -2.5 7
4.5 -1.5 -2.5 7
4.5 -2.5 -2.5 7
4.5 -2.5 -3.5 5
4.5 -3.5 -3.5 7
5.5 -3.5 -3.5 7
5.5 -2.5 -3.5 7
5.5 -2.5 -2.5 5
5.5 -3.5 -2.5 7
4.5 -3.5 -2.5 7
4.5 -3.5 -1.5 6
5.5 -3.5 -1.5 7
5.5 -3.5 -0.5 1
5.5 -2.5 -0.5 7
5.5 -2.5 -1.5 1
4.5 -2.5 -1.5 7
4.5 -2.5 -0.5 1
4.5 -3.5 -0.5 7
3.5 -3.5 -0.5 7
2.5 -3.5 -0.5 7
2.5 -3.5 -1.5 1
2.5 -2.5 -1.5 7
2.5 -2.5 -0.5 1
3.5 -2.5 -0.5 7
3.5 -2.5 -1.5 1
3.5 -3.5 -1.5 7
3.5 -3.5 -2.5 6
3.5 -3.5 -3.5 5
3.5 -2.5 -3.5 7
2.5 -2.5 -3.5 7
2.5 -3.5 -3.5 7
2.5 -3.5 -2.5 5
2.5 -2.5 -2.5 7
3.5 -2.5 -2.5 7
3.5 -1.5 -2.5 7
3.5 -1.5 -3.5 5
3.5 -0.5 -3.5 7
2.5 -0.5 -3.5 7
2.5 -1.5 -3.5 7
2.5 -1.5 -2.5 5
2.5 -0.5 -2.5 7
3.5 -0.5 -2.5 7
3.5 -0.5 -1.5 6
3.5 -1.5 -1.5 7
2.5 -1.5 -1.5 7
2.5 -1.5 -0.5 1
3.5 -1.5 -0.5 7
3.5 -0.5 -0.5 7
2.5 -0.5 -0.5 7
2.5 -0.5 -1.5 1
1.5 -0.5 -1.5 7
1.5 -1.5 -1.5 7
0.5 -1.5 -1.5 7
0.5 -1.5 -0.5 1
1.5 -1.5 -0.5 7
1.5 -0.5 -0.5 7
0.5 -0.5 -0.5 7
0.5 -0.5 -1.5 1
0.5 -0.5 -2.5 6
0.5 -0.5 -3.5 5
0.5 -1.5 -3.5 7
1.5 -1.5 -3.5 7
1.5 -0.5 -3.5 7
1.5 -0.5 -2.5 5
1.5 -1.5 -2.5 7
0.5 -1.5 -2.5 7
0.5 -2.5 -2.5 7
0.5 -2.5 -3.5 5
0.5 -3.5 -3.5 7
1.5 -3.5 -3.5 7
1.5 -2.5 -3.5 7
1.5 -2.5 -2.5 5
1.5 -3.5 -2.5 7
0.5 -3.5 -2.5 7
0.5 -3.5 -1.5 6
1.5 -3.5 -1.5 7
1.5 -3.5 -0.5 1
1.5 -2.5 -0.5 7
1.5 -2.5 -1.5 1
0.5 -2.5 -1.5 7
0.5 -2.5 -0.5 1
0.5 -3.5 -0.5 7
0.5 -4.5 -0.5 7
0.5 -5.5 -0.5 7
1.5 -5.5 -0.5 7
1.5 -5.5 -1.5 1
0.5 -5.5 -1.5 7
0.5 -4.5 -1.5 7
1.5 -4.5 -1.5 7
1.5 -4.5 -0.5 1
2.5 -4.5 -0.5 7
3.5 -4.5 -0.5 7
3.5 -4.5 -1.5 1
3.5 -5.5 -1.5 7
3.5 -5.5 -0.5 1
2.5 -5.5 -0.5 7
2.5 -5.5 -1.5 1
2.5 -4.5 -1.5 7
2.5 -4.5 -2.5 6
3.5 -4.5 -2.5 7
3.5 -4.5 -3.5 5
3.5 -5.5 -3.5 7
3.5 -5.5 -2.5 5
2.5 -5.5 -2.5 7
2.5 -5.5 -3.5 5
2.5 -4.5 -3.5 7
1.5 -4.5 -3.5 7
1.5 -4.5 -2.5 5
1.5 -5.5 -2.5 7
0.5 -5.5 -2.5 7
0.5 -4.5 -2.5 7
0.5 -4.5 -3.5 5
0.5 -5.5 -3.5 7
1.5 -5.5 -3.5 7
1.5 -6.5 -3.5 7
1.5 -6.5 -2.5 5
1.5 -7.5 -2.5 7
0.5 -7.5 -2.5 7
0.5 -6.5 -2.5 7
0.5 -6.5 -3.5 5
0.5 -7.5 -3.5 7
1.5 -7.5 -3.5 7
2.5 -7.5 -3.5 7
3.5 -7.5 -3.5 7
3.5 -7.5 -2.5 5
3.5 -6.5 -2.5 7
3.5 -6.5 -3.5 5
2.5 -6.5 -3.5 7
2.5 -6.5 -2.5 5
2.5 -7.5 -2.5 7
2.5 -7.5 -1.5 6
3.5 -7.5 -1.5 7
3.5 -7.5 -0.5 1
3.5 -6.5 -0.5 7
3.5 -6.5 -1.5 1
2.5 -6.5 -1.5 7
2.5 -6.5 -0.5 1
2.5 -7.5 -0.5 7
1.5 -7.5 -0.5 7
1.5 -6.5 -0.5 7
0.5 -6.5 -0.5 7
0.5 -6.5 -1.5 1
1.5 -6.5 -1.5 7
1.5 -7.5 -1.5 7
0.5 -7.5 -1.5 7
0.5 -7.5 -0.5 1
0.5 -7.5 0.5 2
0.5 -6.5 0.5 7
1.5 -6.5 0.5 7
1.5 -6.5 1.5 3
0.5 -6.5 1.5 7
0.5 -7.5 1.5 7
1.5 -7.5 1.5 7
1.5 -7.5 0.5 3
2.5 -7.5 0.5 7
3.5 -7.5 0.5 7
3.5 -7.5 1.5 3
3.5 -6.5 1.5 7
3.5 -6.5 0.5 3
2.5 -6.5 0.5 7
2.5 -6.5 1.5 3
2.5 -7.5 1.5 7
2.5 -7.5 2.5 4
3.5 -7.5 2.5 7
3.5 -7.5 3.5 5
3.5 -6.5 3.5 7
3.5 -6.5 2.5 5
2.5 -6.5 2.5 7
2.5 -6.5 3.5 5
2.5 -7.5 3.5 7
1.5 -7.5 3.5 7
1.5 -7.5 2.5 5
1.5 -6.5 2.5 7
0.5 -6.5 2.5 7
0.5 -7.5 2.5 7
0.5 -7.5 3.5 5
0.5 -6.5 3.5 7
1.5 -6.5 3.5 7
1.5 -5.5 3.5 7
1.5 -5.5 2.5 5
1.5 -4.5 2.5 7
0.5 -4.5 2.5 7
0.5 -5.5 2.5 7
0.5 -5.5 3.5 5
0.5 -4.5 3.5 7
1.5 -4.5 3.5 7
2.5 -4.5 3.5 7
3.5 -4.5 3.5 7
3.5 -4.5 2.5 5
3.5 -5.5 2.5 7
3.5 -5.5 3.5 5
2.5 -5.5 3.5 7
2.5 -5.5 2.5 5
2.5 -4.5 2.5 7
2.5 -4.5 1.5 4
3.5 -4.5 1.5 7
3.5 -4.5 0.5 3
3.5 -5.5 0.5 7
3.5 -5.5 1.5 3
2.5 -5.5 1.5 7
2.5 -5.5 0.5 3
2.5 -4.5 0.5 7
1.5 -4.5 0.5 7
1.5 -5.5 0.5 7
0.5 -5.5 0.5 7
0.5 -5.5 1.5 3
1.5 -5.5 1.5 7
1.5 -4.5 1.5 7
0.5 -4.5 1.5 7
0.5 -4.5 0.5 3
0.5 -3.5 0.5 7
1.5 -3.5 0.5 7
1.5 -3.5 1.5 3
1.5 -2.5 1.5 7
1.5 -2.5 0.5 3
0.5 -2.5 0.5 7
0.5 -2.5 1.5 3
0.5 -3.5 1.5 7
0.5 -3.5 2.5 4
0.5 -3.5 3.5 5
0.5 -2.5 3.5 7
1.5 -2.5 3.5 7
1.5 -3.5 3.5 7
1.5 -3.5 2.5 5
1.5 -2.5 2.5 7
0.5 -2.5 2.5 7
0.5 -1.5 2.5 7
0.5 -1.5 3.5 5
0.5 -0.5 3.5 7
1.5 -0.5 3.5 7
1.5 -1.5 3.5 7
1.5 -1.5 2.5 5
1.5 -0.5 2.5 7
0.5 -0.5 2.5 7
0.5 -0.5 1.5 4
0.5 -1.5 1.5 7
1.5 -1.5 1.5 7
1.5 -1.5 0.5 3
0.5 -1.5 0.5 7
0.5 -0.5 0.5 7
1.5 -0.5 0.5 7
1.5 -0.5 1.5 3
2.5 -0.5 1.5 7
2.5 -1.5 1.5 7
3.5 -1.5 1.5 7
3.5 -1.5 0.5 3
2.5 -1.5 0.5 7
2.5 -0.5 0.5 7
3.5 -0.5 0.5 7
3.5 -0.5 1.5 3
3.5 -0.5 2.5 4
3.5 -0.5 3.5 5
3.5 -1.5 3.5 7
2.5 -1.5 3.5 7
2.5 -0.5 3.5 7
2.5 -0.5 2.5 5
2.5 -1.5 2.5 7
3.5 -1.5 2.5 7
3.5 -2.5 2.5 7
3.5 -2.5 3.5 5
3.5 -3.5 3.5 7
2.5 -3.5 3.5 7
2.5 -2.5 3.5 7
2.5 -2.5 2.5 5
2.5 -3.5 2.5 7
3.5 -3.5 2.5 7
3.5 -3.5 1.5 4
2.5 -3.5 1.5 7
2.5 -3.5 0.5 3
2.5 -2.5 0.5 7
2.5 -2.5 1.5 3
3.5 -2.5 1.5 7
3.5 -2.5 0.5 3
3.5 -3.5 0.5 7
4.5 -3.5 0.5 7
5.5 -3.5 0.5 7
5.5 -3.5 1.5 3
5.5 -2.5 1.5 7
5.5 -2.5 0.5 3
4.5 -2.5 0.5 7
4.5 -2.5 1.5 3
4.5 -3.5 1.5 7
4.5 -3.5 2.5 4
4.5 -3.5 3.5 5
4.5 -2.5 3.5 7
5.5 -2.5 3.5 7
5.5 -3.5 3.5 7
5.5 -3.5 2.5 5
5.5 -2.5 2.5 7
4.5 -2.5 2.5 7
4.5 -1.5 2.5 7
4.5 -1.5 3.5 5
4.5 -0.5 3.5 7
5.5 -0.5 3.5 7
5.5 -1.5 3.5 7
5.5 -1.5 2.5 5
5.5 -0.5 2.5 7
4.5 -0.5 2.5 7
4.5 -0.5 1.5 4
4.5 -1.5 1.5 7
5.5 -1.5 1.5 7
5.5 -1.5 0.5 3
4.5 -1.5 0.5 7
4.5 -0.5 0.5 7
5.5 -0.5 0.5 7
5.5 -0.5 1.5 3
6.5 -0.5 1.5 7
6.5 -1.5 1.5 7
7.5 -1.5 1.5 7
7.5 -1.5 0.5 3
6.5 -1.5 0.5 7
6.5 -0.5 0.5 7
7.5 -0.5 0.5 7
7.5 -0.5 1.5 3
7.5 -0.5 2.5 4
7.5 -0.5 3.5 5
7.5 -1.5 3.5 7
6.5 -1.5 3.5 7
6.5 -0.5 3.5 7
6.5 -0.5 2.5 5
6.5 -1.5 2.5 7
7.5 -1.5 2.5 7
7.5 -2.5 2.5 7
7.5 -2.5 3.5 5
7.5 -3.5 3.5 7
6.5 -3.5 3.5 7
6.5 -2.5 3.5 7
6.5 -2.5 2.5 5
6.5 -3.5 2.5 7
7.5 -3.5 2.5 7
7.5 -3.5 1.5 4
6.5 -3.5 1.5 7
6.5 -3.5 0.5 3
6.5 -2.5 0.5 7
6.5 -2.5 1.5 3
7.5 -2.5 1.5 7
7.5 -2.5 0.5 3
7.5 -3.5 0.5 7
7.5 -4.5 0.5 7
7.5 -4.5 1.5 3
7.5 -5.5 1.5 7
6.5 -5.5 1.5 7
6.5 -4.5 1.5 7
6.5 -4.5 0.5 3
6.5 -5.5 0.5 7
7.5 -5.5 0.5 7
7.5 -6.5 0.5 7
7.5 -7.5 0.5 7
6.5 -7.5 0.5 7
6.5 -7.5 1.5 3
7.5 -7.5 1.5 7
7.5 -6.5 1.5 7
6.5 -6.5 1.5 7
6.5 -6.5 0.5 3
5.5 -6.5 0.5 7
5.5 -7.5 0.5 7
4.5 -7.5 0.5 7
4.5 -7.5 1.5 3
5.5 -7.5 1.5 7
5.5 -6.5 1.5 7
4.5 -6.5 1.5 7
4.5 -6.5 0.5 3
4.5 -5.5 0.5 7
5.5 -5.5 0.5 7
5.5 -5.5 1.5 3
5.5 -4.5 1.5 7
5.5 -4.5 0.5 3
4.5 -4.5 0.5 7
4.5 -4.5 1.5 3
4.5 -5.5 1.5 7
4.5 -5.5 2.5 4
5.5 -5.5 2.5 7
5.5 -5.5 3.5 5
5.5 -4.5 3.5 7
5.5 -4.5 2.5 5
4.5 -4.5 2.5 7
4.5 -4.5 3.5 5
4.5 -5.5 3.5 7
4.5 -6.5 3.5 7
4.5 -7.5 3.5 7
5.5 -7.5 3.5 7
5.5 -7.5 2.5 5
4.5 -7.5 2.5 7
4.5 -6.5 2.5 7
5.5 -6.5 2.5 7
5.5 -6.5 3.5 5
6.5 -6.5 3.5 7
6.5 -7.5 3.5 7
7.5 -7.5 3.5 7
7.5 -7.5 2.5 5
6.5 -7.5 2.5 7
6.5 -6.5 2.5 7
7.5 -6.5 2.5 7
7.5 -6.5 3.5 5
7.5 -5.5 3.5 7
7.5 -5.5 2.5 5
7.5 -4.5 2.5 7
6.5 -4.5 2.5 7
6.5 -5.5 2.5 7
6.5 -5.5 3.5 5
6.5 -4.5 3.5 7
7.5 -4.5 3.5 7
7.5 -4.5 4.5 6
7.5 -4.5 5.5 1
7.5 -5.5 5.5 7
6.5 -5.5 5.5 7
6.5 -4.5 5.5 7
6.5 -4.5 4.5 1
6.5 -5.5 4.5 7
7.5 -5.5 4.5 7
7.5 -6.5 4.5 7
7.5 -7.5 4.5 7
6.5 -7.5 4.5 7
6.5 -7.5 5.5 1
7.5 -7.5 5.5 7
7.5 -6.5 5.5 7
6.5 -6.5 5.5 7
6.5 -6.5 4.5 1
5.5 -6.5 4.5 7
5.5 -7.5 4.5 7
4.5 -7.5 4.5 7
4.5 -7.5 5.5 1
5.5 -7.5 5.5 7
5.5 -6.5 5.5 7
4.5 -6.5 5.5 7
4.5 -6.5 4.5 1
4.5 -5.5 4.5 7
5.5 -5.5 4.5 7
5.5 -5.5 5.5 1
5.5 -4.5 5.5 7
5.5 -4.5 4.5 1
4.5 -4.5 4.5 7
4.5 -4.5 5.5 1
4.5 -5.5 5.5 7
4.5 -5.5 6.5 2
5.5 -5.5 6.5 7
5.5 -5.5 7.5 3
5.5 -4.5 7.5 7
5.5 -4.5 6.5 3
4.5 -4.5 6.5 7
4.5 -4.5 7.5 3
4.5 -5.5 7.5 7
4.5 -6.5 7.5 7
4.5 -7.5 7.5 7
5.5 -7.5 7.5 7
5.5 -7.5 6.5 3
4.5 -7.5 6.5 7
4.5 -6.5 6.5 7
5.5 -6.5 6.5 7
5.5 -6.5 7.5 3
6.5 -6.5 7.5 7
6.5 -7.5 7.5 7
7.5 -7.5 7.5 7
7.5 -7.5 6.5 3
6.5 -7.5 6.5 7
6.5 -6.5 6.5 7
7.5 -6.5 6.5 7
7.5 -6.5 7.5 3
7.5 -5.5 7.5 7
7.5 -5.5 6.5 3
7.5 -4.5 6.5 7
6.5 -4.5 6.5 7
6.5 -5.5 6.5 7
6.5 -5.5 7.5 3
6.5 -4.5 7.5 7
7.5 -4.5 7.5 7
7.5 -3.5 7.5 7
6.5 -3.5 7.5 7
6.5 -3.5 6.5 3
6.5 -2.5 6.5 7
6.5 -2.5 7.5 3
7.5 -2.5 7.5 7
7.5 -2.5 6.5 3
7.5 -3.5 6.5 7
7.5 -3.5 5.5 2
7.5 -3.5 4.5 1
7.5 -2.5 4.5 7
6.5 -2.5 4.5 7
6.5 -3.5 4.5 7
6.5 -3.5 5.5 1
6.5 -2.5 5.5 7
7.5 -2.5 5.5 7
7.5 -1.5 5.5 7
7.5 -1.5 4.5 1
7.5 -0.5 4.5 7
6.5 -0.5 4.5 7
6.5 -1.5 4.5 7
6.5 -1.5 5.5 1
6.5 -0.5 5.5 7
7.5 -0.5 5.5 7
7.5 -0.5 6.5 2
7.5 -1.5 6.5 7
6.5 -1.5 6.5 7
6.5 -1.5 7.5 3
7.5 -1.5 7.5 7
7.5 -0.5 7.5 7
6.5 -0.5 7.5 7
6.5 -0.5 6.5 3
5.5 -0.5 6.5 7
5.5 -1.5 6.5 7
4.5 -1.5 6.5 7
4.5 -1.5 7.5 3
5.5 -1.5 7.5 7
5.5 -0.5 7.5 7
4.5 -0.5 7.5 7
4.5 -0.5 6.5 3
4.5 -0.5 5.5 2
4.5 -0.5 4.5 1
4.5 -1.5 4.5 7
5.5 -1.5 4.5 7
5.5 -0.5 4.5 7
5.5 -0.5 5.5 1
5.5 -1.5 5.5 7
4.5 -1.5 5.5 7
4.5 -2.5 5.5 7
4.5 -2.5 4.5 1
4.5 -3.5 4.5 7
5.5 -3.5 4.5 7
5.5 -2.5 4.5 7
5.5 -2.5 5.5 1
5.5 -3.5 5.5 7
4.5 -3.5 5.5 7
4.5 -3.5 6.5 2
5.5 -3.5 6.5 7
5.5 -3.5 7.5 3
5.5 -2.5 7.5 7
5.5 -2.5 6.5 3
4.5 -2.5 6.5 7
4.5 -2.5 7.5 3
4.5 -3.5 7.5 7
3.5 -3.5 7.5 7
2.5 -3.5 7.5 7
2.5 -3.5 6.5 3
2.5 -2.5 6.5 7
2.5 -2.5 7.5 3
3.5 -2.5 7.5 7
3.5 -2.5 6.5 3
3.5 -3.5 6.5 7
3.5 -3.5 5.5 2
3.5 -3.5 4.5 1
3.5 -2.5 4.5 7
2.5 -2.5 4.5 7
2.5 -3.5 4.5 7
2.5 -3.5 5.5 1
2.5 -2.5 5.5 7
3.5 -2.5 5.5 7
3.5 -1.5 5.5 7
3.5 -1.5 4.5 1
3.5 -0.5 4.5 7
2.5 -0.5 4.5 7
2.5 -1.5 4.5 7
2.5 -1.5 5.5 1
2.5 -0.5 5.5 7
3.5 -0.5 5.5 7
3.5 -0.5 6.5 2
3.5 -1.5 6.5 7
2.5 -1.5 6.5 7
2.5 -1.5 7.5 3
3.5 -1.5 7.5 7
3.5 -0.5 7.5 7
2.5 -0.5 7.5 7
2.5 -0.5 6.5 3
1.5 -0.5 6.5 7
1.5 -1.5 6.5 7
0.5 -1.5 6.5 7
0.5 -1.5 7.5 3
1.5 -1.5 7.5 7
1.5 -0.5 7.5 7
0.5 -0.5 7.5 7
0.5 -0.5 6.5 3
0.5 -0.5 5.5 2
0.5 -0.5 4.5 1
0.5 -1.5 4.5 7
1.5 -1.5 4.5 7
1.5 -0.5 4.5 7
1.5 -0.5 5.5 1
1.5 -1.5 5.5 7
0.5 -1.5 5.5 7
0.5 -2.5 5.5 7
0.5 -2.5 4.5 1
0.5 -3.5 4.5 7
1.5 -3.5 4.5 7
1.5 -2.5 4.5 7
1.5 -2.5 5.5 1
1.5 -3.5 5.5 7
0.5 -3.5 5.5 7
0.5 -3.5 6.5 2
1.5 -3.5 6.5 7
1.5 -3.5 7.5 3
1.5 -2.5 7.5 7
1.5 -2.5 6.5 3
0.5 -2.5 6.5 7
0.5 -2.5 7.5 3
0.5 -3.5 7.5 7
0.5 -4.5 7.5 7
0.5 -5.5 7.5 7
1.5 -5.5 7.5 7
1.5 -5.5 6.5 3
0.5 -5.5 6.5 7
0.5 -4.5 6.5 7
1.5 -4.5 6.5 7
1.5 -4.5 7.5 3
2.5 -4.5 7.5 7
3.5 -4.5 7.5 7
3.5 -4.5 6.5 3
3.5 -5.5 6.5 7
3.5 -5.5 7.5 3
2.5 -5.5 7.5 7
2.5 -5.5 6.5 3
2.5 -4.5 6.5 7
2.5 -4.5 5.5 2
3.5 -4.5 5.5 7
3.5 -4.5 4.5 1
3.5 -5.5 4.5 7
3.5 -5.5 5.5 1
2.5 -5.5 5.5 7
2.5 -5.5 4.5 1
2.5 -4.5 4.5 7
1.5 -4.5 4.5 7
1.5 -4.5 5.5 1
1.5 -5.5 5.5 7
0.5 -5.5 5.5 7
0.5 -4.5 5.5 7
0.5 -4.5 4.5 1
0.5 -5.5 4.5 7
1.5 -5.5 4.5 7
1.5 -6.5 4.5 7
1.5 -6.5 5.5 1
1.5 -7.5 5.5 7
0.5 -7.5 5.5 7
0.5 -6.5 5.5 7
0.5 -6.5 4.5 1
0.5 -7.5 4.5 7
1.5 -7.5 4.5 7
2.5 -7.5 4.5 7
3.5 -7.5 4.5 7
3.5 -7.5 5.5 1
3.5 -6.5 5.5 7
3.5 -6.5 4.5 1
2.5 -6.5 4.5 7
2.5 -6.5 5.5 1
2.5 -7.5 5.5 7
2.5 -7.5 6.5 2
3.5 -7.5 6.5 7
3.5 -7.5 7.5 3
3.5 -6.5 7.5 7
3.5 -6.5 6.5 3
2.5 -6.5 6.5 7
2.5 -6.5 7.5 3
2.5 -7.5 7.5 7
1.5 -7.5 7.5 7
1.5 -6.5 7.5 7
0.5 -6.5 7.5 7
0.5 -6.5 6.5 3
1.5 -6.5 6.5 7
1.5 -7.5 6.5 7
0.5 -7.5 6.5 7
0.5 -7.5 7.5 3
-0.5 -7.5 7.5 7
-1.5 -7.5 7.5 7
-1.5 -7.5 6.5 3
-1.5 -6.5 6.5 7
-1.5 -6.5 7.5 3
-0.5 -6.5 7.5 7
-0.5 -6.5 6.5 3
-0.5 -7.5 6.5 7
-0.5 -7.5 5.5 2
-0.5 -7.5 4.5 1
-0.5 -6.5 4.5 7
-1.5 -6.5 4.5 7
-1.5 -7.5 4.5 7
-1.5 -7.5 5.5 1
-1.5 -6.5 5.5 7
-0.5 -6.5 5.5 7
-0.5 -5.5 5.5 7
-0.5 -5.5 4.5 1
-0.5 -4.5 4.5 7
-1.5 -4.5 4.5 7
-1.5 -5.5 4.5 7
-1.5 -5.5 5.5 1
-1.5 -4.5 5.5 7
-0.5 -4.5 5.5 7
-0.5 -4.5 6.5 2
-0.5 -5.5 6.5 7
-1.5 -5.5 6.5 7
-1.5 -5.5 7.5 3
-0.5 -5.5 7.5 7
-0.5 -4.5 7.5 7
-1.5 -4.5 7.5 7
-1.5 -4.5 6.5 3
-2.5 -4.5 6.5 7
-2.5 -5.5 6.5 7
-3.5 -5.5 6.5 7
-3.5 -5.5 7.5 3
-2.5 -5.5 7.5 7
-2.5 -4.5 7.5 7
-3.5 -4.5 7.5 7
-3.5 -4.5 6.5 3
-3.5 -4.5 5.5 2
-3.5 -4.5 4.5 1
-3.5 -5.5 4.5 7
-2.5 -5.5 4.5 7
-2.5 -4.5 4.5 7
-2.5 -4.5 5.5 1
-2.5 -5.5 5.5 7
-3.5 -5.5 5.5 7
-3.5 -6.5 5.5 7
-3.5 -6.5 4.5 1
-3.5 -7.5 4.5 7
-2.5 -7.5 4.5 7
-2.5 -6.5 4.5 7
-2.5 -6.5 5.5 1
-2.5 -7.5 5.5 7
-3.5 -7.5 5.5 7
-3.5 -7.5 6.5 2
-2.5 -7.5 6.5 7
-2.5 -7.5 7.5 3
-2.5 -6.5 7.5 7
-2.5 -6.5 6.5 3
-3.5 -6.5 6.5 7
-3.5 -6.5 7.5 3
-3.5 -7.5 7.5 7
-4.5 -7.5 7.5 7
-4.5 -7.5 6.5 3
-4.5 -6.5 6.5 7
-5.5 -6.5 6.5 7
-5.5 -7.5 6.5 7
-5.5 -7.5 7.5 3
-5.5 -6.5 7.5 7
-4.5 -6.5 7.5 7
-4.5 -5.5 7.5 7
-4.5 -4.5 7.5 7
-5.5 -4.5 7.5 7
-5.5 -4.5 6.5 3
-4.5 -4.5 6.5 7
-4.5 -5.5 6.5 7
-5.5 -5.5 6.5 7
-5.5 -5.5 7.5 3
-6.5 -5.5 7.5 7
-6.5 -4.5 7.5 7
-7.5 -4.5 7.5 7
-7.5 -4.5 6.5 3
-6.5 -4.5 6.5 7
-6.5 -5.5 6.5 7
-7.5 -5.5 6.5 7
-7.5 -5.5 7.5 3
-7.5 -6.5 7.5 7
-6.5 -6.5 7.5 7
-6.5 -6.5 6.5 3
-6.5 -7.5 6.5 7
-6.5 -7.5 7.5 3
-7.5 -7.5 7.5 7
-7.5 -7.5 6.5 3
-7.5 -6.5 6.5 7
-7.5 -6.5 5.5 2
-6.5 -6.5 5.5 7
-6.5 -6.5 4.5 1
-6.5 -7.5 4.5 7
-6.5 -7.5 5.5 1
-7.5 -7.5 5.5 7
-7.5 -7.5 4.5 1
-7.5 -6.5 4.5 7
-7.5 -5.5 4.5 7
-7.5 -4.5 4.5 7
-6.5 -4.5 4.5 7
-6.5 -4.5 5.5 1
-7.5 -4.5 5.5 7
-7.5 -5.5 5.5 7
-6.5 -5.5 5.5 7
-6.5 -5.5 4.5 1
-5.5 -5.5 4.5 7
-5.5 -4.5 4.5 7
-4.5 -4.5 4.5 7
-4.5 -4.5 5.5 1
-5.5 -4.5 5.5 7
-5.5 -5.5 5.5 7
-4.5 -5.5 5.5 7
-4.5 -5.5 4.5 1
-4.5 -6.5 4.5 7
-4.5 -6.5 5.5 1
-4.5 -7.5 5.5 7
-5.5 -7.5 5.5 7
-5.5 -6.5 5.5 7
-5.5 -6.5 4.5 1
-5.5 -7.5 4.5 7
-4.5 -7.5 4.5 7
-4.5 -7.5 3.5 6
-4.5 -7.5 2.5 5
-4.5 -6.5 2.5 7
-5.5 -6.5 2.5 7
-5.5 -7.5 2.5 7
-5.5 -7.5 3.5 5
-5.5 -6.5 3.5 7
-4.5 -6.5 3.5 7
-4.5 -5.5 3.5 7
-4.5 -4.5 3.5 7
-5.5 -4.5 3.5 7
-5.5 -4.5 2.5 5
-4.5 -4.5 2.5 7
-4.5 -5.5 2.5 7
-5.5 -5.5 2.5 7
-5.5 -5.5 3.5 5
-6.5 -5.5 3.5 7
-6.5 -4.5 3.5 7
-7.5 -4.5 3.5 7
-7.5 -4.5 2.5 5
-6.5 -4.5 2.5 7
-6.5 -5.5 2.5 7
-7.5 -5.5 2.5 7
-7.5 -5.5 3.5 5
-7.5 -6.5 3.5 7
-6.5 -6.5 3.5 7
-6.5 -6.5 2.5 5
-6.5 -7.5 2.5 7
-6.5 -7.5 3.5 5
-7.5 -7.5 3.5 7
-7.5 -7.5 2.5 5
-7.5 -6.5 2.5 7
-7.5 -6.5 1.5 4
-6.5 -6.5 1.5 7
-6.5 -6.5 0.5 3
-6.5 -7.5 0.5 7
-6.5 -7.5 1.5 3
-7.5 -7.5 1.5 7
-7.5 -7.5 0.5 3
-7.5 -6.5 0.5 7
-7.5 -5.5 0.5 7
-7.5 -4.5 0.5 7
-6.5 -4.5 0.5 7
-6.5 -4.5 1.5 3
-7.5 -4.5 1.5 7
-7.5 -5.5 1.5 7
-6.5 -5.5 1.5 7
-6.5 -5.5 0.5 3
-5.5 -5.5 0.5 7
-5.5 -4.5 0.5 7
-4.5 -4.5 0.5 7
-4.5 -4.5 1.5 3
-5.5 -4.5 1.5 7
-5.5 -5.5 1.5 7
-4.5 -5.5 1.5 7
-4.5 -5.5 0.5 3
-4.5 -6.5 0.5 7
-4.5 -6.5 1.5 3
-4.5 -7.5 1.5 7
-5.5 -7.5 1.5 7
-5.5 -6.5 1.5 7
-5.5 -6.5 0.5 3
-5.5 -7.5 0.5 7
-4.5 -7.5 0.5 7
-3.5 -7.5 0.5 7
-3.5 -6.5 0.5 7
-2.5 -6.5 0.5 7
-2.5 -6.5 1.5 3
-3.5 -6.5 1.5 7
-3.5 -7.5 1.5 7
-2.5 -7.5 1.5 7
-2.5 -7.5 0.5 3
-1.5 -7.5 0.5 7
-0.5 -7.5 0.5 7
-0.5 -7.5 1.5 3
-0.5 -6.5 1.5 7
-0.5 -6.5 0.5 3
-1.5 -6.5 0.5 7
-1.5 -6.5 1.5 3
-1.5 -7.5 1.5 7
-1.5 -7.5 2.5 4
-0.5 -7.5 2.5 7
-0.5 -7.5 3.5 5
-0.5 -6.5 3.5 7
-0.5 -6.5 2.5 5
-1.5 -6.5 2.5 7
-1.5 -6.5 3.5 5
-1.5 -7.5 3.5 7
-2.5 -7.5 3.5 7
-2.5 -7.5 2.5 5
-2.5 -6.5 2.5 7
-3.5 -6.5 2.5 7
-3.5 -7.5 2.5 7
-3.5 -7.5 3.5 5
-3.5 -6.5 3.5 7
-2.5 -6.5 3.5 7
-2.5 -5.5 3.5 7
-2.5 -5.5 2.5 5
-2.5 -4.5 2.5 7
-3.5 -4.5 2.5 7
-3.5 -5.5 2.5 7
-3.5 -5.5 3.5 5
-3.5 -4.5 3.5 7
-2.5 -4.5 3.5 7
-1.5 -4.5 3.5 7
-0.5 -4.5 3.5 7
-0.5 -4.5 2.5 5
-0.5 -5.5 2.5 7
-0.5 -5.5 3.5 5
-1.5 -5.5 3.5 7
-1.5 -5.5 2.5 5
-1.5 -4.5 2.5 7
-1.5 -4.5 1.5 4
-0.5 -4.5 1.5 7
-0.5 -4.5 0.5 3
-0.5 -5.5 0.5 7
-0.5 -5.5 1.5 3
-1.5 -5.5 1.5 7
-1.5 -5.5 0.5 3
-1.5 -4.5 0.5 7
-2.5 -4.5 0.5 7
-2.5 -5.5 0.5 7
-3.5 -5.5 0.5 7
-3.5 -5.5 1.5 3
-2.5 -5.5 1.5 7
-2.5 -4.5 1.5 7
-3.5 -4.5 1.5 7
-3.5 -4.5 0.5 3
-3.5 -3.5 0.5 7
-3.5 -2.5 0.5 7
-2.5 -2.5 0.5 7
-2.5 -2.5 1.5 3
-3.5 -2.5 1.5 7
-3.5 -3.5 1.5 7
-2.5 -3.5 1.5 7
-2.5 -3.5 0.5 3
-1.5 -3.5 0.5 7
-0.5 -3.5 0.5 7
-0.5 -3.5 1.5 3
-0.5 -2.5 1.5 7
-0.5 -2.5 0.5 3
-1.5 -2.5 0.5 7
-1.5 -2.5 1.5 3
-1.5 -3.5 1.5 7
-1.5 -3.5 2.5 4
-0.5 -3.5 2.5 7
-0.5 -3.5 3.5 5
-0.5 -2.5 3.5 7
-0.5 -2.5 2.5 5
-1.5 -2.5 2.5 7
-1.5 -2.5 3.5 5
-1.5 -3.5 3.5 7
-2.5 -3.5 3.5 7
-2.5 -3.5 2.5 5
-2.5 -2.5 2.5 7
-3.5 -2.5 2.5 7
-3.5 -3.5 2.5 7
-3.5 -3.5 3.5 5
-3.5 -2.5 3.5 7
-2.5 -2.5 3.5 7
-2.5 -1.5 3.5 7
-2.5 -1.5 2.5 5
-2.5 -0.5 2.5 7
-3.5 -0.5 2.5 7
-3.5 -1.5 2.5 7
-3.5 -1.5 3.5 5
-3.5 -0.5 3.5 7
-2.5 -0.5 3.5 7
-1.5 -0.5 3.5 7
-0.5 -0.5 3.5 7
-0.5 -0.5 2.5 5
-0.5 -1.5 2.5 7
-0.5 -1.5 3.5 5
-1.5 -1.5 3.5 7
-1.5 -1.5 2.5 5
-1.5 -0.5 2.5 7
-1.5 -0.5 1.5 4
-0.5 -0.5 1.5 7
-0.5 -0.5 0.5 3
-0.5 -1.5 0.5 7
-0.5 -1.5 1.5 3
-1.5 -1.5 1.5 7
-1.5 -1.5 0.5 3
-1.5 -0.5 0.5 7
-2.5 -0.5 0.5 7
-2.5 -1.5 0.5 7
-3.5 -1.5 0.5 7
-3.5 -1.5 1.5 3
-2.5 -1.5 1.5 7
-2.5 -0.5 1.5 7
-3.5 -0.5 1.5 7
-3.5 -0.5 0.5 3
-4.5 -0.5 0.5 7
-4.5 -0.5 1.5 3
-4.5 -1.5 1.5 7
-5.5 -1.5 1.5 7
-5.5 -0.5 1.5 7
-5.5 -0.5 0.5 3
-5.5 -1.5 0.5 7
-4.5 -1.5 0.5 7
-4.5 -2.5 0.5 7
-4.5 -3.5 0.5 7
-5.5 -3.5 0.5 7
-5.5 -3.5 1.5 3
-4.5 -3.5 1.5 7
-4.5 -2.5 1.5 7
-5.5 -2.5 1.5 7
-5.5 -2.5 0.5 3
-6.5 -2.5 0.5 7
-6.5 -3.5 0.5 7
-7.5 -3.5 0.5 7
-7.5 -3.5 1.5 3
-6.5 -3.5 1.5 7
-6.5 -2.5 1.5 7
-7.5 -2.5 1.5 7
-7.5 -2.5 0.5 3
-7.5 -1.5 0.5 7
-6.5 -1.5 0.5 7
-6.5 -1.5 1.5 3
-6.5 -0.5 1.5 7
-6.5 -0.5 0.5 3
-7.5 -0.5 0.5 7
-7.5 -0.5 1.5 3
-7.5 -1.5 1.5 7
-7.5 -1.5 2.5 4
-6.5 -1.5 2.5 7
-6.5 -1.5 3.5 5
-6.5 -0.5 3.5 7
-6.5 -0.5 2.5 5
-7.5 -0.5 2.5 7
-7.5 -0.5 3.5 5
-7.5 -1.5 3.5 7
-7.5 -2.5 3.5 7
-7.5 -3.5 3.5 7
-6.5 -3.5 3.5 7
-6.5 -3.5 2.5 5
-7.5 -3.5 2.5 7
-7.5 -2.5 2.5 7
-6.5 -2.5 2.5 7
-6.5 -2.5 3.5 5
-5.5 -2.5 3.5 7
-5.5 -3.5 3.5 7
-4.5 -3.5 3.5 7
-4.5 -3.5 2.5 5
-5.5 -3.5 2.5 7
-5.5 -2.5 2.5 7
-4.5 -2.5 2.5 7
-4.5 -2.5 3.5 5
-4.5 -1.5 3.5 7
-4.5 -1.5 2.5 5
-4.5 -0.5 2.5 7
-5.5 -0.5 2.5 7
-5.5 -1.5 2.5 7
-5.5 -1.5 3.5 5
-5.5 -0.5 3.5 7
-4.5 -0.5 3.5 7
-4.5 -0.5 4.5 6
-4.5 -0.5 5.5 1
-4.5 -1.5 5.5 7
-5.5 -1.5 5.5 7
-5.5 -0.5 5.5 7
-5.5 -0.5 4.5 1
-5.5 -1.5 4.5 7
-4.5 -1.5 4.5 7
-4.5 -2.5 4.5 7
-4.5 -3.5 4.5 7
-5.5 -3.5 4.5 7
-5.5 -3.5 5.5 1
-4.5 -3.5 5.5 7
-4.5 -2.5 5.5 7
-5.5 -2.5 5.5 7
-5.5 -2.5 4.5 1
-6.5 -2.5 4.5 7
-6.5 -3.5 4.5 7
-7.5 -3.5 4.5 7
-7.5 -3.5 5.5 1
-6.5 -3.5 5.5 7
-6.5 -2.5 5.5 7
-7.5 -2.5 5.5 7
-7.5 -2.5 4.5 1
-7.5 -1.5 4.5 7
-6.5 -1.5 4.5 7
-6.5 -1.5 5.5 1
-6.5 -0.5 5.5 7
-6.5 -0.5 4.5 1
-7.5 -0.5 4.5 7
-7.5 -0.5 5.5 1
-7.5 -1.5 5.5 7
-7.5 -1.5 6.5 2
-6.5 -1.5 6.5 7
-6.5 -1.5 7.5 3
-6.5 -0.5 7.5 7
-6.5 -0.5 6.5 3
-7.5 -0.5 6.5 7
-7.5 -0.5 7.5 3
-7.5 -1.5 7.5 7
-7.5 -2.5 7.5 7
-7.5 -3.5 7.5 7
-6.5 -3.5 7.5 7
-6.5 -3.5 6.5 3
-7.5 -3.5 6.5 7
-7.5 -2.5 6.5 7
-6.5 -2.5 6.5 7
-6.5 -2.5 7.5 3
-5.5 -2.5 7.5 7
-5.5 -3.5 7.5 7
-4.5 -3.5 7.5 7
-4.5 -3.5 6.5 3
-5.5 -3.5 6.5 7
-5.5 -2.5 6.5 7
-4.5 -2.5 6.5 7
-4.5 -2.5 7.5 3
-4.5 -1.5 7.5 7
-4.5 -1.5 6.5 3
-4.5 -0.5 6.5 7
-5.5 -0.5 6.5 7
-5.5 -1.5 6.5 7
-5.5 -1.5 7.5 3
-5.5 -0.5 7.5 7
-4.5 -0.5 7.5 7
-3.5 -0.5 7.5 7
-2.5 -0.5 7.5 7
-2.5 -0.5 6.5 3
-2.5 -1.5 6.5 7
-2.5 -1.5 7.5 3
-3.5 -1.5 7.5 7
-3.5 -1.5 6.5 3
-3.5 -0.5 6.5 7
-3.5 -0.5 5.5 2
-3.5 -0.5 4.5 1
-3.5 -1.5 4.5 7
-2.5 -1.5 4.5 7
-2.5 -0.5 4.5 7
-2.5 -0.5 5.5 1
-2.5 -1.5 5.5 7
-3.5 -1.5 5.5 7
-3.5 -2.5 5.5 7
-3.5 -2.5 4.5 1
-3.5 -3.5 4.5 7
-2.5 -3.5 4.5 7
-2.5 -2.5 4.5 7
-2.5 -2.5 5.5 1
-2.5 -3.5 5.5 7
-3.5 -3.5 5.5 7
-3.5 -3.5 6.5 2
-3.5 -2.5 6.5 7
-2.5 -2.5 6.5 7
-2.5 -2.5 7.5 3
-3.5 -2.5 7.5 7
-3.5 -3.5 7.5 7
-2.5 -3.5 7.5 7
-2.5 -3.5 6.5 3
-1.5 -3.5 6.5 7
-1.5 -2.5 6.5 7
-0.5 -2.5 6.5 7
-0.5 -2.5 7.5 3
-1.5 -2.5 7.5 7
-1.5 -3.5 7.5 7
-0.5 -3.5 7.5 7
-0.5 -3.5 6.5 3
-0.5 -3.5 5.5 2
-0.5 -3.5 4.5 1
-0.5 -2.5 4.5 7
-1.5 -2.5 4.5 7
-1.5 -3.5 4.5 7
-1.5 -3.5 5.5 1
-1.5 -2.5 5.5 7
-0.5 -2.5 5.5 7
-0.5 -1.5 5.5 7
-0.5 -1.5 4.5 1
-0.5 -0.5 4.5 7
-1.5 -0.5 4.5 7
-1.5 -1.5 4.5 7
-1.5 -1.5 5.5 1
-1.5 -0.5 5.5 7
-0.5 -0.5 5.5 7
-0.5 -0.5 6.5 2
-1.5 -0.5 6.5 7
-1.5 -0.5 7.5 3
-1.5 -1.5 7.5 7
-1.5 -1.5 6.5 3
-0.5 -1.5 6.5 7
-0.5 -1.5 7.5 3
-0.5 -0.5 7.5 7
-0.5 0.5 7.5 7
-1.5 0.5 7.5 7
-1.5 0.5 6.5 3
-1.5 1.5 6.5 7
-1.5 1.5 7.5 3
-0.5 1.5 7.5 7
-0.5 1.5 6.5 3
-0.5 0.5 6.5 7
-0.5 0.5 5.5 2
-0.5 0.5 4.5 1
-0.5 1.5 4.5 7
-1.5 1.5 4.5 7
-1.5 0.5 4.5 7
-1.5 0.5 5.5 1
-1.5 1.5 5.5 7
-0.5 1.5 5.5 7
-0.5 2.5 5.5 7
-0.5 2.5 4.5 1
-0.5 3.5 4.5 7
-1.5 3.5 4.5 7
-1.5 2.5 4.5 7
-1.5 2.5 5.5 1
-1.5 3.5 5.5 7
-0.5 3.5 5.5 7
-0.5 3.5 6.5 2
-0.5 2.5 6.5 7
-1.5 2.5 6.5 7
-1.5 2.5 7.5 3
-0.5 2.5 7.5 7
-0.5 3.5 7.5 7
-1.5 3.5 7.5 7
-1.5 3.5 6.5 3
-2.5 3.5 6.5 7
-2.5 2.5 6.5 7
-3.5 2.5 6.5 7
-3.5 2.5 7.5 3
-2.5 2.5 7.5 7
-2.5 3.5 7.5 7
-3.5 3.5 7.5 7
-3.5 3.5 6.5 3
-3.5 3.5 5.5 2
-3.5 3.5 4.5 1
-3.5 2.5 4.5 7
-2.5 2.5 4.5 7
-2.5 3.5 4.5 7
-2.5 3.5 5.5 1
-2.5 2.5 5.5 7
-3.5 2.5 5.5 7
-3.5 1.5 5.5 7
-3.5 1.5 4.5 1
-3.5 0.5 4.5 7
-2.5 0.5 4.5 7
-2.5 1.5 4.5 7
-2.5 1.5 5.5 1
-2.5 0.5 5.5 7
-3.5 0.5 5.5 7
-3.5 0.5 6.5 2
-2.5 0.5 6.5 7
-2.5 0.5 7.5 3
-2.5 1.5 7.5 7
-2.5 1.5 6.5 3
-3.5 1.5 6.5 7
-3.5 1.5 7.5 3
-3.5 0.5 7.5 7
-4.5 0.5 7.5 7
-4.5 0.5 6.5 3
-4.5 1.5 6.5 7
-5.5 1.5 6.5 7
-5.5 0.5 6.5 7
-5.5 0.5 7.5 3
-5.5 1.5 7.5 7
-4.5 1.5 7.5 7
-4.5 2.5 7.5 7
-4.5 3.5 7.5 7
-5.5 3.5 7.5 7
-5.5 3.5 6.5 3
-4.5 3.5 6.5 7
-4.5 2.5 6.5 7
-5.5 2.5 6.5 7
-5.5 2.5 7.5 3
-6.5 2.5 7.5 7
-6.5 3.5 7.5 7
-7.5 3.5 7.5 7
-7.5 3.5 6.5 3
-6.5 3.5 6.5 7
-6.5 2.5 6.5 7
-7.5 2.5 6.5 7
-7.5 2.5 7.5 3
-7.5 1.5 7.5 7
-6.5 1.5 7.5 7
-6.5 1.5 6.5 3
-6.5 0.5 6.5 7
-6.5 0.5 7.5 3
-7.5 0.5 7.5 7
-7.5 0.5 6.5 3
-7.5 1.5 6.5 7
-7.5 1.5 5.5 2
-6.5 1.5 5.5 7
-6.5 1.5 4.5 1
-6.5 0.5 4.5 7
-6.5 0.5 5.5 1
-7.5 0.5 5.5 7
-7.5 0.5 4.5 1
-7.5 1.5 4.5 7
-7.5 2.5 4.5 7
-7.5 3.5 4.5 7
-6.5 3.5 4.5 7
-6.5 3.5 5.5 1
-7.5 3.5 5.5 7
-7.5 2.5 5.5 7
-6.5 2.5 5.5 7
-6.5 2.5 4.5 1
-5.5 2.5 4.5 7
-5.5 3.5 4.5 7
-4.5 3.5 4.5 7
-4.5 3.5 5.5 1
-5.5 3.5 5.5 7
-5.5 2.5 5.5 7
-4.5 2.5 5.5 7
-4.5 2.5 4.5 1
-4.5 1.5 4.5 7
-4.5 1.5 5.5 1
-4.5 0.5 5.5 7
-5.5 0.5 5.5 7
-5.5 1.5 5.5 7
-5.5 1.5 4.5 1
-5.5 0.5 4.5 7
-4.5 0.5 4.5 7
-4.5 0.5 3.5 6
-4.5 0.5 2.5 5
-4.5 1.5 2.5 7
-5.5 1.5 2.5 7
-5.5 0.5 2.5 7
-5.5 0.5 3.5 5
-5.5 1.5 3.5 7
-4.5 1.5 3.5 7
-4.5 2.5 3.5 7
-4.5 3.5 3.5 7
-5.5 3.5 3.5 7
-5.5 3.5 2.5 5
-4.5 3.5 2.5 7
-4.5 2.5 2.5 7
-5.5 2.5 2.5 7
-5.5 2.5 3.5 5
-6.5 2.5 3.5 7
-6.5 3.5 3.5 7
-7.5 3.5 3.5 7
-7.5 3.5 2.5 5
-6.5 3.5 2.5 7
-6.5 2.5 2.5 7
-7.5 2.5 2.5 7
-7.5 2.5 3.5 5
-7.5 1.5 3.5 7
-6.5 1.5 3.5 7
-6.5 1.5 2.5 5
-6.5 0.5 2.5 7
-6.5 0.5 3.5 5
-7.5 0.5 3.5 7
-7.5 0.5 2.5 5
-7.5 1.5 2.5 7
-7.5 1.5 1.5 4
-6.5 1.5 1.5 7
-6.5 1.5 0.5 3
-6.5 0.5 0.5 7
-6.5 0.5 1.5 3
-7.5 0.5 1.5 7
-7.5 0.5 0.5 3
-7.5 1.5 0.5 7
-7.5 2.5 0.5 7
-7.5 3.5 0.5 7
-6.5 3.5 0.5 7
-6.5 3.5 1.5 3
-7.5 3.5 1.5 7
-7.5 2.5 1.5 7
-6.5 2.5 1.5 7
-6.5 2.5 0.5 3
-5.5 2.5 0.5 7
-5.5 3.5 0.5 7
-4.5 3.5 0.5 7
-4.5 3.5 1.5 3
-5.5 3.5 1.5 7
-5.5 2.5 1.5 7
-4.5 2.5 1.5 7
-4.5 2.5 0.5 3
-4.5 1.5 0.5 7
-4.5 1.5 1.5 3
-4.5 0.5 1.5 7
-5.5 0.5 1.5 7
-5.5 1.5 1.5 7
-5.5 1.5 0.5 3
-5.5 0.5 0.5 7
-4.5 0.5 0.5 7
-3.5 0.5 0.5 7
-3.5 1.5 0.5 7
-2.5 1.5 0.5 7
-2.5 1.5 1.5 3
-3.5 1.5 1.5 7
-3.5 0.5 1.5 7
-2.5 0.5 1.5 7
-2.5 0.5 0.5 3
-1.5 0.5 0.5 7
-0.5 0.5 0.5 7
-0.5 0.5 1.5 3
-0.5 1.5 1.5 7
-0.5 1.5 0.5 3
-1.5 1.5 0.5 7
-1.5 1.5 1.5 3
-1.5 0.5 1.5 7
-1.5 0.5 2.5 4
-0.5 0.5 2.5 7
-0.5 0.5 3.5 5
-0.5 1.5 3.5 7
-0.5 1.5 2.5 5
-1.5 1.5 2.5 7
-1.5 1.5 3.5 5
-1.5 0.5 3.5 7
-2.5 0.5 3.5 7
-2.5 0.5 2.5 5
-2.5 1.5 2.5 7
-3.5 1.5 2.5 7
-3.5 0.5 2.5 7
-3.5 0.5 3.5 5
-3.5 1.5 3.5 7
-2.5 1.5 3.5 7
-2.5 2.5 3.5 7
-2.5 2.5 2.5 5
-2.5 3.5 2.5 7
-3.5 3.5 2.5 7
-3.5 2.5 2.5 7
-3.5 2.5 3.5 5
-3.5 3.5 3.5 7
-2.5 3.5 3.5 7
-1.5 3.5 3.5 7
-0.5 3.5 3.5 7
-0.5 3.5 2.5 5
-0.5 2.5 2.5 7
-0.5 2.5 3.5 5
-1.5 2.5 3.5 7
-1.5 2.5 2.5 5
-1.5 3.5 2.5 7
-1.5 3.5 1.5 4
-0.5 3.5 1.5 7
-0.5 3.5 0.5 3
-0.5 2.5 0.5 7
-0.5 2.5 1.5 3
-1.5 2.5 1.5 7
-1.5 2.5 0.5 3
-1.5 3.5 0.5 7
-2.5 3.5 0.5 7
-2.5 2.5 0.5 7
-3.5 2.5 0.5 7
-3.5 2.5 1.5 3
-2.5 2.5 1.5 7
-2.5 3.5 1.5 7
-3.5 3.5 1.5 7
-3.5 3.5 0.5 3
-3.5 4.5 0.5 7
-3.5 5.5 0.5 7
-2.5 5.5 0.5 7
-2.5 5.5 1.5 3
-3.5 5.5 1.5 7
-3.5 4.5 1.5 7
-2.5 4.5 1.5 7
-2.5 4.5 0.5 3
-1.5 4.5 0.5 7
-0.5 4.5 0.5 7
-0.5 4.5 1.5 3
-0.5 5.5 1.5 7
-0.5 5.5 0.5 3
-1.5 5.5 0.5 7
-1.5 5.5 1.5 3
-1.5 4.5 1.5 7
-1.5 4.5 2.5 4
-0.5 4.5 2.5 7
-0.5 4.5 3.5 5
-0.5 5.5 3.5 7
-0.5 5.5 2.5 5
-1.5 5.5 2.5 7
-1.5 5.5 3.5 5
-1.5 4.5 3.5 7
-2.5 4.5 3.5 7
-2.5 4.5 2.5 5
-2.5 5.5 2.5 7
-3.5 5.5 2.5 7
-3.5 4.5 2.5 7
-3.5 4.5 3.5 5
-3.5 5.5 3.5 7
-2.5 5.5 3.5 7
-2.5 6.5 3.5 7
-2.5 6.5 2.5 5
-2.5 7.5 2.5 7
-3.5 7.5 2.5 7
-3.5 6.5 2.5 7
-3.5 6.5 3.5 5
-3.5 7.5 3.5 7
-2.5 7.5 3.5 7
-1.5 7.5 3.5 7
-0.5 7.5 3.5 7
-0.5 7.5 2.5 5
-0.5 6.5 2.5 7
-0.5 6.5 3.5 5
-1.5 6.5 3.5 7
-1.5 6.5 2.5 5
-1.5 7.5 2.5 7
-1.5 7.5 1.5 4
-0.5 7.5 1.5 7
-0.5 7.5 0.5 3
-0.5 6.5 0.5 7
-0.5 6.5 1.5 3
-1.5 6.5 1.5 7
-1.5 6.5 0.5 3
-1.5 7.5 0.5 7
-2.5 7.5 0.5 7
-2.5 6.5 0.5 7
-3.5 6.5 0.5 7
-3.5 6.5 1.5 3
-2.5 6.5 1.5 7
-2.5 7.5 1.5 7
-3.5 7.5 1.5 7
-3.5 7.5 0.5 3
-4.5 7.5 0.5 7
-4.5 7.5 1.5 3
-4.5 6.5 1.5 7
-5.5 6.5 1.5 7
-5.5 7.5 1.5 7
-5.5 7.5 0.5 3
-5.5 6.5 0.5 7
-4.5 6.5 0.5 7
-4.5 5.5 0.5 7
-4.5 4.5 0.5 7
-5.5 4.5 0.5 7
-5.5 4.5 1.5 3
-4.5 4.5 1.5 7
-4.5 5.5 1.5 7
-5.5 5.5 1.5 7
-5.5 5.5 0.5 3
-6.5 5.5 0.5 7
-6.5 4.5 0.5 7
-7.5 4.5 0.5 7
-7.5 4.5 1.5 3
-6.5 4.5 1.5 7
-6.5 5.5 1.5 7
-7.5 5.5 1.5 7
-7.5 5.5 0.5 3
-7.5 6.5 0.5 7
-6.5 6.5 0.5 7
-6.5 6.5 1.5 3
-6.5 7.5 1.5 7
-6.5 7.5 0.5 3
-7.5 7.5 0.5 7
-7.5 7.5 1.5 3
-7.5 6.5 1.5 7
-7.5 6.5 2.5 4
-6.5 6.5 2.5 7
-6.5 6.5 3.5 5
-6.5 7.5 3.5 7
-6.5 7.5 2.5 5
-7.5 7.5 2.5 7
-7.5 7.5 3.5 5
-7.5 6.5 3.5 7
-7.5 5.5 3.5 7
-7.5 4.5 3.5 7
-6.5 4.5 3.5 7
-6.5 4.5 2.5 5
-7.5 4.5 2.5 7
-7.5 5.5 2.5 7
-6.5 5.5 2.5 7
-6.5 5.5 3.5 5
-5.5 5.5 3.5 7
-5.5 4.5 3.5 7
-4.5 4.5 3.5 7
-4.5 4.5 2.5 5
-5.5 4.5 2.5 7
-5.5 5.5 2.5 7
-4.5 5.5 2.5 7
-4.5 5.5 3.5 5
-4.5 6.5 3.5 7
-4.5 6.5 2.5 5
-4.5 7.5 2.5 7
-5.5 7.5 2.5 7
-5.5 6.5 2.5 7
-5.5 6.5 3.5 5
-5.5 7.5 3.5 7
-4.5 7.5 3.5 7
-4.5 7.5 4.5 6
-4.5 7.5 5.5 1
-4.5 6.5 5.5 7
-5.5 6.5 5.5 7
-5.5 7.5 5.5 7
-5.5 7.5 4.5 1
-5.5 6.5 4.5 7
-4.5 6.5 4.5 7
-4.5 5.5 4.5 7
-4.5 4.5 4.5 7
-5.5 4.5 4.5 7
-5.5 4.5 5.5 1
-4.5 4.5 5.5 7
-4.5 5.5 5.5 7
-5.5 5.5 5.5 7
-5.5 5.5 4.5 1
-6.5 5.5 4.5 7
-6.5 4.5 4.5 7
-7.5 4.5 4.5 7
-7.5 4.5 5.5 1
-6.5 4.5 5.5 7
-6.5 5.5 5.5 7
-7.5 5.5 5.5 7
-7.5 5.5 4.5 1
-7.5 6.5 4.5 7
-6.5 6.5 4.5 7
-6.5 6.5 5.5 1
-6.5 7.5 5.5 7
-6.5 7.5 4.5 1
-7.5 7.5 4.5 7
-7.5 7.5 5.5 1
-7.5 6.5 5.5 7
-7.5 6.5 6.5 2
-6.5 6.5 6.5 7
-6.5 6.5 7.5 3
-6.5 7.5 7.5 7
-6.5 7.5 6.5 3
-7.5 7.5 6.5 7
-7.5 7.5 7.5 3
-7.5 6.5 7.5 7
-7.5 5.5 7.5 7
-7.5 4.5 7.5 7
-6.5 4.5 7.5 7
-6.5 4.5 6.5 3
-7.5 4.5 6.5 7
-7.5 5.5 6.5 7
-6.5 5.5 6.5 7
-6.5 5.5 7.5 3
-5.5 5.5 7.5 7
-5.5 4.5 7.5 7
-4.5 4.5 7.5 7
-4.5 4.5 6.5 3
-5.5 4.5 6.5 7
-5.5 5.5 6.5 7
-4.5 5.5 6.5 7
-4.5 5.5 7.5 3
-4.5 6.5 7.5 7
-4.5 6.5 6.5 3
-4.5 7.5 6.5 7
-5.5 7.5 6.5 7
-5.5 6.5 6.5 7
-5.5 6.5 7.5 3
-5.5 7.5 7.5 7
-4.5 7.5 7.5 7
-3.5 7.5 7.5 7
-2.5 7.5 7.5 7
-2.5 7.5 6.5 3
-2.5 6.5 6.5 7
-2.5 6.5 7.5 3
-3.5 6.5 7.5 7
-3.5 6.5 6.5 3
-3.5 7.5 6.5 7
-3.5 7.5 5.5 2
-3.5 7.5 4.5 1
-3.5 6.5 4.5 7
-2.5 6.5 4.5 7
-2.5 7.5 4.5 7
-2.5 7.5 5.5 1
-2.5 6.5 5.5 7
-3.5 6.5 5.5 7
-3.5 5.5 5.5 7
-3.5 5.5 4.5 1
-3.5 4.5 4.5 7
-2.5 4.5 4.5 7
-2.5 5.5 4.5 7
-2.5 5.5 5.5 1
-2.5 4.5 5.5 7
-3.5 4.5 5.5 7
-3.5 4.5 6.5 2
-3.5 5.5 6.5 7
-2.5 5.5 6.5 7
-2.5 5.5 7.5 3
-3.5 5.5 7.5 7
-3.5 4.5 7.5 7
-2.5 4.5 7.5 7
-2.5 4.5 6.5 3
-1.5 4.5 6.5 7
-1.5 5.5 6.5 7
-0.5 5.5 6.5 7
-0.5 5.5 7.5 3
-1.5 5.5 7.5 7
-1.5 4.5 7.5 7
-0.5 4.5 7.5 7
-0.5 4.5 6.5 3
-0.5 4.5 5.5 2
-0.5 4.5 4.5 1
-0.5 5.5 4.5 7
-1.5 5.5 4.5 7
-1.5 4.5 4.5 7
-1.5 4.5 5.5 1
-1.5 5.5 5.5 7
-0.5 5.5 5.5 7
-0.5 6.5 5.5 7
-0.5 6.5 4.5 1
-0.5 7.5 4.5 7
-1.5 7.5 4.5 7
-1.5 6.5 4.5 7
-1.5 6.5 5.5 1
-1.5 7.5 5.5 7
-0.5 7.5 5.5 7
-0.5 7.5 6.5 2
-1.5 7.5 6.5 7
-1.5 7.5 7.5 3
-1.5 6.5 7.5 7
-1.5 6.5 6.5 3
-0.5 6.5 6.5 7
-0.5 6.5 7.5 3
-0.5 7.5 7.5 7
0.5 7.5 7.5 7
0.5 6.5 7.5 7
1.5 6.5 7.5 7
1.5 6.5 6.5 3
0.5 6.5 6.5 7
0.5 7.5 6.5 7
1.5 7.5 6.5 7
1.5 7.5 7.5 3
2.5 7.5 7.5 7
3.5 7.5 7.5 7
3.5 7.5 6.5 3
3.5 6.5 6.5 7
3.5 6.5 7.5 3
2.5 6.5 7.5 7
2.5 6.5 6.5 3
2.5 7.5 6.5 7
2.5 7.5 5.5 2
3.5 7.5 5.5 7
3.5 7.5 4.5 1
3.5 6.5 4.5 7
3.5 6.5 5.5 1
2.5 6.5 5.5 7
2.5 6.5 4.5 1
2.5 7.5 4.5 7
1.5 7.5 4.5 7
1.5 7.5 5.5 1
1.5 6.5 5.5 7
0.5 6.5 5.5 7
0.5 7.5 5.5 7
0.5 7.5 4.5 1
0.5 6.5 4.5 7
1.5 6.5 4.5 7
1.5 5.5 4.5 7
1.5 5.5 5.5 1
1.5 4.5 5.5 7
0.5 4.5 5.5 7
0.5 5.5 5.5 7
0.5 5.5 4.5 1
0.5 4.5 4.5 7
1.5 4.5 4.5 7
2.5 4.5 4.5 7
3.5 4.5 4.5 7
3.5 4.5 5.5 1
3.5 5.5 5.5 7
3.5 5.5 4.5 1
2.5 5.5 4.5 7
2.5 5.5 5.5 1
2.5 4.5 5.5 7
2.5 4.5 6.5 2
3.5 4.5 6.5 7
3.5 4.5 7.5 3
3.5 5.5 7.5 7
3.5 5.5 6.5 3
2.5 5.5 6.5 7
2.5 5.5 7.5 3
2.5 4.5 7.5 7
1.5 4.5 7.5 7
1.5 5.5 7.5 7
0.5 5.5 7.5 7
0.5 5.5 6.5 3
1.5 5.5 6.5 7
1.5 4.5 6.5 7
0.5 4.5 6.5 7
0.5 4.5 7.5 3
0.5 3.5 7.5 7
1.5 3.5 7.5 7
1.5 3.5 6.5 3
1.5 2.5 6.5 7
1.5 2.5 7.5 3
0.5 2.5 7.5 7
0.5 2.5 6.5 3
0.5 3.5 6.5 7
0.5 3.5 5.5 2
0.5 3.5 4.5 1
0.5 2.5 4.5 7
1.5 2.5 4.5 7
1.5 3.5 4.5 7
1.5 3.5 5.5 1
1.5 2.5 5.5 7
0.5 2.5 5.5 7
0.5 1.5 5.5 7
0.5 1.5 4.5 1
0.5 0.5 4.5 7
1.5 0.5 4.5 7
1.5 1.5 4.5 7
1.5 1.5 5.5 1
1.5 0.5 5.5 7
0.5 0.5 5.5 7
0.5 0.5 6.5 2
0.5 1.5 6.5 7
1.5 1.5 6.5 7
1.5 1.5 7.5 3
0.5 1.5 7.5 7
0.5 0.5 7.5 7
1.5 0.5 7.5 7
1.5 0.5 6.5 3
2.5 0.5 6.5 7
2.5 1.5 6.5 7
3.5 1.5 6.5 7
3.5 1.5 7.5 3
2.5 1.5 7.5 7
2.5 0.5 7.5 7
3.5 0.5 7.5 7
3.5 0.5 6.5 3
3.5 0.5 5.5 2
3.5 0.5 4.5 1
3.5 1.5 4.5 7
2.5 1.5 4.5 7
2.5 0.5 4.5 7
2.5 0.5 5.5 1
2.5 1.5 5.5 7
3.5 1.5 5.5 7
3.5 2.5 5.5 7
3.5 2.5 4.5 1
3.5 3.5 4.5 7
2.5 3.5 4.5 7
2.5 2.5 4.5 7
2.5 2.5 5.5 1
2.5 3.5 5.5 7
3.5 3.5 5.5 7
3.5 3.5 6.5 2
2.5 3.5 6.5 7
2.5 3.5 7.5 3
2.5 2.5 7.5 7
2.5 2.5 6.5 3
3.5 2.5 6.5 7
3.5 2.5 7.5 3
3.5 3.5 7.5 7
4.5 3.5 7.5 7
5.5 3.5 7.5 7
5.5 3.5 6.5 3
5.5 2.5 6.5 7
5.5 2.5 7.5 3
4.5 2.5 7.5 7
4.5 2.5 6.5 3
4.5 3.5 6.5 7
4.5 3.5 5.5 2
4.5 3.5 4.5 1
4.5 2.5 4.5 7
5.5 2.5 4.5 7
5.5 3.5 4.5 7
5.5 3.5 5.5 1
5.5 2.5 5.5 7
4.5 2.5 5.5 7
4.5 1.5 5.5 7
4.5 1.5 4.5 1
4.5 0.5 4.5 7
5.5 0.5 4.5 7
5.5 1.5 4.5 7
5.5 1.5 5.5 1
5.5 0.5 5.5 7
4.5 0.5 5.5 7
4.5 0.5 6.5 2
4.5 1.5 6.5 7
5.5 1.5 6.5 7
5.5 1.5 7.5 3
4.5 1.5 7.5 7
4.5 0.5 7.5 7
5.5 0.5 7.5 7
5.5 0.5 6.5 3
6.5 0.5 6.5 7
6.5 1.5 6.5 7
7.5 1.5 6.5 7
7.5 1.5 7.5 3
6.5 1.5 7.5 7
6.5 0.5 7.5 7
7.5 0.5 7.5 7
7.5 0.5 6.5 3
7.5 0.5 5.5 2
7.5 0.5 4.5 1
7.5 1.5 4.5 7
6.5 1.5 4.5 7
6.5 0.5 4.5 7
6.5 0.5 5.5 1
6.5 1.5 5.5 7
7.5 1.5 5.5 7
7.5 2.5 5.5 7
7.5 2.5 4.5 1
7.5 3.5 4.5 7
6.5 3.5 4.5 7
6.5 2.5 4.5 7
6.5 2.5 5.5 1
6.5 3.5 5.5 7
7.5 3.5 5.5 7
7.5 3.5 6.5 2
6.5 3.5 6.5 7
6.5 3.5 7.5 3
6.5 2.5 7.5 7
6.5 2.5 6.5 3
7.5 2.5 6.5 7
7.5 2.5 7.5 3
7.5 3.5 7.5 7
7.5 4.5 7.5 7
7.5 4.5 6.5 3
7.5 5.5 6.5 7
6.5 5.5 6.5 7
6.5 4.5 6.5 7
6.5 4.5 7.5 3
6.5 5.5 7.5 7
7.5 5.5 7.5 7
7.5 6.5 7.5 7
7.5 7.5 7.5 7
6.5 7.5 7.5 7
6.5 7.5 6.5 3
7.5 7.5 6.5 7
7.5 6.5 6.5 7
6.5 6.5 6.5 7
6.5 6.5 7.5 3
5.5 6.5 7.5 7
5.5 7.5 7.5 7
4.5 7.5 7.5 7
4.5 7.5 6.5 3
5.5 7.5 6.5 7
5.5 6.5 6.5 7
4.5 6.5 6.5 7
4.5 6.5 7.5 3
4.5 5.5 7.5 7
5.5 5.5 7.5 7
5.5 5.5 6.5 3
5.5 4.5 6.5 7
5.5 4.5 7.5 3
4.5 4.5 7.5 7
4.5 4.5 6.5 3
4.5 5.5 6.5 7
4.5 5.5 5.5 2
5.5 5.5 5.5 7
5.5 5.5 4.5 1
5.5 4.5 4.5 7
5.5 4.5 5.5 1
4.5 4.5 5.5 7
4.5 4.5 4.5 1
4.5 5.5 4.5 7
4.5 6.5 4.5 7
4.5 7.5 4.5 7
5.5 7.5 4.5 7
5.5 7.5 5.5 1
4.5 7.5 5.5 7
4.5 6.5 5.5 7
5.5 6.5 5.5 7
5.5 6.5 4.5 1
6.5 6.5 4.5 7
6.5 7.5 4.5 7
7.5 7.5 4.5 7
7.5 7.5 5.5 1
6.5 7.5 5.5 7
6.5 6.5 5.5 7
7.5 6.5 5.5 7
7.5 6.5 4.5 1
7.5 5.5 4.5 7
7.5 5.5 5.5 1
7.5 4.5 5.5 7
6.5 4.5 5.5 7
6.5 5.5 5.5 7
6.5 5.5 4.5 1
6.5 4.5 4.5 7
7.5 4.5 4.5 7
7.5 4.5 3.5 6
7.5 4.5 2.5 5
7.5 5.5 2.5 7
6.5 5.5 2.5 7
6.5 4.5 2.5 7
6.5 4.5 3.5 5
6.5 5.5 3.5 7
7.5 5.5 3.5 7
7.5 6.5 3.5 7
7.5 7.5 3.5 7
6.5 7.5 3.5 7
6.5 7.5 2.5 5
7.5 7.5 2.5 7
7.5 6.5 2.5 7
6.5 6.5 2.5 7
6.5 6.5 3.5 5
5.5 6.5 3.5 7
5.5 7.5 3.5 7
4.5 7.5 3.5 7
4.5 7.5 2.5 5
5.5 7.5 2.5 7
5.5 6.5 2.5 7
4.5 6.5 2.5 7
4.5 6.5 3.5 5
4.5 5.5 3.5 7
5.5 5.5 3.5 7
5.5 5.5 2.5 5
5.5 4.5 2.5 7
5.5 4.5 3.5 5
4.5 4.5 3.5 7
4.5 4.5 2.5 5
4.5 5.5 2.5 7
4.5 5.5 1.5 4
5.5 5.5 1.5 7
5.5 5.5 0.5 3
5.5 4.5 0.5 7
5.5 4.5 1.5 3
4.5 4.5 1.5 7
4.5 4.5 0.5 3
4.5 5.5 0.5 7
4.5 6.5 0.5 7
4.5 7.5 0.5 7
5.5 7.5 0.5 7
5.5 7.5 1.5 3
4.5 7.5 1.5 7
4.5 6.5 1.5 7
5.5 6.5 1.5 7
5.5 6.5 0.5 3
6.5 6.5 0.5 7
6.5 7.5 0.5 7
7.5 7.5 0.5 7
7.5 7.5 1.5 3
6.5 7.5 1.5 7
6.5 6.5 1.5 7
7.5 6.5 1.5 7
7.5 6.5 0.5 3
7.5 5.5 0.5 7
7.5 5.5 1.5 3
7.5 4.5 1.5 7
6.5 4.5 1.5 7
6.5 5.5 1.5 7
6.5 5.5 0.5 3
6.5 4.5 0.5 7
7.5 4.5 0.5 7
7.5 3.5 0.5 7
6.5 3.5 0.5 7
6.5 3.5 1.5 3
6.5 2.5 1.5 7
6.5 2.5 0.5 3
7.5 2.5 0.5 7
7.5 2.5 1.5 3
7.5 3.5 1.5 7
7.5 3.5 2.5 4
7.5 3.5 3.5 5
7.5 2.5 3.5 7
6.5 2.5 3.5 7
6.5 3.5 3.5 7
6.5 3.5 2.5 5
6.5 2.5 2.5 7
7.5 2.5 2.5 7
7.5 1.5 2.5 7
7.5 1.5 3.5 5
7.5 0.5 3.5 7
6.5 0.5 3.5 7
6.5 1.5 3.5 7
6.5 1.5 2.5 5
6.5 0.5 2.5 7
7.5 0.5 2.5 7
7.5 0.5 1.5 4
7.5 1.5 1.5 7
6.5 1.5 1.5 7
6.5 1.5 0.5 3
7.5 1.5 0.5 7
7.5 0.5 0.5 7
6.5 0.5 0.5 7
6.5 0.5 1.5 3
5.5 0.5 1.5 7
5.5 1.5 1.5 7
4.5 1.5 1.5 7
4.5 1.5 0.5 3
5.5 1.5 0.5 7
5.5 0.5 0.5 7
4.5 0.5 0.5 7
4.5 0.5 1.5 3
4.5 0.5 2.5 4
4.5 0.5 3.5 5
4.5 1.5 3.5 7
5.5 1.5 3.5 7
5.5 0.5 3.5 7
5.5 0.5 2.5 5
5.5 1.5 2.5 7
4.5 1.5 2.5 7
4.5 2.5 2.5 7
4.5 2.5 3.5 5
4.5 3.5 3.5 7
5.5 3.5 3.5 7
5.5 2.5 3.5 7
5.5 2.5 2.5 5
5.5 3.5 2.5 7
4.5 3.5 2.5 7
4.5 3.5 1.5 4
5.5 3.5 1.5 7
5.5 3.5 0.5 3
5.5 2.5 0.5 7
5.5 2.5 1.5 3
4.5 2.5 1.5 7
4.5 2.5 0.5 3
4.5 3.5 0.5 7
3.5 3.5 0.5 7
2.5 3.5 0.5 7
2.5 3.5 1.5 3
2.5 2.5 1.5 7
2.5 2.5 0.5 3
3.5 2.5 0.5 7
3.5 2.5 1.5 3
3.5 3.5 1.5 7
3.5 3.5 2.5 4
3.5 3.5 3.5 5
3.5 2.5 3.5 7
2.5 2.5 3.5 7
2.5 3.5 3.5 7
2.5 3.5 2.5 5
2.5 2.5 2.5 7
3.5 2.5 2.5 7
3.5 1.5 2.5 7
3.5 1.5 3.5 5
3.5 0.5 3.5 7
2.5 0.5 3.5 7
2.5 1.5 3.5 7
2.5 1.5 2.5 5
2.5 0.5 2.5 7
3.5 0.5 2.5 7
3.5 0.5 1.5 4
3.5 1.5 1.5 7
2.5 1.5 1.5 7
2.5 1.5 0.5 3
3.5 1.5 0.5 7
3.5 0.5 0.5 7
2.5 0.5 0.5 7
2.5 0.5 1.5 3
1.5 0.5 1.5 7
1.5 1.5 1.5 7
0.5 1.5 1.5 7
0.5 1.5 0.5 3
1.5 1.5 0.5 7
1.5 0.5 0.5 7
0.5 0.5 0.5 7
0.5 0.5 1.5 3
0.5 0.5 2.5 4
0.5 0.5 3.5 5
0.5 1.5 3.5 7
1.5 1.5 3.5 7
1.5 0.5 3.5 7
1.5 0.5 2.5 5
1.5 1.5 2.5 7
0.5 1.5 2.5 7
0.5 2.5 2.5 7
0.5 2.5 3.5 5
0.5 3.5 3.5 7
1.5 3.5 3.5 7
1.5 2.5 3.5 7
1.5 2.5 2.5 5
1.5 3.5 2.5 7
0.5 3.5 2.5 7
0.5 3.5 1.5 4
1.5 3.5 1.5 7
1.5 3.5 0.5 3
1.5 2.5 0.5 7
1.5 2.5 1.5 3
0.5 2.5 1.5 7
0.5 2.5 0.5 3
0.5 3.5 0.5 7
0.5 4.5 0.5 7
0.5 5.5 0.5 7
1.5 5.5 0.5 7
1.5 5.5 1.5 3
0.5 5.5 1.5 7
0.5 4.5 1.5 7
1.5 4.5 1.5 7
1.5 4.5 0.5 3
2.5 4.5 0.5 7
3.5 4.5 0.5 7
3.5 4.5 1.5 3
3.5 5.5 1.5 7
3.5 5.5 0.5 3
2.5 5.5 0.5 7
2.5 5.5 1.5 3
2.5 4.5 1.5 7
2.5 4.5 2.5 4
3.5 4.5 2.5 7
3.5 4.5 3.5 5
3.5 5.5 3.5 7
3.5 5.5 2.5 5
2.5 5.5 2.5 7
2.5 5.5 3.5 5
2.5 4.5 3.5 7
1.5 4.5 3.5 7
1.5 4.5 2.5 5
1.5 5.5 2.5 7
0.5 5.5 2.5 7
0.5 4.5 2.5 7
0.5 4.5 3.5 5
0.5 5.5 3.5 7
1.5 5.5 3.5 7
1.5 6.5 3.5 7
1.5 6.5 2.5 5
1.5 7.5 2.5 7
0.5 7.5 2.5 7
0.5 6.5 2.5 7
0.5 6.5 3.5 5
0.5 7.5 3.5 7
1.5 7.5 3.5 7
2.5 7.5 3.5 7
3.5 7.5 3.5 7
3.5 7.5 2.5 5
3.5 6.5 2.5 7
3.5 6.5 3.5 5
2.5 6.5 3.5 7
2.5 6.5 2.5 5
2.5 7.5 2.5 7
2.5 7.5 1.5 4
3.5 7.5 1.5 7
3.5 7.5 0.5 3
3.5 6.5 0.5 7
3.5 6.5 1.5 3
2.5 6.5 1.5 7
2.5 6.5 0.5 3
2.5 7.5 0.5 7
1.5 7.5 0.5 7
1.5 6.5 0.5 7
0.5 6.5 0.5 7
0.5 6.5 1.5 3
1.5 6.5 1.5 7
1.5 7.5 1.5 7
0.5 7.5 1.5 7
0.5 7.5 0.5 3
0.5 7.5 -0.5 2
0.5 6.5 -0.5 7
1.5 6.5 -0.5 7
1.5 6.5 -1.5 1
0.5 6.5 -1.5 7
0.5 7.5 -1.5 7
1.5 7.5 -1.5 7
1.5 7.5 -0.5 1
2.5 7.5 -0.5 7
3.5 7.5 -0.5 7
3.5 7.5 -1.5 1
3.5 6.5 -1.5 7
3.5 6.5 -0.5 1
2.5 6.5 -0.5 7
2.5 6.5 -1.5 1
2.5 7.5 -1.5 7
2.5 7.5 -2.5 6
3.5 7.5 -2.5 7
3.5 7.5 -3.5 5
3.5 6.5 -3.5 7
3.5 6.5 -2.5 5
2.5 6.5 -2.5 7
2.5 6.5 -3.5 5
2.5 7.5 -3.5 7
1.5 7.5 -3.5 7
1.5 7.5 -2.5 5
1.5 6.5 -2.5 7
0.5 6.5 -2.5 7
0.5 7.5 -2.5 7
0.5 7.5 -3.5 5
0.5 6.5 -3.5 7
1.5 6.5 -3.5 7
1.5 5.5 -3.5 7
1.5 5.5 -2.5 5
1.5 4.5 -2.5 7
0.5 4.5 -2.5 7
0.5 5.5 -2.5 7
0.5 5.5 -3.5 5
0.5 4.5 -3.5 7
1.5 4.5 -3.5 7
2.5 4.5 -3.5 7
3.5 4.5 -3.5 7
3.5 4.5 -2.5 5
3.5 5.5 -2.5 7
3.5 5.5 -3.5 5
2.5 5.5 -3.5 7
2.5 5.5 -2.5 5
2.5 4.5 -2.5 7
2.5 4.5 -1.5 6
3.5 4.5 -1.5 7
3.5 4.5 -0.5 1
3.5 5.5 -0.5 7
3.5 5.5 -1.5 1
2.5 5.5 -1.5 7
2.5 5.5 -0.5 1
2.5 4.5 -0.5 7
1.5 4.5 -0.5 7
1.5 5.5 -0.5 7
0.5 5.5 -0.5 7
0.5 5.5 -1.5 1
1.5 5.5 -1.5 7
1.5 4.5 -1.5 7
0.5 4.5 -1.5 7
0.5 4.5 -0.5 1
0.5 3.5 -0.5 7
1.5 3.5 -0.5 7
1.5 3.5 -1.5 1
1.5 2.5 -1.5 7
1.5 2.5 -0.5 1
0.5 2.5 -0.5 7
0.5 2.5 -1.5 1
0.5 3.5 -1.5 7
0.5 3.5 -2.5 6
0.5 3.5 -3.5 5
0.5 2.5 -3.5 7
1.5 2.5 -3.5 7
1.5 3.5 -3.5 7
1.5 3.5 -2.5 5
1.5 2.5 -2.5 7
0.5 2.5 -2.5 7
0.5 1.5 -2.5 7
0.5 1.5 -3.5 5
0.5 0.5 -3.5 7
1.5 0.5 -3.5 7
1.5 1.5 -3.5 7
1.5 1.5 -2.5 5
1.5 0.5 -2.5 7
0.5 0.5 -2.5 7
0.5 0.5 -1.5 6
0.5 1.5 -1.5 7
1.5 1.5 -1.5 7
1.5 1.5 -0.5 1
0.5 1.5 -0.5 7
0.5 0.5 -0.5 7
1.5 0.5 -0.5 7
1.5 0.5 -1.5 1
2.5 0.5 -1.5 7
2.5 1.5 -1.5 7
3.5 1.5 -1.5 7
3.5 1.5 -0.5 1
2.5 1.5 -0.5 7
2.5 0.5 -0.5 7
3.5 0.5 -0.5 7
3.5 0.5 -1.5 1
3.5 0.5 -2.5 6
3.5 0.5 -3.5 5
3.5 1.5 -3.5 7
2.5 1.5 -3.5 7
2.5 0.5 -3.5 7
2.5 0.5 -2.5 5
2.5 1.5 -2.5 7
3.5 1.5 -2.5 7
3.5 2.5 -2.5 7
3.5 2.5 -3.5 5
3.5 3.5 -3.5 7
2.5 3.5 -3.5 7
2.5 2.5 -3.5 7
2.5 2.5 -2.5 5
2.5 3.5 -2.5 7
3.5 3.5 -2.5 7
3.5 3.5 -1.5 6
2.5 3.5 -1.5 7
2.5 3.5 -0.5 1
2.5 2.5 -0.5 7
2.5 2.5 -1.5 1
3.5 2.5 -1.5 7
3.5 2.5 -0.5 1
3.5 3.5 -0.5 7
4.5 3.5 -0.5 7
5.5 3.5 -0.5 7
5.5 3.5 -1.5 1
5.5 2.5 -1.5 7
5.5 2.5 -0.5 1
4.5 2.5 -0.5 7
4.5 2.5 -1.5 1
4.5 3.5 -1.5 7
4.5 3.5 -2.5 6
4.5 3.5 -3.5 5
4.5 2.5 -3.5 7
5.5 2.5 -3.5 7
5.5 3.5 -3.5 7
5.5 3.5 -2.5 5
5.5 2.5 -2.5 7
4.5 2.5 -2.5 7
4.5 1.5 -2.5 7
4.5 1.5 -3.5 5
4.5 0.5 -3.5 7
5.5 0.5 -3.5 7
5.5 1.5 -3.5 7
5.5 1.5 -2.5 5
5.5 0.5 -2.5 7
4.5 0.5 -2.5 7
4.5 0.5 -1.5 6
4.5 1.5 -1.5 7
5.5 1.5 -1.5 7
5.5 1.5 -0.5 1
4.5 1.5 -0.5 7
4.5 0.5 -0.5 7
5.5 0.5 -0.5 7
5.5 0.5 -1.5 1
6.5 0.5 -1.5 7
6.5 1.5 -1.5 7
7.5 1.5 -1.5 7
7.5 1.5 -0.5 1
6.5 1.5 -0.5 7
6.5 0.5 -0.5 7
7.5 0.5 -0.5 7
7.5 0.5 -1.5 1
7.5 0.5 -2.5 6
7.5 0.5 -3.5 5
7.5 1.5 -3.5 7
6.5 1.5 -3.5 7
6.5 0.5 -3.5 7
6.5 0.5 -2.5 5
6.5 1.5 -2.5 7
7.5 1.5 -2.5 7
7.5 2.5 -2.5 7
7.5 2.5 -3.5 5
7.5 3.5 -3.5 7
6.5 3.5 -3.5 7
6.5 2.5 -3.5 7
6.5 2.5 -2.5 5
6.5 3.5 -2.5 7
7.5 3.5 -2.5 7
7.5 3.5 -1.5 6
6.5 3.5 -1.5 7
6.5 3.5 -0.5 1
6.5 2.5 -0.5 7
6.5 2.5 -1.5 1
7.5 2.5 -1.5 7
7.5 2.5 -0.5 1
7.5 3.5 -0.5 7
7.5 4.5 -0.5 7
7.5 4.5 -1.5 1
7.5 5.5 -1.5 7
6.5 5.5 -1.5 7
6.5 4.5 -1.5 7
6.5 4.5 -0.5 1
6.5 5.5 -0.5 7
7.5 5.5 -0.5 7
7.5 6.5 -0.5 7
7.5 7.5 -0.5 7
6.5 7.5 -0.5 7
6.5 7.5 -1.5 1
7.5 7.5 -1.5 7
7.5 6.5 -1.5 7
6.5 6.5 -1.5 7
6.5 6.5 -0.5 1
5.5 6.5 -0.5 7
5.5 7.5 -0.5 7
4.5 7.5 -0.5 7
4.5 7.5 -1.5 1
5.5 7.5 -1.5 7
5.5 6.5 -1.5 7
4.5 6.5 -1.5 7
4.5 6.5 -0.5 1
4.5 5.5 -0.5 7
5.5 5.5 -0.5 7
5.5 5.5 -1.5 1
5.5 4.5 -1.5 7
5.5 4.5 -0.5 1
4.5 4.5 -0.5 7
4.5 4.5 -1.5 1
4.5 5.5 -1.5 7
4.5 5.5 -2.5 6
5.5 5.5 -2.5 7
5.5 5.5 -3.5 5
5.5 4.5 -3.5 7
5.5 4.5 -2.5 5
4.5 4.5 -2.5 7
4.5 4.5 -3.5 5
4.5 5.5 -3.5 7
4.5 6.5 -3.5 7
4.5 7.5 -3.5 7
5.5 7.5 -3.5 7
5.5 7.5 -2.5 5
4.5 7.5 -2.5 7
4.5 6.5 -2.5 7
5.5 6.5 -2.5 7
5.5 6.5 -3.5 5
6.5 6.5 -3.5 7
6.5 7.5 -3.5 7
7.5 7.5 -3.5 7
7.5 7.5 -2.5 5
6.5 7.5 -2.5 7
6.5 6.5 -2.5 7
7.5 6.5 -2.5 7
7.5 6.5 -3.5 5
7.5 5.5 -3.5 7
7.5 5.5 -2.5 5
7.5 4.5 -2.5 7
6.5 4.5 -2.5 7
6.5 5.5 -2.5 7
6.5 5.5 -3.5 5
6.5 4.5 -3.5 7
7.5 4.5 -3.5 7
7.5 4.5 -4.5 4
7.5 4.5 -5.5 3
7.5 5.5 -5.5 7
6.5 5.5 -5.5 7
6.5 4.5 -5.5 7
6.5 4.5 -4.5 3
6.5 5.5 -4.5 7
7.5 5.5 -4.5 7
7.5 6.5 -4.5 7
7.5 7.5 -4.5 7
6.5 7.5 -4.5 7
6.5 7.5 -5.5 3
7.5 7.5 -5.5 7
7.5 6.5 -5.5 7
6.5 6.5 -5.5 7
6.5 6.5 -4.5 3
5.5 6.5 -4.5 7
5.5 7.5 -4.5 7
4.5 7.5 -4.5 7
4.5 7.5 -5.5 3
5.5 7.5 -5.5 7
5.5 6.5 -5.5 7
4.5 6.5 -5.5 7
4.5 6.5 -4.5 3
4.5 5.5 -4.5 7
5.5 5.5 -4.5 7
5.5 5.5 -5.5 3
5.5 4.5 -5.5 7
5.5 4.5 -4.5 3
4.5 4.5 -4.5 7
4.5 4.5 -5.5 3
4.5 5.5 -5.5 7
4.5 5.5 -6.5 2
5.5 5.5 -6.5 7
5.5 5.5 -7.5 1
5.5 4.5 -7.5 7
5.5 4.5 -6.5 1
4.5 4.5 -6.5 7
4.5 4.5 -7.5 1
4.5 5.5 -7.5 7
4.5 6.5 -7.5 7
4.5 7.5 -7.5 7
5.5 7.5 -7.5 7
5.5 7.5 -6.5 1
4.5 7.5 -6.5 7
4.5 6.5 -6.5 7
5.5 6.5 -6.5 7
5.5 6.5 -7.5 1
6.5 6.5 -7.5 7
6.5 7.5 -7.5 7
7.5 7.5 -7.5 7
7.5 7.5 -6.5 1
6.5 7.5 -6.5 7
6.5 6.5 -6.5 7
7.5 6.5 -6.5 7
7.5 6.5 -7.5 1
7.5 5.5 -7.5 7
7.5 5.5 -6.5 1
7.5 4.5 -6.5 7
6.5 4.5 -6.5 7
6.5 5.5 -6.5 7
6.5 5.5 -7.5 1
6.5 4.5 -7.5 7
7.5 4.5 -7.5 7
7.5 3.5 -7.5 7
6.5 3.5 -7.5 7
6.5 3.5 -6.5 1
6.5 2.5 -6.5 7
6.5 2.5 -7.5 1
7.5 2.5 -7.5 7
7.5 2.5 -6.5 1
7.5 3.5 -6.5 7
7.5 3.5 -5.5 2
7.5 3.5 -4.5 3
7.5 2.5 -4.5 7
6.5 2.5 -4.5 7
6.5 3.5 -4.5 7
6.5 3.5 -5.5 3
6.5 2.5 -5.5 7
7.5 2.5 -5.5 7
7.5 1.5 -5.5 7
7.5 1.5 -4.5 3
7.5 0.5 -4.5 7
6.5 0.5 -4.5 7
6.5 1.5 -4.5 7
6.5 1.5 -5.5 3
6.5 0.5 -5.5 7
7.5 0.5 -5.5 7
7.5 0.5 -6.5 2
7.5 1.5 -6.5 7
6.5 1.5 -6.5 7
6.5 1.5 -7.5 1
7.5 1.5 -7.5 7
7.5 0.5 -7.5 7
6.5 0.5 -7.5 7
6.5 0.5 -6.5 1
5.5 0.5 -6.5 7
5.5 1.5 -6.5 7
4.5 1.5 -6.5 7
4.5 1.5 -7.5 1
5.5 1.5 -7.5 7
5.5 0.5 -7.5 7
4.5 0.5 -7.5 7
4.5 0.5 -6.5 1
4.5 0.5 -5.5 2
4.5 0.5 -4.5 3
4.5 1.5 -4.5 7
5.5 1.5 -4.5 7
5.5 0.5 -4.5 7
5.5 0.5 -5.5 3
5.5 1.5 -5.5 7
4.5 1.5 -5.5 7
4.5 2.5 -5.5 7
4.5 2.5 -4.5 3
4.5 3.5 -4.5 7
5.5 3.5 -4.5 7
5.5 2.5 -4.5 7
5.5 2.5 -5.5 3
5.5 3.5 -5.5 7
4.5 3.5 -5.5 7
4.5 3.5 -6.5 2
5.5 3.5 -6.5 7
5.5 3.5 -7.5 1
5.5 2.5 -7.5 7
5.5 2.5 -6.5 1
4.5 2.5 -6.5 7
4.5 2.5 -7.5 1
4.5 3.5 -7.5 7
3.5 3.5 -7.5 7
2.5 3.5 -7.5 7
2.5 3.5 -6.5 1
2.5 2.5 -6.5 7
2.5 2.5 -7.5 1
3.5 2.5 -7.5 7
3.5 2.5 -6.5 1
3.5 3.5 -6.5 7
3.5 3.5 -5.5 2
3.5 3.5 -4.5 3
3.5 2.5 -4.5 7
2.5 2.5 -4.5 7
2.5 3.5 -4.5 7
2.5 3.5 -5.5 3
2.5 2.5 -5.5 7
3.5 2.5 -5.5 7
3.5 1.5 -5.5 7
3.5 1.5 -4.5 3
3.5 0.5 -4.5 7
2.5 0.5 -4.5 7
2.5 1.5 -4.5 7
2.5 1.5 -5.5 3
2.5 0.5 -5.5 7
3.5 0.5 -5.5 7
3.5 0.5 -6.5 2
3.5 1.5 -6.5 7
2.5 1.5 -6.5 7
2.5 1.5 -7.5 1
3.5 1.5 -7.5 7
3.5 0.5 -7.5 7
2.5 0.5 -7.5 7
2.5 0.5 -6.5 1
1.5 0.5 -6.5 7
1.5 1.5 -6.5 7
0.5 1.5 -6.5 7
0.5 1.5 -7.5 1
1.5 1.5 -7.5 7
1.5 0.5 -7.5 7
0.5 0.5 -7.5 7
0.5 0.5 -6.5 1
0.5 0.5 -5.5 2
0.5 0.5 -4.5 3
0.5 1.5 -4.5 7
1.5 1.5 -4.5 7
1.5 0.5 -4.5 7
1.5 0.5 -5.5 3
1.5 1.5 -5.5 7
0.5 1.5 -5.5 7
0.5 2.5 -5.5 7
0.5 2.5 -4.5 3
0.5 3.5 -4.5 7
1.5 3.5 -4.5 7
1.5 2.5 -4.5 7
1.5 2.5 -5.5 3
1.5 3.5 -5.5 7
0.5 3.5 -5.5 7
0.5 3.5 -6.5 2
1.5 3.5 -6.5 7
1.5 3.5 -7.5 1
1.5 2.5 -7.5 7
1.5 2.5 -6.5 1
0.5 2.5 -6.5 7
0.5 2.5 -7.5 1
0.5 3.5 -7.5 7
0.5 4.5 -7.5 7
0.5 5.5 -7.5 7
1.5 5.5 -7.5 7
1.5 5.5 -6.5 1
0.5 5.5 -6.5 7
0.5 4.5 -6.5 7
1.5 4.5 -6.5 7
1.5 4.5 -7.5 1
2.5 4.5 -7.5 7
3.5 4.5 -7.5 7
3.5 4.5 -6.5 1
3.5 5.5 -6.5 7
3.5 5.5 -7.5 1
2.5 5.5 -7.5 7
2.5 5.5 -6.5 1
2.5 4.5 -6.5 7
2.5 4.5 -5.5 2
3.5 4.5 -5.5 7
3.5 4.5 -4.5 3
3.5 5.5 -4.5 7
3.5 5.5 -5.5 3
2.5 5.5 -5.5 7
2.5 5.5 -4.5 3
2.5 4.5 -4.5 7
1.5 4.5 -4.5 7
1.5 4.5 -5.5 3
1.5 5.5 -5.5 7
0.5 5.5 -5.5 7
0.5 4.5 -5.5 7
0.5 4.5 -4.5 3
0.5 5.5 -4.5 7
1.5 5.5 -4.5 7
1.5 6.5 -4.5 7
1.5 6.5 -5.5 3
1.5 7.5 -5.5 7
0.5 7.5 -5.5 7
0.5 6.5 -5.5 7
0.5 6.5 -4.5 3
0.5 7.5 -4.5 7
1.5 7.5 -4.5 7
2.5 7.5 -4.5 7
3.5 7.5 -4.5 7
3.5 7.5 -5.5 3
3.5 6.5 -5.5 7
3.5 6.5 -4.5 3
2.5 6.5 -4.5 7
2.5 6.5 -5.5 3
2.5 7.5 -5.5 7
2.5 7.5 -6.5 2
3.5 7.5 -6.5 7
3.5 7.5 -7.5 1
3.5 6.5 -7.5 7
3.5 6.5 -6.5 1
2.5 6.5 -6.5 7
2.5 6.5 -7.5 1
2.5 7.5 -7.5 7
1.5 7.5 -7.5 7
1.5 6.5 -7.5 7
0.5 6.5 -7.5 7
0.5 6.5 -6.5 1
1.5 6.5 -6.5 7
1.5 7.5 -6.5 7
0.5 7.5 -6.5 7
0.5 7.5 -7.5 1
-0.5 7.5 -7.5 7
-0.5 7.5 -6.5 1
-0.5 6.5 -6.5 7
-1.5 6.5 -6.5 7
-1.5 7.5 -6.5 7
-1.5 7.5 -7.5 1
-1.5 6.5 -7.5 7
-0.5 6.5 -7.5 7
-0.5 5.5 -7.5 7
-0.5 4.5 -7.5 7
-1.5 4.5 -7.5 7
-1.5 4.5 -6.5 1
-0.5 4.5 -6.5 7
-0.5 5.5 -6.5 7
-1.5 5.5 -6.5 7
-1.5 5.5 -7.5 1
-2.5 5.5 -7.5 7
-2.5 4.5 -7.5 7
-3.5 4.5 -7.5 7
-3.5 4.5 -6.5 1
-2.5 4.5 -6.5 7
-2.5 5.5 -6.5 7
-3.5 5.5 -6.5 7
-3.5 5.5 -7.5 1
-3.5 6.5 -7.5 7
-2.5 6.5 -7.5 7
-2.5 6.5 -6.5 1
-2.5 7.5 -6.5 7
-2.5 7.5 -7.5 1
-3.5 7.5 -7.5 7
-3.5 7.5 -6.5 1
-3.5 6.5 -6.5 7
-3.5 6.5 -5.5 2
-2.5 6.5 -5.5 7
-2.5 6.5 -4.5 3
-2.5 7.5 -4.5 7
-2.5 7.5 -5.5 3
-3.5 7.5 -5.5 7
-3.5 7.5 -4.5 3
-3.5 6.5 -4.5 7
-3.5 5.5 -4.5 7
-3.5 4.5 -4.5 7
-2.5 4.5 -4.5 7
-2.5 4.5 -5.5 3
-3.5 4.5 -5.5 7
-3.5 5.5 -5.5 7
-2.5 5.5 -5.5 7
-2.5 5.5 -4.5 3
-1.5 5.5 -4.5 7
-1.5 4.5 -4.5 7
-0.5 4.5 -4.5 7
-0.5 4.5 -5.5 3
-1.5 4.5 -5.5 7
-1.5 5.5 -5.5 7
-0.5 5.5 -5.5 7
-0.5 5.5 -4.5 3
-0.5 6.5 -4.5 7
-0.5 6.5 -5.5 3
-0.5 7.5 -5.5 7
-1.5 7.5 -5.5 7
-1.5 6.5 -5.5 7
-1.5 6.5 -4.5 3
-1.5 7.5 -4.5 7
-0.5 7.5 -4.5 7
-0.5 7.5 -3.5 4
-0.5 6.5 -3.5 7
-1.5 6.5 -3.5 7
-1.5 6.5 -2.5 5
-0.5 6.5 -2.5 7
-0.5 7.5 -2.5 7
-1.5 7.5 -2.5 7
-1.5 7.5 -3.5 5
-2.5 7.5 -3.5 7
-3.5 7.5 -3.5 7
-3.5 7.5 -2.5 5
-3.5 6.5 -2.5 7
-3.5 6.5 -3.5 5
-2.5 6.5 -3.5 7
-2.5 6.5 -2.5 5
-2.5 7.5 -2.5 7
-2.5 7.5 -1.5 6
-3.5 7.5 -1.5 7
-3.5 7.5 -0.5 1
-3.5 6.5 -0.5 7
-3.5 6.5 -1.5 1
-2.5 6.5 -1.5 7
-2.5 6.5 -0.5 1
-2.5 7.5 -0.5 7
-1.5 7.5 -0.5 7
-1.5 7.5 -1.5 1
-1.5 6.5 -1.5 7
-0.5 6.5 -1.5 7
-0.5 7.5 -1.5 7
-0.5 7.5 -0.5 1
-0.5 6.5 -0.5 7
-1.5 6.5 -0.5 7
-1.5 5.5 -0.5 7
-1.5 5.5 -1.5 1
-1.5 4.5 -1.5 7
-0.5 4.5 -1.5 7
-0.5 5.5 -1.5 7
-0.5 5.5 -0.5 1
-0.5 4.5 -0.5 7
-1.5 4.5 -0.5 7
-2.5 4.5 -0.5 7
-3.5 4.5 -0.5 7
-3.5 4.5 -1.5 1
-3.5 5.5 -1.5 7
-3.5 5.5 -0.5 1
-2.5 5.5 -0.5 7
-2.5 5.5 -1.5 1
-2.5 4.5 -1.5 7
-2.5 4.5 -2.5 6
-3.5 4.5 -2.5 7
-3.5 4.5 -3.5 5
-3.5 5.5 -3.5 7
-3.5 5.5 -2.5 5
-2.5 5.5 -2.5 7
-2.5 5.5 -3.5 5
-2.5 4.5 -3.5 7
-1.5 4.5 -3.5 7
-1.5 5.5 -3.5 7
-0.5 5.5 -3.5 7
-0.5 5.5 -2.5 5
-1.5 5.5 -2.5 7
-1.5 4.5 -2.5 7
-0.5 4.5 -2.5 7
-0.5 4.5 -3.5 5
-0.5 3.5 -3.5 7
-0.5 2.5 -3.5 7
-1.5 2.5 -3.5 7
-1.5 2.5 -2.5 5
-0.5 2.5 -2.5 7
-0.5 3.5 -2.5 7
-1.5 3.5 -2.5 7
-1.5 3.5 -3.5 5
-2.5 3.5 -3.5 7
-3.5 3.5 -3.5 7
-3.5 3.5 -2.5 5
-3.5 2.5 -2.5 7
-3.5 2.5 -3.5 5
-2.5 2.5 -3.5 7
-2.5 2.5 -2.5 5
-2.5 3.5 -2.5 7
-2.5 3.5 -1.5 6
-3.5 3.5 -1.5 7
-3.5 3.5 -0.5 1
-3.5 2.5 -0.5 7
-3.5 2.5 -1.5 1
-2.5 2.5 -1.5 7
-2.5 2.5 -0.5 1
-2.5 3.5 -0.5 7
-1.5 3.5 -0.5 7
-1.5 3.5 -1.5 1
-1.5 2.5 -1.5 7
-0.5 2.5 -1.5 7
-0.5 3.5 -1.5 7
-0.5 3.5 -0.5 1
-0.5 2.5 -0.5 7
-1.5 2.5 -0.5 7
-1.5 1.5 -0.5 7
-1.5 1.5 -1.5 1
-1.5 0.5 -1.5 7
-0.5 0.5 -1.5 7
-0.5 1.5 -1.5 7
-0.5 1.5 -0.5 1
-0.5 0.5 -0.5 7
-1.5 0.5 -0.5 7
-2.5 0.5 -0.5 7
-3.5 0.5 -0.5 7
-3.5 0.5 -1.5 1
-3.5 1.5 -1.5 7
-3.5 1.5 -0.5 1
-2.5 1.5 -0.5 7
-2.5 1.5 -1.5 1
-2.5 0.5 -1.5 7
-2.5 0.5 -2.5 6
-3.5 0.5 -2.5 7
-3.5 0.5 -3.5 5
-3.5 1.5 -3.5 7
-3.5 1.5 -2.5 5
-2.5 1.5 -2.5 7
-2.5 1.5 -3.5 5
-2.5 0.5 -3.5 7
-1.5 0.5 -3.5 7
-1.5 1.5 -3.5 7
-0.5 1.5 -3.5 7
-0.5 1.5 -2.5 5
-1.5 1.5 -2.5 7
-1.5 0.5 -2.5 7
-0.5 0.5 -2.5 7
-0.5 0.5 -3.5 5
-0.5 0.5 -4.5 4
-1.5 0.5 -4.5 7
-1.5 0.5 -5.5 3
-1.5 1.5 -5.5 7
-1.5 1.5 -4.5 3
-0.5 1.5 -4.5 7
-0.5 1.5 -5.5 3
-0.5 0.5 -5.5 7
-0.5 0.5 -6.5 2
-0.5 0.5 -7.5 1
-0.5 1.5 -7.5 7
-1.5 1.5 -7.5 7
-1.5 0.5 -7.5 7
-1.5 0.5 -6.5 1
-1.5 1.5 -6.5 7
-0.5 1.5 -6.5 7
-0.5 2.5 -6.5 7
-0.5 2.5 -7.5 1
-0.5 3.5 -7.5 7
-1.5 3.5 -7.5 7
-1.5 2.5 -7.5 7
-1.5 2.5 -6.5 1
-1.5 3.5 -6.5 7
-0.5 3.5 -6.5 7
-0.5 3.5 -5.5 2
-0.5 2.5 -5.5 7
-1.5 2.5 -5.5 7
-1.5 2.5 -4.5 3
-0.5 2.5 -4.5 7
-0.5 3.5 -4.5 7
-1.5 3.5 -4.5 7
-1.5 3.5 -5.5 3
-2.5 3.5 -5.5 7
-2.5 2.5 -5.5 7
-3.5 2.5 -5.5 7
-3.5 2.5 -4.5 3
-2.5 2.5 -4.5 7
-2.5 3.5 -4.5 7
-3.5 3.5 -4.5 7
-3.5 3.5 -5.5 3
-3.5 3.5 -6.5 2
-3.5 3.5 -7.5 1
-3.5 2.5 -7.5 7
-2.5 2.5 -7.5 7
-2.5 3.5 -7.5 7
-2.5 3.5 -6.5 1
-2.5 2.5 -6.5 7
-3.5 2.5 -6.5 7
-3.5 1.5 -6.5 7
-3.5 1.5 -7.5 1
-3.5 0.5 -7.5 7
-2.5 0.5 -7.5 7
-2.5 1.5 -7.5 7
-2.5 1.5 -6.5 1
-2.5 0.5 -6.5 7
-3.5 0.5 -6.5 7
-3.5 0.5 -5.5 2
-2.5 0.5 -5.5 7
-2.5 0.5 -4.5 3
-2.5 1.5 -4.5 7
-2.5 1.5 -5.5 3
-3.5 1.5 -5.5 7
-3.5 1.5 -4.5 3
-3.5 0.5 -4.5 7
-4.5 0.5 -4.5 7
-5.5 0.5 -4.5 7
-5.5 0.5 -5.5 3
-5.5 1.5 -5.5 7
-5.5 1.5 -4.5 3
-4.5 1.5 -4.5 7
-4.5 1.5 -5.5 3
-4.5 0.5 -5.5 7
-4.5 0.5 -6.5 2
-4.5 0.5 -7.5 1
-4.5 1.5 -7.5 7
-5.5 1.5 -7.5 7
-5.5 0.5 -7.5 7
-5.5 0.5 -6.5 1
-5.5 1.5 -6.5 7
-4.5 1.5 -6.5 7
-4.5 2.5 -6.5 7
-4.5 2.5 -7.5 1
-4.5 3.5 -7.5 7
-5.5 3.5 -7.5 7
-5.5 2.5 -7.5 7
-5.5 2.5 -6.5 1
-5.5 3.5 -6.5 7
-4.5 3.5 -6.5 7
-4.5 3.5 -5.5 2
-4.5 2.5 -5.5 7
-5.5 2.5 -5.5 7
-5.5 2.5 -4.5 3
-4.5 2.5 -4.5 7
-4.5 3.5 -4.5 7
-5.5 3.5 -4.5 7
-5.5 3.5 -5.5 3
-6.5 3.5 -5.5 7
-6.5 2.5 -5.5 7
-7.5 2.5 -5.5 7
-7.5 2.5 -4.5 3
-6.5 2.5 -4.5 7
-6.5 3.5 -4.5 7
-7.5 3.5 -4.5 7
-7.5 3.5 -5.5 3
-7.5 3.5 -6.5 2
-7.5 3.5 -7.5 1
-7.5 2.5 -7.5 7
-6.5 2.5 -7.5 7
-6.5 3.5 -7.5 7
-6.5 3.5 -6.5 1
-6.5 2.5 -6.5 7
-7.5 2.5 -6.5 7
-7.5 1.5 -6.5 7
-7.5 1.5 -7.5 1
-7.5 0.5 -7.5 7
-6.5 0.5 -7.5 7
-6.5 1.5 -7.5 7
-6.5 1.5 -6.5 1
-6.5 0.5 -6.5 7
-7.5 0.5 -6.5 7
-7.5 0.5 -5.5 2
-6.5 0.5 -5.5 7
-6.5 0.5 -4.5 3
-6.5 1.5 -4.5 7
-6.5 1.5 -5.5 3
-7.5 1.5 -5.5 7
-7.5 1.5 -4.5 3
-7.5 0.5 -4.5 7
-7.5 0.5 -3.5 4
-7.5 1.5 -3.5 7
-6.5 1.5 -3.5 7
-6.5 1.5 -2.5 5
-7.5 1.5 -2.5 7
-7.5 0.5 -2.5 7
-6.5 0.5 -2.5 7
-6.5 0.5 -3.5 5
-5.5 0.5 -3.5 7
-4.5 0.5 -3.5 7
-4.5 0.5 -2.5 5
-4.5 1.5 -2.5 7
-4.5 1.5 -3.5 5
-5.5 1.5 -3.5 7
-5.5 1.5 -2.5 5
-5.5 0.5 -2.5 7
-5.5 0.5 -1.5 6
-4.5 0.5 -1.5 7
-4.5 0.5 -0.5 1
-4.5 1.5 -0.5 7
-4.5 1.5 -1.5 1
-5.5 1.5 -1.5 7
-5.5 1.5 -0.5 1
-5.5 0.5 -0.5 7
-6.5 0.5 -0.5 7
-6.5 0.5 -1.5 1
-6.5 1.5 -1.5 7
-7.5 1.5 -1.5 7
-7.5 0.5 -1.5 7
-7.5 0.5 -0.5 1
-7.5 1.5 -0.5 7
-6.5 1.5 -0.5 7
-6.5 2.5 -0.5 7
-6.5 2.5 -1.5 1
-6.5 3.5 -1.5 7
-7.5 3.5 -1.5 7
-7.5 2.5 -1.5 7
-7.5 2.5 -0.5 1
-7.5 3.5 -0.5 7
-6.5 3.5 -0.5 7
-5.5 3.5 -0.5 7
-4.5 3.5 -0.5 7
-4.5 3.5 -1.5 1
-4.5 2.5 -1.5 7
-4.5 2.5 -0.5 1
-5.5 2.5 -0.5 7
-5.5 2.5 -1.5 1
-5.5 3.5 -1.5 7
-5.5 3.5 -2.5 6
-4.5 3.5 -2.5 7
-4.5 3.5 -3.5 5
-4.5 2.5 -3.5 7
-4.5 2.5 -2.5 5
-5.5 2.5 -2.5 7
-5.5 2.5 -3.5 5
-5.5 3.5 -3.5 7
-6.5 3.5 -3.5 7
-6.5 2.5 -3.5 7
-7.5 2.5 -3.5 7
-7.5 2.5 -2.5 5
-6.5 2.5 -2.5 7
-6.5 3.5 -2.5 7
-7.5 3.5 -2.5 7
-7.5 3.5 -3.5 5
-7.5 4.5 -3.5 7
-7.5 5.5 -3.5 7
-6.5 5.5 -3.5 7
-6.5 5.5 -2.5 5
-7.5 5.5 -2.5 7
-7.5 4.5 -2.5 7
-6.5 4.5 -2.5 7
-6.5 4.5 -3.5 5
-5.5 4.5 -3.5 7
-4.5 4.5 -3.5 7
-4.5 4.5 -2.5 5
-4.5 5.5 -2.5 7
-4.5 5.5 -3.5 5
-5.5 5.5 -3.5 7
-5.5 5.5 -2.5 5
-5.5 4.5 -2.5 7
-5.5 4.5 -1.5 6
-4.5 4.5 -1.5 7
-4.5 4.5 -0.5 1
-4.5 5.5 -0.5 7
-4.5 5.5 -1.5 1
-5.5 5.5 -1.5 7
-5.5 5.5 -0.5 1
-5.5 4.5 -0.5 7
-6.5 4.5 -0.5 7
-6.5 4.5 -1.5 1
-6.5 5.5 -1.5 7
-7.5 5.5 -1.5 7
-7.5 4.5 -1.5 7
-7.5 4.5 -0.5 1
-7.5 5.5 -0.5 7
-6.5 5.5 -0.5 7
-6.5 6.5 -0.5 7
-6.5 6.5 -1.5 1
-6.5 7.5 -1.5 7
-7.5 7.5 -1.5 7
-7.5 6.5 -1.5 7
-7.5 6.5 -0.5 1
-7.5 7.5 -0.5 7
-6.5 7.5 -0.5 7
-5.5 7.5 -0.5 7
-4.5 7.5 -0.5 7
-4.5 7.5 -1.5 1
-4.5 6.5 -1.5 7
-4.5 6.5 -0.5 1
-5.5 6.5 -0.5 7
-5.5 6.5 -1.5 1
-5.5 7.5 -1.5 7
-5.5 7.5 -2.5 6
-4.5 7.5 -2.5 7
-4.5 7.5 -3.5 5
-4.5 6.5 -3.5 7
-4.5 6.5 -2.5 5
-5.5 6.5 -2.5 7
-5.5 6.5 -3.5 5
-5.5 7.5 -3.5 7
-6.5 7.5 -3.5 7
-6.5 6.5 -3.5 7
-7.5 6.5 -3.5 7
-7.5 6.5 -2.5 5
-6.5 6.5 -2.5 7
-6.5 7.5 -2.5 7
-7.5 7.5 -2.5 7
-7.5 7.5 -3.5 5
-7.5 7.5 -4.5 4
-7.5 7.5 -5.5 3
-7.5 6.5 -5.5 7
-6.5 6.5 -5.5 7
-6.5 7.5 -5.5 7
-6.5 7.5 -4.5 3
-6.5 6.5 -4.5 7
-7.5 6.5 -4.5 7
-7.5 5.5 -4.5 7
-7.5 4.5 -4.5 7
-6.5 4.5 -4.5 7
-6.5 4.5 -5.5 3
-7.5 4.5 -5.5 7
-7.5 5.5 -5.5 7
-6.5 5.5 -5.5 7
-6.5 5.5 -4.5 3
-5.5 5.5 -4.5 7
-5.5 4.5 -4.5 7
-4.5 4.5 -4.5 7
-4.5 4.5 -5.5 3
-5.5 4.5 -5.5 7
-5.5 5.5 -5.5 7
-4.5 5.5 -5.5 7
-4.5 5.5 -4.5 3
-4.5 6.5 -4.5 7
-5.5 6.5 -4.5 7
-5.5 6.5 -5.5 3
-5.5 7.5 -5.5 7
-5.5 7.5 -4.5 3
-4.5 7.5 -4.5 7
-4.5 7.5 -5.5 3
-4.5 6.5 -5.5 7
-4.5 6.5 -6.5 2
-5.5 6.5 -6.5 7
-5.5 6.5 -7.5 1
-5.5 7.5 -7.5 7
-5.5 7.5 -6.5 1
-4.5 7.5 -6.5 7
-4.5 7.5 -7.5 1
-4.5 6.5 -7.5 7
-4.5 5.5 -7.5 7
-4.5 4.5 -7.5 7
-5.5 4.5 -7.5 7
-5.5 4.5 -6.5 1
-4.5 4.5 -6.5 7
-4.5 5.5 -6.5 7
-5.5 5.5 -6.5 7
-5.5 5.5 -7.5 1
-6.5 5.5 -7.5 7
-6.5 4.5 -7.5 7
-7.5 4.5 -7.5 7
-7.5 4.5 -6.5 1
-6.5 4.5 -6.5 7
-6.5 5.5 -6.5 7
-7.5 5.5 -6.5 7
-7.5 5.5 -7.5 1
-7.5 6.5 -7.5 7
-7.5 6.5 -6.5 1
-7.5 7.5 -6.5 7
-6.5 7.5 -6.5 7
-6.5 6.5 -6.5 7
-6.5 6.5 -7.5 1
-6.5 7.5 -7.5 7
-7.5 7.5 -7.5 7
