# Hilbert 3D Space-Filling Curve (4x4x4)
#
# by Dan "Spam" Garcia (ddgarcia@cs.berkeley.edu)
# Graduate Student in Computer Science
# University of California at Berkeley 
# http://http.cs.berkeley.edu/~ddgarcia

-1.5 -1.5 -1.5 0
-1.5 -0.5 -1.5 7
-0.5 -0.5 -1.5 7
-0.5 -0.5 -0.5 1
-1.5 -0.5 -0.5 7
-1.5 -1.5 -0.5 7
-0.5 -1.5 -0.5 7
-0.5 -1.5 -1.5 1
0.5 -1.5 -1.5 7
1.5 -1.5 -1.5 7
1.5 -1.5 -0.5 1
1.5 -0.5 -0.5 7
1.5 -0.5 -1.5 1
0.5 -0.5 -1.5 7
0.5 -0.5 -0.5 1
0.5 -1.5 -0.5 7
0.5 -1.5 0.5 2
1.5 -1.5 0.5 7
1.5 -1.5 1.5 3
1.5 -0.5 1.5 7
1.5 -0.5 0.5 3
0.5 -0.5 0.5 7
0.5 -0.5 1.5 3
0.5 -1.5 1.5 7
-0.5 -1.5 1.5 7
-0.5 -1.5 0.5 3
-0.5 -0.5 0.5 7
-1.5 -0.5 0.5 7
-1.5 -1.5 0.5 7
-1.5 -1.5 1.5 3
-1.5 -0.5 1.5 7
-0.5 -0.5 1.5 7
-0.5 0.5 1.5 7
-0.5 0.5 0.5 3
-0.5 1.5 0.5 7
-1.5 1.5 0.5 7
-1.5 0.5 0.5 7
-1.5 0.5 1.5 3
-1.5 1.5 1.5 7
-0.5 1.5 1.5 7
0.5 1.5 1.5 7
1.5 1.5 1.5 7
1.5 1.5 0.5 3
1.5 0.5 0.5 7
1.5 0.5 1.5 3
0.5 0.5 1.5 7
0.5 0.5 0.5 3
0.5 1.5 0.5 7
0.5 1.5 -0.5 2
1.5 1.5 -0.5 7
1.5 1.5 -1.5 1
1.5 0.5 -1.5 7
1.5 0.5 -0.5 1
0.5 0.5 -0.5 7
0.5 0.5 -1.5 1
0.5 1.5 -1.5 7
-0.5 1.5 -1.5 7
-0.5 0.5 -1.5 7
-1.5 0.5 -1.5 7
-1.5 0.5 -0.5 1
-0.5 0.5 -0.5 7
-0.5 1.5 -0.5 7
-1.5 1.5 -0.5 7
-1.5 1.5 -1.5 1
