# Myoglobin, a protein for oxygen storage
# Backbone only
#
# by Tomi Sasaki <sasaki@gibbs.chem.washington.edu>

-16.14423 -6.078 11.94378 0
-15.47323 -5.778 11.97478 3
-14.80223 -5.478001 12.00578 2
-13.60723 -6.477 12.09278 2
-13.70423 -7.085001 12.06328 2
-13.80123 -7.693001 12.03378 1
-13.60723 -6.477 12.09278 0
-12.98273 -6.247 12.16928 2
-12.35823 -6.017 12.24578 3
-11.82873 -6.4945 12.44878 3
-11.29923 -6.972 12.65178 2
-11.37323 -7.203 14.15778 2
-11.45123 -6.7195 14.53528 2
-11.52923 -6.236 14.91278 1
-11.37323 -7.203 14.15778 0
-11.29173 -7.8295 14.37078 2
-11.21023 -8.456 14.58378 3
-11.12523 -8.542 15.30678 3
-11.04023 -8.628 16.02978 2
-9.73223 -8.004001 16.54478 2
-9.247231 -7.880001 16.17828 2
-8.76223 -7.756001 15.81178 1
-9.73223 -8.004001 16.54478 0
-9.71673 -7.953501 17.19128 2
-9.70123 -7.903001 17.83778 3
-9.10873 -7.6685 18.17578 3
-8.51623 -7.434 18.51378 2
-7.36623 -8.423 18.27478 2
-6.81173 -8.2075 18.12528 2
-6.25723 -7.992001 17.97578 1
-7.36623 -8.423 18.27478 0
-7.52973 -9.0695 18.26378 2
-7.69323 -9.716001 18.25278 3
-7.20923 -10.2485 18.06578 3
-6.72523 -10.781 17.87878 2
-6.20423 -10.717 16.42378 2
-5.61873 -10.8675 16.28378 2
-5.03323 -11.018 16.14378 1
-6.20423 -10.717 16.42378 0
-6.63473 -10.504 15.96578 2
-7.06523 -10.291 15.50778 3
-6.82273 -10.2225 14.81478 3
-6.58023 -10.154 14.12178 2
-5.74823 -8.881001 14.00978 2
-5.25573 -8.869 13.63628 2
-4.76323 -8.857 13.26278 1
-5.74823 -8.881001 14.00978 0
-5.94873 -8.3605 14.39028 2
-6.14923 -7.84 14.77078 3
-5.70273 -7.2465 14.78028 3
-5.25623 -6.653001 14.78978 2
-3.88223 -6.955001 15.39578 2
-3.38473 -6.684501 15.14328 2
-2.88723 -6.414001 14.89078 1
-3.88223 -6.955001 15.39578 0
-3.86973 -7.405001 15.90078 2
-3.85723 -7.855 16.40578 3
-3.20123 -8.0655 16.68928 3
-2.54523 -8.276 16.97278 2
-1.60223 -8.857 15.89878 2
-1.01823 -8.665001 15.83078 2
-.4342299 -8.473001 15.76278 1
-1.60223 -8.857 15.89878 0
-1.87973 -9.2955 15.50528 2
-2.15723 -9.734 15.11178 3
-1.80323 -10.081 14.56978 3
-1.44923 -10.428 14.02778 2
-.9272299 -9.426001 13.01178 2
-.3712301 -9.508 12.75828 2
 .1847696 -9.59 12.50478 1
-.9272299 -9.426001 13.01178 0
-1.34473 -8.924001 12.87028 2
-1.76223 -8.422001 12.72878 3
-1.57323 -7.900001 12.23928 3
-1.38423 -7.378 11.74978 2
-.1942301 -6.531 12.24178 2
 .2982697 -6.3885 11.89528 2
 .7907696 -6.246 11.54878 1
-.1942301 -6.531 12.24178 0
-.2627301 -6.301 12.84028 2
-.3312302 -6.071 13.43878 3
 .1607704 -5.5855 13.67378 3
 .652771 -5.1 13.90878 2
 1.948771 -5.776 14.33078 2
 2.485271 -5.4765 14.29078 2
 3.02177 -5.177 14.25078 1
 1.948771 -5.776 14.33078 0
 1.88177 -6.394 14.53278 2
 1.81477 -7.012 14.73478 3
 2.42927 -7.3805 14.90078 3
 3.04377 -7.749001 15.06678 2
 3.96277 -7.977 13.85578 2
 4.55177 -7.811501 13.88878 2
 5.14077 -7.646001 13.92178 1
 3.96277 -7.977 13.85578 0
 3.66627 -8.133 13.27878 2
 3.36977 -8.289001 12.70178 3
 3.74527 -8.272501 12.06528 3
 4.12077 -8.256001 11.42878 2
 4.60877 -6.870001 10.92878 2
 5.17727 -6.805001 10.68928 2
 5.74577 -6.740001 10.44978 1
 4.60877 -6.870001 10.92878 0
 4.217771 -6.337501 11.06128 2
 3.826771 -5.805 11.19378 3
 4.023271 -5.118501 10.99828 3
 4.21977 -4.432001 10.80278 2
 5.406771 -3.839001 11.58478 2
 5.82927 -3.488501 11.31128 2
 6.25177 -3.138 11.03778 1
 5.406771 -3.839001 11.58478 0
 5.45627 -4.017501 12.20728 2
 5.50577 -4.196001 12.82978 3
 6.08427 -4.0045 13.23428 3
 6.662769 -3.813 13.63878 2
 7.975771 -4.356001 13.05878 2
 8.51527 -4.0705 13.15378 2
 9.05477 -3.785 13.24878 1
 7.975771 -4.356001 13.05878 0
 7.929271 -4.920501 12.71678 2
 7.882771 -5.485001 12.37478 3
 8.47577 -5.7625 12.03378 3
 9.068769 -6.04 11.69278 2
 9.312771 -5.258 10.39478 2
 9.88677 -5.100501 10.22028 2
 10.46077 -4.943001 10.04578 1
 9.312771 -5.258 10.39478 0
 8.753771 -5.081501 10.05978 2
 8.194771 -4.905001 9.724779 3
 8.271271 -4.471001 9.132779 3
 8.347771 -4.037001 8.540779 2
 9.06377 -2.748001 8.92478 2
 9.46927 -2.493001 8.53778 2
 9.874769 -2.238001 8.15078 1
 9.06377 -2.748001 8.92478 0
 8.93377 -2.521501 9.533279 2
 8.80377 -2.295 10.14178 3
 9.09627 -1.651 10.32678 3
 9.388769 -1.007 10.51178 2
 10.89477 -.9910011 10.78678 2
 11.20477 -.4540005 10.74928 2
 11.51477 8.300018E-02 10.71178 1
 10.89477 -.9910011 10.78678 0
 11.16827 -1.5965 10.83728 2
 11.44177 -2.202 10.88778 3
 12.16927 -2.29 10.93428 3
 12.89677 -2.378 10.98078 2
 13.66177 -2.171 9.66078 2
 14.24327 -1.971 9.66678 2
 14.82477 -1.771 9.672779 1
 13.66177 -2.171 9.66078 0
 13.30727 -2.2025 9.10378 2
 12.95277 -2.234001 8.54678 3
 13.26027 -2.031001 7.91228 3
 13.56777 -1.828001 7.27778 2
 12.50677 -1.316 6.33478 2
 12.30977 -1.679 5.87728 2
 12.11277 -2.042 5.41978 1
 12.50677 -1.316 6.33478 0
 12.25627 -.7370005 6.49128 2
 12.00577 -.1580009 6.647779 3
 11.45627 .1039991 6.24378 3
 10.90677 .3659992 5.83978 2
 11.33377 .6049995 4.397779 2
 10.94777 .4719992 3.93628 2
 10.56177 .3389988 3.47478 1
 11.33377 .6049995 4.397779 0
 11.92227 .9059992 4.32378 2
 12.51077 1.206999 4.24978 3
 12.74877 1.404499 3.59028 3
 12.98677 1.601999 2.930779 2
 13.22477 .4049988 2.00578 2
 12.99577 .4124994 1.43178 2
 12.76677 .4200001 .8577795 1
 13.22477 .4049988 2.00578 0
 13.47177 -.1410007 2.29728 2
 13.71877 -.6870003 2.588779 3
 13.75527 -1.319 2.21878 3
 13.79177 -1.951 1.84878 2
 12.42177 -2.555 1.516779 2
 12.29077 -2.7185 .9362795 2
 12.15977 -2.882 .3557796 1
 12.42177 -2.555 1.516779 0
 11.97177 -2.564 2.00528 2
 11.52177 -2.573 2.49378 3
 10.83977 -2.818501 2.34228 3
 10.15777 -3.064001 2.19078 2
 9.384769 -2.234001 1.15078 2
 9.035769 -2.489501 .7102797 2
 8.686769 -2.745001 .2697797 1
 9.384769 -2.234001 1.15078 0
 9.45327 -1.598001 1.21128 2
 9.52177 -.9619999 1.27178 3
 9.17577 -.5039997 .8272796 3
 8.829769 -4.599953E-02 .3827796 2
 9.33877 -9.900093E-02 -1.049221 2
 8.94777 3.949928E-02 -1.50572 2
 8.55677 .1779995 -1.96222 1
 9.33877 -9.900093E-02 -1.049221 0
 9.98677 -.2545004 -1.116721 2
 10.63477 -.4099998 -1.184221 3
 10.91827 -.4355001 -1.856721 3
 11.20177 -.4610004 -2.529221 2
 10.78777 -1.738001 -3.24922 2
 10.65877 -1.717001 -3.85022 2
 10.52977 -1.696001 -4.451221 1
 10.78777 -1.738001 -3.24922 0
 10.78377 -2.293 -2.87772 2
 10.77977 -2.848 -2.50622 3
 10.56327 -3.5025 -2.77922 3
 10.34677 -4.157 -3.05222 2
 8.87977 -4.073 -3.46322 2
 8.681271 -4.386001 -3.95472 2
 8.482771 -4.699001 -4.44622 1
 8.87977 -4.073 -3.46322 0
 8.47577 -3.76 -3.039721 2
 8.07177 -3.447001 -2.61622 3
 7.34427 -3.403001 -2.74422 3
 6.61677 -3.359001 -2.872221 2
 6.32877 -2.565001 -4.13722 2
 5.96877 -2.805 -4.57522 2
 5.60877 -3.045 -5.01322 1
 6.32877 -2.565001 -4.13722 0
 6.63627 -1.983001 -4.18422 2
 6.943769 -1.401001 -4.23122 3
 6.841269 -.9955006 -4.83972 3
 6.73877 -.5900002 -5.44822 2
 7.239771 -1.312 -6.70322 2
 6.90027 -1.335501 -7.21872 2
 6.56077 -1.359001 -7.734221 1
 7.239771 -1.312 -6.70322 0
 7.81077 -1.6315 -6.63722 2
 8.381769 -1.951 -6.57122 3
 8.647269 -2.339001 -7.14972 3
 8.912769 -2.727001 -7.72822 2
 7.975771 -3.84 -8.20722 2
 7.87127 -3.92 -8.81422 2
 7.766769 -4 -9.421221 1
 7.975771 -3.84 -8.20722 0
 7.68527 -4.185 -7.71272 2
 7.39477 -4.530001 -7.218221 3
 6.91727 -5.074 -7.365221 3
 6.43977 -5.618 -7.51222 2
 5.173771 -5.072001 -8.16922 2
 4.95977 -5.324501 -8.690721 2
 4.74577 -5.577001 -9.212221 1
 5.173771 -5.072001 -8.16922 0
 4.94777 -4.5035 -7.91772 2
 4.721769 -3.934999 -7.666221 3
 4.13727 -3.5965 -7.98522 3
 3.552771 -3.258001 -8.30422 2
 3.83577 -2.898001 -9.76922 2
 3.42577 -3.0415 -10.20972 2
 3.01577 -3.184999 -10.65022 1
 3.83577 -2.898001 -9.76922 0
 4.42377 -2.591001 -9.872721 2
 5.01177 -2.284 -9.976221 3
 5.19777 -2.049001 -10.64722 3
 5.38377 -1.814001 -11.31822 2
 5.54077 -2.934999 -12.34622 2
 5.34427 -2.876 -12.92972 2
 5.14777 -2.817001 -13.51322 1
 5.54077 -2.934999 -12.34622 0
 5.83077 -3.471 -12.12022 2
 6.12077 -4.007 -11.89422 3
 6.218269 -4.5535 -12.36222 3
 6.315769 -5.1 -12.83022 2
 5.03677 -5.922001 -13.05722 2
 4.90927 -6.1685 -13.60972 2
 4.781771 -6.415 -14.16222 1
 5.03677 -5.922001 -13.05722 0
 4.67227 -6.053 -12.52672 2
 4.30777 -6.184 -11.99622 3
 3.71327 -6.604 -12.09022 3
 3.118771 -7.024 -12.18422 2
 2.000771 -6.326 -12.96322 2
 1.59477 -6.6625 -13.28772 2
 1.18877 -6.999001 -13.61222 1
 2.000771 -6.326 -12.96322 0
 1.984771 -5.6635 -12.89522 2
 1.968771 -5.001 -12.82722 3
 1.45927 -4.538001 -13.10572 3
 .94977 -4.075001 -13.38422 2
 1.582769 -2.761 -13.88922 2
 1.50877 -2.225 -13.59172 2
 1.434771 -1.689001 -13.29422 1
 1.582769 -2.761 -13.88922 0
 1.87027 -2.792 -14.48022 2
 2.15777 -2.823 -15.07122 3
 2.53127 -2.269 -15.37822 3
 2.90477 -1.715 -15.68522 2
 2.128771 -.4090004 -15.78522 2
 2.42677 .1289997 -15.84622 2
 2.72477 .6669998 -15.90722 1
 2.128771 -.4090004 -15.78522 0
 1.474271 -.4805002 -15.84222 2
 .8197708 -.552 -15.89922 3
 .3947706 3.049946E-02 -15.98922 3
-3.022957E-02 .612999 -16.07922 2
 1.576996E-02 1.548 -14.85722 2
-7.073021E-02 2.152 -14.93122 2
-.1572304 2.756001 -15.00522 1
 1.576996E-02 1.548 -14.85722 0
 .1752701 1.2775 -14.27322 2
 .3347702 1.007 -13.68922 3
 .37677 1.4325 -13.09072 3
 .4187698 1.858 -12.49222 2
 1.65377 2.779999 -12.49022 2
 1.65027 3.339499 -12.22372 2
 1.64677 3.899 -11.95722 1
 1.65377 2.779999 -12.49022 0
 2.16527 2.550499 -12.83272 2
 2.676769 2.320999 -13.17522 3
 3.284269 2.727499 -13.21122 3
 3.891769 3.133999 -13.24722 2
 3.61577 4.390999 -14.08022 2
 3.89627 4.921 -13.93272 2
 4.176769 5.451 -13.78522 1
 3.61577 4.390999 -14.08022 0
 3.17477 4.324499 -14.57872 2
 2.73377 4.257999 -15.07722 3
 2.552771 4.850499 -15.50122 3
 2.371771 5.442999 -15.92522 2
 1.60877 6.549 -15.21122 2
 1.70977 7.134 -15.37722 2
 1.81077 7.719 -15.54322 1
 1.60877 6.549 -15.21122 0
 1.32977 6.372 -14.63522 2
 1.05077 6.195 -14.05922 3
 .7867699 6.691999 -13.58322 3
 .5227699 7.188999 -13.10722 2
 1.62277 8.013 -12.41822 2
 1.49327 8.5385 -12.12172 2
 1.36377 9.063999 -11.82522 1
 1.62277 8.013 -12.41822 0
 2.236771 7.777 -12.44072 2
 2.850771 7.541 -12.46322 3
 3.37627 7.93 -12.12772 3
 3.90177 8.319 -11.79222 2
 4.83077 9.066999 -12.74322 2
 5.23727 8.751499 -13.08422 2
 5.64377 8.435999 -13.42522 1
 4.83077 9.066999 -12.74322 0
 4.71477 9.720499 -12.81222 2
 4.59877 10.374 -12.88122 3
 5.01627 10.75 -13.34972 3
 5.433769 11.126 -13.81822 2
 6.89777 11.059 -13.38522 2
 7.34977 10.9995 -13.80622 2
 7.801769 10.94 -14.22722 1
 6.89777 11.059 -13.38522 0
 6.98727 11.041 -12.72672 2
 7.076771 11.023 -12.06822 3
 7.757771 10.971 -11.79722 3
 8.43877 10.919 -11.52622 2
 9.170771 9.594999 -11.64422 2
 9.78577 9.577 -11.55622 2
 10.40077 9.559 -11.46822 1
 9.170771 9.594999 -11.64422 0
 8.80927 9.080999 -11.83122 2
 8.447769 8.566999 -12.01822 3
 8.77177 7.9105 -12.08522 3
 9.09577 7.254 -12.15222 2
 8.992769 6.643 -13.55722 2
 9.21877 6.0785 -13.65922 2
 9.444771 5.514 -13.76122 1
 8.992769 6.643 -13.55722 0
 8.64327 6.990499 -13.99572 2
 8.29377 7.337999 -14.43422 3
 8.07177 7.088499 -15.09472 3
 7.84977 6.838999 -15.75522 2
 8.975771 6.504999 -16.71622 2
 8.85027 6.183499 -17.23372 2
 8.72477 5.862 -17.75122 1
 8.975771 6.504999 -16.71622 0
 9.56377 6.7335 -16.51422 2
 10.15177 6.962 -16.31222 3
 10.77527 6.877 -16.69072 3
 11.39877 6.792 -17.06922 2
 12.09477 5.459 -16.79522 2
 12.54077 5.244499 -17.16372 2
 12.98677 5.029999 -17.53222 1
 12.09477 5.459 -16.79522 0
 11.92177 5.144 -16.24622 2
 11.74877 4.829 -15.69722 3
 12.09677 4.1935 -15.51022 3
 12.44477 3.557999 -15.32322 2
 11.89377 2.396999 -16.13022 2
 11.28527 2.287999 -16.12922 2
 10.67677 2.178999 -16.12822 1
 11.89377 2.396999 -16.13022 0
 12.32927 2.058499 -16.48922 2
 12.76477 1.719999 -16.84822 3
 12.53477 1.168499 -17.28872 3
 12.30477 .6169987 -17.72922 2
 12.63877 -.7700005 -17.15322 2
 12.27777 -1.26 -17.21722 2
 11.91677 -1.75 -17.28122 1
 12.63877 -.7700005 -17.15322 0
 13.19327 -.8270006 -16.82072 2
 13.74777 -.8840008 -16.48822 3
 13.91727 -1.549001 -16.24722 3
 14.08677 -2.214001 -16.00622 2
 14.06477 -2.325001 -14.48022 2
 14.13227 -1.826501 -14.12822 2
 14.19977 -1.328001 -13.77622 1
 14.06477 -2.325001 -14.48022 0
 14.06027 -2.938001 -14.24072 2
 14.05577 -3.551001 -14.00122 3
 14.07277 -3.6575 -13.28822 3
 14.08977 -3.764 -12.57522 2
 15.38677 -3.254 -11.94722 2
 15.36427 -2.942 -11.41322 2
 15.34177 -2.630001 -10.87922 1
 15.38677 -3.254 -11.94722 0
 15.93527 -3.338 -12.31372 2
 16.48377 -3.422001 -12.68022 3
 17.13427 -3.144501 -12.43872 3
 17.78477 -2.867001 -12.19722 2
 17.75077 -1.343 -12.02022 2
 17.98277 -1.0935 -11.50572 2
 18.21477 -.8439999 -10.99122 1
 17.75077 -1.343 -12.02022 0
 17.46477 -.9895 -12.51472 2
 17.17877 -.6359997 -13.00922 3
 17.12627 9.350014E-02 -12.94072 3
 17.07377 .823 -12.87222 2
 16.19577 1.177999 -11.67622 2
 16.35327 1.643 -11.30322 2
 16.51077 2.108 -10.93022 1
 16.19577 1.177999 -11.67622 0
 15.67227 .7814999 -11.57072 2
 15.14877 .3850002 -11.46522 3
 14.68527 .5469999 -10.90022 3
 14.22177 .7089996 -10.33522 2
 14.91277 .5919991 -9.00222 2
 14.87127 1.053499 -8.59722 2
 14.82977 1.514999 -8.192221 1
 14.91277 .5919991 -9.00222 0
 15.27627 3.749943E-02 -8.949221 2
 15.63977 -.5170002 -8.896221 3
 16.01777 -.6505003 -8.286221 3
 16.39577 -.7840004 -7.67622 2
 17.43677 .2840004 -7.38922 2
 17.59427 .3964996 -6.80222 2
 17.75177 .5089989 -6.21522 1
 17.43677 .2840004 -7.38922 0
 17.69027 .5780001 -7.93222 2
 17.94377 .8719997 -8.475221 3
 18.47477 1.3775 -8.419721 3
 19.00577 1.882999 -8.364221 2
 18.50677 3.253 -7.89422 2
 18.89977 3.658 -7.65672 2
 19.29277 4.063 -7.41922 1
 18.50677 3.253 -7.89422 0
 17.87427 3.3955 -8.00522 2
 17.24177 3.538 -8.11622 3
 16.98627 4.2075 -7.96972 3
 16.73077 4.876999 -7.82322 2
 16.50277 5.18 -6.336221 2
 16.11077 4.8415 -5.998721 2
 15.71877 4.503 -5.661221 1
 16.50277 5.18 -6.336221 0
 16.86127 5.694 -6.094221 2
 17.21977 6.208 -5.852221 3
 17.11127 6.4635 -5.16572 3
 17.00277 6.719 -4.47922 2
 15.61877 7.344999 -4.33022 2
 15.31777 7.294499 -3.79722 2
 15.01677 7.243999 -3.26422 1
 15.61877 7.344999 -4.33022 0
 15.39627 7.686999 -4.85072 2
 15.17377 8.028999 -5.371221 3
 14.52227 8.381499 -5.32472 3
 13.87077 8.733999 -5.27822 2
 12.70177 7.75 -5.140221 2
 12.22527 7.8805 -4.770221 2
 11.74877 8.011 -4.40022 1
 12.70177 7.75 -5.140221 0
 12.75077 7.188 -5.49122 2
 12.79977 6.625999 -5.84222 3
 12.28877 6.089 -5.77972 3
 11.77777 5.552 -5.71722 2
 11.75977 4.948999 -4.30922 2
 11.22777 4.8375 -4.018721 2
 10.69577 4.726 -3.72822 1
 11.75977 4.948999 -4.30922 0
 12.35627 4.835999 -4.04872 2
 12.95277 4.723 -3.78822 3
 13.03177 4.527499 -3.08822 3
 13.11077 4.331999 -2.38822 2
 12.53577 5.355999 -1.401221 2
 12.18227 5.1675 -.9347205 2
 11.82877 4.979 -.4682205 1
 12.53577 5.355999 -1.401221 0
 12.64727 5.9955 -1.538221 2
 12.75877 6.635 -1.67522 3
 12.47427 7.188 -1.263721 3
 12.18977 7.740999 -.8522205 2
 10.66777 7.682999 -.8282204 2
 10.36277 7.749 -.2982204 2
 10.05777 7.815001 .2317796 1
 10.66777 7.682999 -.8282204 0
 10.38327 7.574499 -1.41022 2
 10.09877 7.466 -1.99222 3
 9.36727 7.429999 -2.04222 3
 8.635771 7.393999 -2.09222 2
 8.06477 6.108999 -1.47122 2
 7.55577 6.143999 -1.13172 2
 7.04677 6.178999 -.7922204 1
 8.06477 6.108999 -1.47122 0
 8.436769 5.556 -1.50022 2
 8.808769 5.003 -1.52922 3
 8.596769 4.4 -1.16872 3
 8.384769 3.796999 -.8082204 2
 8.339769 3.99 .7077794 2
 7.87227 3.7515 1.042779 2
 7.40477 3.513 1.377779 1
 8.339769 3.99 .7077794 0
 8.80627 4.388 .9567795 2
 9.27277 4.785999 1.20578 3
 9.22327 4.983999 1.92578 3
 9.173771 5.181999 2.64578 2
 7.916771 6.007999 2.96678 2
 7.583771 5.879 3.47228 2
 7.250771 5.75 3.977779 1
 7.916771 6.007999 2.96678 0
 7.75177 6.466499 2.51478 2
 7.586769 6.924999 2.062779 3
 6.99327 7.355 2.13628 3
 6.399771 7.785 2.20978 2
 5.11677 6.982 2.325779 2
 4.73827 7.0715 2.805779 2
 4.35977 7.160999 3.285779 1
 5.11677 6.982 2.325779 0
 5.06677 6.489 1.88328 2
 5.016769 5.996 1.44078 3
 4.41477 5.5745 1.40878 3
 3.812771 5.153 1.37678 2
 3.639771 4.23 2.582779 2
 3.11277 4.235 2.901279 2
 2.58577 4.24 3.219779 1
 3.639771 4.23 2.582779 0
 4.169271 3.893999 2.77828 2
 4.698771 3.557999 2.97378 3
 4.64777 3.107499 3.56678 3
 4.596769 2.657 4.15978 2
 4.433769 3.372999 5.48578 2
 4.141769 3.103 5.95028 2
 3.84977 2.833 6.41478 1
 4.433769 3.372999 5.48578 0
 4.69277 3.9765 5.51528 2
 4.951771 4.58 5.54478 3
 4.87277 4.983 6.15078 3
 4.79377 5.386 6.75678 2
 3.35677 5.851999 6.906779 2
 3.08777 5.822499 7.46278 2
 2.818769 5.792999 8.01878 1
 3.35677 5.851999 6.906779 0
 3.06227 6.0245 6.334779 2
 2.767771 6.197001 5.762779 3
 2.066771 6.425 5.755779 3
 1.36577 6.653 5.748779 2
 .4107704 5.487 6.031779 2
-9.22966E-03 5.556499 6.470279 2
-.4292297 5.625999 6.908779 1
 .4107704 5.487 6.031779 0
 .5702705 4.897499 5.76378 2
 .7297707 4.307999 5.49578 3
 .3582702 3.6865 5.63278 3
-1.323032E-02 3.065001 5.769779 2
 .1447697 2.591 7.20978 2
-.31673 2.330999 7.52478 2
-.7782297 2.070999 7.83978 1
 .1447697 2.591 7.20978 0
 .7282696 2.702 7.460279 2
 1.311769 2.813 7.710779 3
 1.43577 2.6255 8.40278 3
 1.559771 2.438 9.09478 2
 .7577705 3.271 10.09178 2
 .4927702 3.005 10.57878 2
 .2277699 2.739 11.06578 1
 .7577705 3.271 10.09178 0
 .7077703 3.9085 9.95228 2
 .6577702 4.546 9.812779 3
 .2577701 5.0005 10.24078 3
-.14223 5.455 10.66878 2
-1.59923 5.032 10.72778 2
-1.93123 5.106999 11.24278 2
-2.26323 5.181999 11.75778 1
-1.59923 5.032 10.72778 0
-1.82223 4.776999 10.16028 2
-2.04523 4.521999 9.592779 3
-2.73673 4.289999 9.51878 3
-3.42823 4.057999 9.444779 2
-3.65623 2.74 10.19478 2
-4.11923 2.678499 10.59528 2
-4.58223 2.616999 10.99578 1
-3.65623 2.74 10.19478 0
-3.20523 2.2695 10.09778 2
-2.75423 1.799 10.00078 3
-2.83673 1.151999 10.31878 3
-2.91923 .5049992 10.63678 2
-2.82623 .5900002 12.16178 2
-3.16573 .2220001 12.52078 2
-3.50523 -.1459999 12.87978 1
-2.82623 .5900002 12.16178 0
-2.42523 1.0455 12.40478 2
-2.02423 1.500999 12.64778 3
-1.98373 1.546499 13.38578 3
-1.94323 1.591999 14.12378 2
-3.15323 2.293999 14.73278 2
-3.18423 2.385499 15.33778 2
-3.21523 2.476999 15.94278 1
-3.15323 2.293999 14.73278 0
-3.64223 2.465499 14.32778 2
-4.13123 2.636999 13.92278 3
-4.73023 2.968499 14.20428 3
-5.32923 3.299999 14.48578 2
-6.44523 2.272999 14.63678 2
-6.97823 2.4035 14.92328 2
-7.51123 2.534 15.20978 1
-6.44523 2.272999 14.63678 0
-6.27073 1.684999 14.39478 2
-6.09623 1.097 14.15278 3
-6.54023 .5144997 14.19278 3
-6.98423 -6.800079E-02 14.23278 2
-8.41223 .2869987 13.84778 2
-8.87623 .1464996 14.23078 2
-9.34023 6.000519E-03 14.61378 1
-8.41223 .2869987 13.84778 0
-8.488729 .5239992 13.23478 2
-8.565229 .7609997 12.62178 3
-9.24673 .901 12.39928 3
-9.92823 1.041 12.17678 2
-10.42223 2.452999 12.50478 2
-10.82473 2.718499 12.12978 2
-11.22723 2.983999 11.75478 1
-10.42223 2.452999 12.50478 0
-10.13073 2.787 12.99578 2
-9.83923 3.121 13.48678 3
-10.06823 3.82 13.62278 3
-10.29723 4.518999 13.75878 2
-9.44123 5.566 13.03978 2
-9.01923 5.9015 13.34978 2
-8.59723 6.237 13.65978 1
-9.44123 5.566 13.03978 0
-9.471729 5.518499 12.37978 2
-9.50223 5.470999 11.71978 3
-9.01373 5.815999 11.28728 3
-8.52523 6.160999 10.85478 2
-9.101231 7.254 9.960779 2
-8.759231 7.4635 9.485779 2
-8.417231 7.673 9.010779 1
-9.101231 7.254 9.960779 0
-9.70473 7.467 10.13278 2
-10.30823 7.68 10.30478 3
-10.65973 8.2095 9.93078 3
-11.01123 8.739 9.55678 2
-10.13423 9.956999 9.18178 2
-10.15823 10.187 8.61428 2
-10.18223 10.417 8.04678 1
-10.13423 9.956999 9.18178 0
-9.71373 10.1975 9.627279 2
-9.29323 10.438 10.07278 3
-8.92523 11.0555 9.932779 3
-8.55723 11.673 9.79278 2
-7.32323 11.468 8.920779 2
-7.03973 11.9535 8.672779 2
-6.75623 12.439 8.42478 1
-7.32323 11.468 8.920779 0
-7.04723 10.8695 8.94578 2
-6.77123 10.271 8.970779 3
-6.15523 10.1425 8.57728 3
-5.53923 10.014 8.18378 2
-5.97223 9.635 6.75678 2
-5.64523 9.7645 6.24578 2
-5.31823 9.893999 5.734779 1
-5.97223 9.635 6.75678 0
-6.53723 9.3105 6.736279 2
-7.10223 8.986 6.715779 3
-7.31573 8.703 6.07728 3
-7.52923 8.42 5.43878 2
-8.15723 9.466 4.52578 2
-8.038731 9.4605 3.92128 2
-7.92023 9.455 3.31678 1
-8.15723 9.466 4.52578 0
-8.51923 9.9275 4.829279 2
-8.881229 10.389 5.132779 3
-9.23273 10.9085 4.750779 3
-9.58423 11.428 4.368779 2
-8.71723 12.231 3.40078 2
-8.86623 12.2335 2.80278 2
-9.01523 12.236 2.20478 1
-8.71723 12.231 3.40078 0
-8.127729 12.4615 3.60628 2
-7.53823 12.692 3.811779 3
-7.10773 13.072 3.348279 3
-6.67723 13.452 2.884779 2
-6.06423 12.602 1.77078 2
-5.96323 12.8285 1.20578 2
-5.86223 13.055 .6407795 1
-6.06423 12.602 1.77078 0
-5.90073 11.9965 1.94878 2
-5.73723 11.391 2.12678 3
-5.48023 10.896 1.63978 3
-5.22323 10.401 1.15278 2
-6.29723 10.141 7.577944E-02 2
-6.13773 10.173 -.5167205 2
-5.97823 10.205 -1.109221 1
-6.29723 10.141 7.577944E-02 0
-6.92073 10.0105 .2737794 2
-7.54423 9.879999 .4717793 3
-8.06573 9.766999 -4.772055E-02 3
-8.58723 9.653999 -.5672204 2
-8.72923 10.881 -1.45822 2
-8.77973 10.8165 -2.06872 2
-8.83023 10.752 -2.67922 1
-8.72923 10.881 -1.45822 0
-8.725229 11.4595 -1.140221 2
-8.72123 12.038 -.8222206 3
-8.81673 12.6495 -1.21472 3
-8.91223 13.261 -1.60722 2
-7.78623 13.422 -2.61922 2
-7.91873 13.6095 -3.18772 2
-8.051229 13.797 -3.75622 1
-7.78623 13.422 -2.61922 0
-7.16673 13.3215 -2.39922 2
-6.54723 13.221 -2.17922 3
-5.99823 13.3505 -2.65322 3
-5.44923 13.48 -3.12722 2
-5.46823 12.451 -4.253221 2
-5.37073 12.6115 -4.841721 2
-5.27323 12.772 -5.430221 1
-5.46823 12.451 -4.253221 0
-5.58073 11.83 -4.05222 2
-5.69323 11.209 -3.85122 3
-5.64973 10.6645 -4.34422 3
-5.60623 10.12 -4.83722 2
-6.79023 10.107 -5.79522 2
-6.71373 9.9515 -6.387721 2
-6.63723 9.796 -6.980221 1
-6.79023 10.107 -5.79522 0
-7.33773 10.3835 -5.544721 2
-7.88523 10.66 -5.29422 3
-8.464729 10.769 -5.723221 3
-9.04423 10.878 -6.152221 2
-8.79423 12.005 -7.140221 2
-8.87523 11.9185 -7.747721 2
-8.95623 11.832 -8.355221 1
-8.79423 12.005 -7.140221 0
-8.77223 12.59 -6.847721 2
-8.75023 13.175 -6.555221 3
-8.80573 13.7955 -6.959721 3
-8.86123 14.416 -7.364221 2
-7.55223 14.833 -8.039221 2
-7.56123 15.1775 -8.55022 2
-7.57023 15.522 -9.06122 1
-7.55223 14.833 -8.039221 0
-7.00223 14.67 -7.718221 2
-6.452229 14.507 -7.397221 3
-5.80023 14.726 -7.655721 3
-5.14823 14.945 -7.914221 2
-4.41123 13.83 -8.65622 2
-4.19123 13.9145 -9.226721 2
-3.97123 13.999 -9.79722 1
-4.41123 13.83 -8.65622 0
-4.32873 13.2665 -8.33222 2
-4.24623 12.703 -8.008221 3
-3.84773 12.1935 -8.355721 3
-3.44923 11.684 -8.70322 2
-4.27323 10.874 -9.706221 2
-3.99373 10.548 -10.15372 2
-3.71423 10.222 -10.60122 1
-4.27323 10.874 -9.706221 0
-4.92473 10.8665 -9.57822 2
-5.57623 10.859 -9.45022 3
-6.03323 10.455 -9.86822 3
-6.49023 10.051 -10.28622 2
-6.17923 8.548 -10.25622 2
-6.10023 8.2215 -10.77422 2
-6.02123 7.895 -11.29222 1
-6.17923 8.548 -10.25622 0
-6.17373 8.259 -9.66072 2
-6.16823 7.969999 -9.06522 3
-5.98973 7.242999 -9.01072 3
-5.81123 6.515999 -8.956221 2
-7.06623 5.660999 -8.81522 2
-7.36173 5.693999 -8.27622 2
-7.65723 5.726999 -7.737221 1
-7.06623 5.660999 -8.81522 0
-7.23423 5.247999 -9.31172 2
-7.40223 4.834999 -9.80822 3
-7.96573 4.365999 -9.76322 3
-8.52923 3.896999 -9.71822 2
-8.44423 2.990999 -8.48822 2
-7.89873 2.777499 -8.29172 2
-7.35323 2.563999 -8.095221 1
-8.44423 2.990999 -8.48822 0
-9.02073 2.891 -8.16572 2
-9.59723 2.791 -7.843221 3
-9.62023 2.334 -7.261721 3
-9.64323 1.876999 -6.680221 2
-9.020229 .5030003 -6.949221 2
-8.712729 .2275 -6.494221 2
-8.40523 -4.800034E-02 -6.039221 1
-9.020229 .5030003 -6.949221 0
-9.07473 .2515001 -7.574221 2
-9.12923 0 -8.199221 3
-8.81223 -.6415005 -8.41322 3
-8.49523 -1.283001 -8.62722 2
-6.97223 -1.318001 -8.404221 2
-6.68373 -1.852501 -8.293221 2
-6.39523 -2.387001 -8.18222 1
-6.97223 -1.318001 -8.404221 0
-6.65273 -.7355003 -8.486721 2
-6.33323 -.1529999 -8.569221 3
-5.60123 -.1044998 -8.48222 3
-4.86923 -5.599976E-02 -8.39522 2
-4.57623 -.1480007 -6.90022 2
-4.06473 -.4175005 -6.69322 2
-3.55323 -.6870003 -6.48622 1
-4.57623 -.1480007 -6.90022 0
-5.04823 .072999 -6.49672 2
-5.52023 .2939987 -6.093221 3
-5.41623 .1924992 -5.370721 3
-5.31223 .0909996 -4.648221 2
-5.40723 -1.379 -4.22422 2
-5.02773 -1.6 -3.78822 2
-4.64823 -1.821001 -3.352221 1
-5.40723 -1.379 -4.22422 0
-5.77573 -1.7585 -4.617721 2
-6.14423 -2.138 -5.01122 3
-6.14473 -2.868501 -4.94622 3
-6.14523 -3.599001 -4.88122 2
-4.81723 -4.242001 -5.33322 2
-4.54423 -4.7025 -5.016221 2
-4.27123 -5.163 -4.699221 1
-4.81723 -4.242001 -5.33322 0
-4.53873 -3.971001 -5.86472 2
-4.26023 -3.700001 -6.39622 3
-3.60423 -3.964001 -6.63072 3
-2.94823 -4.228001 -6.865221 2
-1.80623 -4.004 -5.858221 2
-1.45473 -4.476 -5.671721 2
-1.10323 -4.948 -5.48522 1
-1.80623 -4.004 -5.858221 0
-1.75473 -3.388 -5.598221 2
-1.70323 -2.772001 -5.338221 3
-1.20423 -2.650001 -4.81772 3
-.7052298 -2.528 -4.29722 2
-.9352303 -3.331001 -3.01822 2
-.4462299 -3.588501 -2.74172 2
 4.277039E-02 -3.846001 -2.46522 1
-.9352303 -3.331001 -3.01822 0
-1.57473 -3.484501 -2.875721 2
-2.21423 -3.638 -2.733221 3
-2.36573 -4.083 -2.164721 3
-2.51723 -4.528 -1.59622 2
-1.98023 -5.949 -1.82422 2
-1.69023 -6.251 -1.37122 2
-1.40023 -6.553 -.9182205 1
-1.98023 -5.949 -1.82422 0
-2.03623 -6.186501 -2.438221 2
-2.09223 -6.424001 -3.05222 3
-1.79973 -7.081501 -3.19672 3
-1.50723 -7.739 -3.34122 2
 1.477051E-02 -7.668 -3.24122 2
 .3412704 -8.151001 -3.03572 2
 .6677704 -8.634001 -2.83022 1
 1.477051E-02 -7.668 -3.24122 0
 .2757702 -7.1095 -3.47572 2
 .5367699 -6.551001 -3.71022 3
 1.27727 -6.4715 -3.684721 3
 2.017771 -6.392 -3.65922 2
 2.552771 -6.42 -2.227221 2
 3.05727 -6.7445 -2.092721 2
 3.561769 -7.069 -1.95822 1
 2.552771 -6.42 -2.227221 0
 2.20127 -6.085 -1.781221 2
 1.84977 -5.75 -1.335221 3
 2.05227 -5.739 -.6222206 3
 2.25477 -5.728001 .0907793 2
 2.298771 -7.129001 .7157793 2
 2.80027 -7.3335 1.025779 2
 3.301769 -7.538 1.33578 1
 2.298771 -7.129001 .7157793 0
 1.786771 -7.5105 .5467794 2
 1.274771 -7.892 .3777795 3
 1.20827 -8.5655 .6622796 3
 1.141769 -9.239 .9467797 2
 2.18277 -10.19 .3937798 2
 2.51777 -10.538 .7787797 2
 2.85277 -10.886 1.16378 1
 2.18277 -10.19 .3937798 0
 2.28027 -10.1305 -.2532203 2
 2.377769 -10.071 -.9002204 3
 2.92777 -10.463 -1.17922 3
 3.47777 -10.855 -1.45822 2
 4.82877 -10.607 -.7842205 2
 5.17827 -11.064 -.5557204 2
 5.527771 -11.521 -.3272204 1
 4.82877 -10.607 -.7842205 0
 5.00327 -9.976 -.7497205 2
 5.177771 -9.345 -.7152205 3
 5.828771 -9.158501 -.4107205 3
 6.479771 -8.972 -.1062205 2
 6.538771 -9.364 1.38278 2
 7.066271 -9.574501 1.640779 2
 7.593771 -9.785001 1.898779 1
 6.538771 -9.364 1.38278 0
 5.96827 -9.3155 1.726779 2
 5.39777 -9.267 2.070779 3
 5.43877 -9.449 2.789779 3
 5.479771 -9.631001 3.50878 2
 5.65177 -11.139 3.649779 2
 5.93377 -11.395 4.135779 2
 6.215771 -11.651 4.621779 1
 5.65177 -11.139 3.649779 0
 5.43077 -11.49 3.141779 2
 5.20977 -11.841 2.63378 3
 5.32327 -12.5635 2.69828 3
 5.436769 -13.286 2.76278 2
 6.90177 -13.648 2.48878 2
 7.18927 -14.0885 2.81978 2
 7.47677 -14.529 3.15078 1
 6.90177 -13.648 2.48878 0
 7.17927 -13.3025 1.99478 2
 7.45677 -12.957 1.50078 3
 8.15577 -13.0735 1.31328 3
 8.854771 -13.19 1.12578 2
 9.77977 -12.925 2.29778 2
 10.33877 -13.1795 2.305779 2
 10.89777 -13.434 2.313779 1
 9.77977 -12.925 2.29778 0
 9.62727 -12.393 2.657779 2
 9.47477 -11.861 3.017779 3
 9.99577 -11.613 3.466779 3
 10.51677 -11.365 3.91578 2
 10.27377 -11.908 5.312779 2
 10.68577 -11.8545 5.76628 2
 11.09777 -11.801 6.21978 1
 10.27377 -11.908 5.312779 0
 9.67727 -12.164 5.40778 2
 9.08077 -12.42 5.50278 3
 8.92827 -12.6525 6.17928 3
 8.77577 -12.885 6.85578 2
 7.91577 -14.146 6.92478 2
 7.407269 -14.1205 7.26728 2
 6.898769 -14.095 7.609779 1
 7.91577 -14.146 6.92478 0
 8.141769 -14.6895 6.640779 2
 8.367769 -15.233 6.356779 3
 8.02527 -15.8825 6.359779 3
 7.68277 -16.532 6.36278 2
 7.19577 -17.031 7.734779 2
 6.60727 -17.2165 7.807779 2
 6.01877 -17.402 7.880779 1
 7.19577 -17.031 7.734779 0
 7.64777 -17.1375 8.20228 2
 8.09977 -17.244 8.66978 3
 7.96327 -17.673 9.25528 3
 7.826771 -18.102 9.840779 2
 6.933769 -17.31 10.76678 2
 6.85977 -17.421 11.36778 2
 6.78577 -17.532 11.96878 1
 6.933769 -17.31 10.76678 0
 6.841269 -16.7335 10.49978 2
 6.74877 -16.157 10.23278 3
 6.48427 -15.596 10.58678 3
 6.21977 -15.035 10.94078 2
 4.93977 -14.553 10.22378 2
 4.52727 -14.177 10.48378 2
 4.114771 -13.801 10.74378 1
 4.93977 -14.553 10.22378 0
 4.83777 -14.78 9.61578 2
 4.735769 -15.007 9.007779 3
 4.14477 -14.754 8.644779 3
 3.55377 -14.501 8.281779 2
 2.76977 -15.706 7.764779 2
 2.80377 -15.893 7.175779 2
 2.83777 -16.08 6.58678 1
 2.76977 -15.706 7.764779 0
 2.52327 -16.0955 8.23778 2
 2.27677 -16.485 8.710779 3
 1.89977 -17.106 8.558779 3
 1.52277 -17.727 8.406779 2
 .1237698 -17.392 7.856779 2
-1.23024E-03 -16.798 7.732279 2
-.1262302 -16.204 7.60778 1
 .1237698 -17.392 7.856779 0
-.2772303 -17.908 7.671779 2
-.6782303 -18.424 7.486779 3
-1.34723 -18.319 7.14678 3
-2.01623 -18.214 6.80678 2
-2.95923 -17.294 7.59178 2
-3.27473 -16.842 7.311779 2
-3.59023 -16.39 7.031779 1
-2.95923 -17.294 7.59178 0
-2.92823 -17.372 8.25428 2
-2.89723 -17.45 8.91678 3
-3.27223 -17.0245 9.37578 3
-3.64723 -16.599 9.83478 2
-3.27523 -15.107 9.80478 2
-3.71573 -14.672 9.78078 2
-4.15623 -14.237 9.75678 1
-3.27523 -15.107 9.80478 0
-2.62873 -14.9745 9.779779 2
-1.98223 -14.842 9.75478 3
-1.74573 -14.1415 9.70228 3
-1.50923 -13.441 9.649779 2
-1.75923 -12.916 8.248779 2
-1.89123 -12.3225 8.15978 2
-2.02323 -11.729 8.07078 1
-1.75923 -12.916 8.248779 0
-1.74723 -13.3755 7.774779 2
-1.735229 -13.835 7.300779 3
-1.90273 -13.6405 6.618279 3
-2.07023 -13.446 5.93578 2
-3.54823 -13.045 5.82078 2
-3.72573 -12.538 5.50778 2
-3.90323 -12.031 5.194779 1
-3.54823 -13.045 5.82078 0
-3.96473 -13.418 6.17078 2
-4.38123 -13.791 6.52078 3
-5.10873 -13.638 6.50678 3
-5.83623 -13.485 6.49278 2
-6.22923 -12.182 7.19078 2
-6.67423 -11.8195 6.95878 2
-7.11923 -11.457 6.72678 1
-6.22923 -12.182 7.19078 0
-5.91373 -12.0575 7.760779 2
-5.59823 -11.933 8.330779 3
-5.68473 -11.299 8.707279 3
-5.77123 -10.665 9.083779 2
-5.33023 -9.43 8.28078 2
-5.68923 -8.926001 8.262779 2
-6.04823 -8.422001 8.24478 1
-5.33023 -9.43 8.28078 0
-4.75323 -9.4965 7.95028 2
-4.176229 -9.563001 7.61978 3
-3.89073 -9.012501 7.20928 3
-3.60523 -8.462001 6.798779 2
-4.43423 -8.111 5.559779 2
-4.57423 -7.5265 5.410779 2
-4.71423 -6.942 5.26178 1
-4.43423 -8.111 5.559779 0
-4.71223 -8.629 5.27878 2
-4.99023 -9.147 4.99778 3
-5.44523 -9.053 4.43128 3
-5.90023 -8.959001 3.864779 2
-7.25323 -8.345 4.23278 2
-7.44673 -7.8555 3.90528 2
-7.64023 -7.366 3.57778 1
-7.25323 -8.345 4.23278 0
-7.51623 -8.5305 4.820779 2
-7.77923 -8.716001 5.408779 3
-8.35173 -8.347 5.710279 3
-8.924231 -7.978001 6.01178 2
-8.61423 -6.51 6.31778 2
-9.054729 -6.082 6.27228 2
-9.49523 -5.654 6.22678 1
-8.61423 -6.51 6.31778 0
-8.02023 -6.3855 6.57878 2
-7.42623 -6.261001 6.83978 3
-7.24773 -5.558001 7.00228 3
-7.06923 -4.855 7.16478 2
-6.90623 -4.009001 5.89178 2
-7.10573 -3.4285 5.86978 2
-7.30523 -2.848 5.847779 1
-6.90623 -4.009001 5.89178 0
-6.62773 -4.309501 5.37828 2
-6.34923 -4.610001 4.864779 3
-6.28373 -4.269 4.222779 3
-6.21823 -3.927999 3.58078 2
-7.57823 -3.774 2.89378 2
-7.67973 -3.301001 2.51178 2
-7.78123 -2.828001 2.129779 1
-7.57823 -3.774 2.89378 0
-8.02523 -4.236501 3.02728 2
-8.47223 -4.699001 3.160779 3
-9.14223 -4.637001 2.83728 3
-9.81223 -4.575001 2.51378 2
-10.61723 -3.464001 3.194779 2
-11.00823 -3.121501 2.866279 2
-11.39923 -2.779001 2.537779 1
-10.61723 -3.464001 3.194779 0
-10.49823 -3.3815 3.84528 2
-10.37923 -3.299 4.49578 3
-10.69173 -2.7535 4.88078 3
-11.00423 -2.208 5.265779 2
-10.45223 -.8579998 4.807779 2
-10.84273 -.4099998 4.648779 2
-11.23323 3.800011E-02 4.489779 1
-10.45223 -.8579998 4.807779 0
-9.79623 -.8369999 4.706279 2
-9.14023 -.816 4.604779 3
-8.81223 -.2294998 4.309779 3
-8.48423 .3570004 4.01478 2
-9.15423 .7549992 2.701779 2
-9.40523 1.3185 2.657779 2
-9.65623 1.882 2.61378 1
-9.15423 .7549992 2.701779 0
-9.17823 .2694998 2.23528 2
-9.20223 -.2159996 1.76878 3
-9.49523 -.11499981.09628 3
-9.78823 -1.399994E-02 .4237795 2
-11.25923 .4349995 .5427794 2
-11.50623 .7959995 .1087795 2
-11.75323 1.157 -.3252203 1
-11.25923 .4349995 .5427794 0
-11.60223 .1519995 1.033779 2
-11.94523 -.1310005 1.524779 3
-12.67773 -.0795002 1.562279 3
-13.41023 -2.799988E-02 1.59978 2
-13.80023 1.383999 1.97978 2
-14.25173 1.673499 1.67328 2
-14.70323 1.962999 1.366779 1
-13.80023 1.383999 1.97978 0
-13.40973 1.653999 2.45178 2
-13.01923 1.924 2.923779 3
-13.12523 2.627999 3.15628 3
-13.23123 3.331999 3.38878 2
-12.79123 4.417999 2.391779 2
-13.10973 4.943 2.33428 2
-13.42823 5.468 2.27678 1
-12.79123 4.417999 2.391779 0
-12.25023 4.292 2.03478 2
-11.70923 4.166 1.67778 3
-11.50723 4.639 1.14278 3
-11.30523 5.112 .6077795 2
-12.32523 5.143 -.5372205 2
-12.49073 5.686999 -.7827204 2
-12.65623 6.230999 -1.02822 1
-12.32523 5.143 -.5372205 0
-12.60423 4.551 -.6782205 2
-12.88323 3.959 -.8192205 3
-13.37723 3.8645 -1.36172 3
-13.87123 3.77 -1.90422 2
-15.13623 4.562 -1.63922 2
-15.42823 4.853 -2.09472 2
-15.72023 5.143999 -2.55022 1
-15.13623 4.562 -1.63922 0
-15.29223 4.5995 -1.00422 2
-15.44823 4.636999 -.3692205 3
-16.03423 5.011999 -.1327206 3
-16.62023 5.386999 .1037793 2
-16.43123 6.893 -4.622054E-02 2
-16.87273 7.254999 -.2832205 2
-17.31423 7.616999 -.5202205 1
-16.43123 6.893 -4.622054E-02 0
-15.81723 7.094 6.127942E-02 2
-15.20323 7.295 .1687794 3
-15.03423 8.0005 9.027946E-02 3
-14.86523 8.705999 1.177955E-02 2
-14.77523 9.097 -1.46322 2
-15.00673 9.6385 -1.65222 2
-15.23823 10.18 -1.84122 1
-14.77523 9.097 -1.46322 0
-14.53323 8.627 -1.86472 2
-14.29123 8.157 -2.266221 3
-14.30673 8.2345 -3.002221 3
-14.32223 8.312 -3.73822 2
-15.74223 8.470999 -4.29422 2
-15.86173 8.876499 -4.74122 2
-15.98123 9.282 -5.188221 1
-15.74223 8.470999 -4.29422 0
-16.18523 8.042999 -4.078721 2
-16.62823 7.615 -3.86322 3
-17.31723 7.656 -4.108221 3
-18.00623 7.697001 -4.35322 2
-18.62623 9.059999 -4.067221 2
-18.92773 9.365 -4.51472 2
-19.22923 9.67 -4.96222 1
-18.62623 9.059999 -4.067221 0
-18.51323 9.277499 -3.45572 2
-18.40023 9.494999 -2.84422 3
-18.61623 10.15 -2.61622 3
-18.83223 10.805 -2.38822 2
-18.31123 11.913 -3.29522 2
-18.69573 12.3625 -3.46872 2
-19.08023 12.812 -3.64222 1
-18.31123 11.913 -3.29522 0
-17.68173 11.845 -3.506721 2
-17.05223 11.777 -3.71822 3
-16.74173 12.2775 -4.17122 3
-16.43123 12.778 -4.62422 2
-16.83123 12.626 -6.10322 2
-16.70523 13.0805 -6.495721 2
-16.57923 13.535 -6.888221 1
-16.83123 12.626 -6.10322 0
-17.07723 12.0545 -6.31072 2
-17.32323 11.483 -6.51822 3
-17.50873 11.383 -7.233721 3
-17.69423 11.283 -7.949221 2
-16.71023 10.414 -8.754221 2
-16.68373 10.4415 -9.369221 2
-16.65723 10.469 -9.984221 1
-16.71023 10.414 -8.754221 0
-16.28523 10.064 -8.41522 2
-15.86023 9.713999 -8.076221 3
-15.30173 9.3445 -8.397221 3
-14.74323 8.975 -8.71822 2
-14.84723 7.463999 -8.58022 2
-14.44023 7.133999 -8.899721 2
-14.03323 6.803999 -9.219221 1
-14.84723 7.463999 -8.58022 0
-15.27923 7.217999 -8.13222 2
-15.71123 6.972 -7.68422 3
-15.81673 6.2505 -7.537721 3
-15.92223 5.528999 -7.391221 2
-15.10523 4.534 -8.22422 2
-15.28423 4.4145 -8.805221 2
-15.46323 4.295 -9.386221 1
-15.10523 4.534 -8.22422 0
-14.49973 4.416 -7.97972 2
-13.89423 4.298 -7.73522 3
-13.34473 3.9405 -8.109221 3
-12.79523 3.583 -8.483221 2
-12.25223 4.348 -9.692221 2
-11.90623 4.867499 -9.614221 2
-11.56023 5.386999 -9.536221 1
-12.25223 4.348 -9.692221 0



