# Myoglobin, a protein for oxygen storage
# Backbone and amino acid side chains
#
# by Tomi Sasaki <sasaki@gibbs.chem.washington.edu>

-16.14423 -6.078 11.94378 0
-15.47323 -5.778 11.97478 3
-14.80223 -5.478001 12.00578 2
-13.60723 -6.477 12.09278 2
-13.70423 -7.085001 12.06328 2
-13.80123 -7.693001 12.03378 1
-14.80223 -5.478001 12.00578 0
-14.82823 -4.380001 13.07578 7
-15.88923 -3.351 12.71278 7
-14.82823 -4.380001 13.07578 0
-15.03423 -4.826 14.53578 7
-13.60723 -6.477 12.09278 0
-12.98273 -6.247 12.16928 2
-12.35823 -6.017 12.24578 3
-11.82873 -6.4945 12.44878 3
-11.29923 -6.972 12.65178 2
-11.37323 -7.203 14.15778 2
-11.45123 -6.7195 14.53528 2
-11.52923 -6.236 14.91278 1
-11.29923 -6.972 12.65178 0
-9.88223 -6.502001 12.32978 7
-9.388229 -6.81 10.89978 7
-10.07023 -5.939 9.830779 7
-9.388229 -6.81 10.89978 0
-7.86323 -6.631001 10.84478 7
-11.37323 -7.203 14.15778 0
-11.29173 -7.8295 14.37078 2
-11.21023 -8.456 14.58378 3
-11.12523 -8.542 15.30678 3
-11.04023 -8.628 16.02978 2
-9.73223 -8.004001 16.54478 2
-9.247231 -7.880001 16.17828 2
-8.76223 -7.756001 15.81178 1
-11.04023 -8.628 16.02978 0
-11.14223 -10.099 16.45878 7
-10.58623 -10.4685 16.23378 7
-10.03023 -10.838 16.00878 1
-9.73223 -8.004001 16.54478 0
-9.71673 -7.953501 17.19128 2
-9.70123 -7.903001 17.83778 3
-9.10873 -7.6685 18.17578 3
-8.51623 -7.434 18.51378 2
-7.36623 -8.423 18.27478 2
-6.81173 -8.2075 18.12528 2
-6.25723 -7.992001 17.97578 1
-8.51623 -7.434 18.51378 0
-8.86623 -7.321 20.00378 7
-7.79723 -6.595 20.79978 7
-7.80323 -5.109 20.40778 7
-8.33623 -4.804 20.31728 7
-8.86923 -4.499001 20.22678 1
-7.80323 -5.109 20.40778 0
-7.30573 -4.954501 20.10278 7
-6.80823 -4.800001 19.79778 1
-7.36623 -8.423 18.27478 0
-7.52973 -9.0695 18.26378 2
-7.69323 -9.716001 18.25278 3
-7.20923 -10.2485 18.06578 3
-6.72523 -10.781 17.87878 2
-6.20423 -10.717 16.42378 2
-5.61873 -10.8675 16.28378 2
-5.03323 -11.018 16.14378 1
-6.20423 -10.717 16.42378 0
-6.63473 -10.504 15.96578 2
-7.06523 -10.291 15.50778 3
-6.82273 -10.2225 14.81478 3
-6.58023 -10.154 14.12178 2
-5.74823 -8.881001 14.00978 2
-5.25573 -8.869 13.63628 2
-4.76323 -8.857 13.26278 1
-6.58023 -10.154 14.12178 0
-7.76623 -10.059 13.14378 7
-8.60223 -11.321 13.18378 7
-9.89823 -11.109 12.38978 7
-10.09423 -11.5785 12.04728 7
-10.29023 -12.048 11.70478 1
-9.89823 -11.109 12.38978 0
-10.23673 -10.597 12.47328 7
-10.57523 -10.085 12.55678 1
-5.74823 -8.881001 14.00978 0
-5.94873 -8.3605 14.39028 2
-6.14923 -7.84 14.77078 3
-5.70273 -7.2465 14.78028 3
-5.25623 -6.653001 14.78978 2
-3.88223 -6.955001 15.39578 2
-3.38473 -6.684501 15.14328 2
-2.88723 -6.414001 14.89078 1
-5.25623 -6.653001 14.78978 0
-5.82523 -5.486 15.54378 7
-6.89923 -4.701 14.83678 7
-8.20723 -4.502001 15.24678 7
-6.89923 -4.701 14.83678 0
-6.75423 -3.957001 13.65978 7
-8.20723 -4.502001 15.24678 0
-8.527229 -4.103001 14.77778 7
-8.84723 -3.704 14.30878 3
-8.436729 -3.550501 13.83778 3
-8.02623 -3.397001 13.36678 7
-6.75423 -3.957001 13.65978 7
-5.66623 -3.745001 12.82978 7
-8.02623 -3.397001 13.36678 0
-8.27823 -2.669001 12.20378 7
-5.66623 -3.745001 12.82978 0
-5.90923 -3 11.65878 7
-7.18823 -2.481001 11.34778 7
-8.27823 -2.669001 12.20378 7
-3.88223 -6.955001 15.39578 0
-3.86973 -7.405001 15.90078 2
-3.85723 -7.855 16.40578 3
-3.20123 -8.0655 16.68928 3
-2.54523 -8.276 16.97278 2
-1.60223 -8.857 15.89878 2
-1.01823 -8.665001 15.83078 2
-.4342299 -8.473001 15.76278 1
-2.54523 -8.276 16.97278 0
-2.74523 -9.369 18.02478 7
-3.02623 -8.917001 19.45978 7
-2.98423 -10.123 20.43678 7
-2.77223 -10.6805 20.25628 7
-2.56023 -11.238 20.07578 1
-2.98423 -10.123 20.43678 0
-3.33823 -10.0465 20.99428 7
-3.69223 -9.97 21.55178 3
-1.60223 -8.857 15.89878 0
-1.87973 -9.2955 15.50528 2
-2.15723 -9.734 15.11178 3
-1.80323 -10.081 14.56978 3
-1.44923 -10.428 14.02778 2
-.9272299 -9.426001 13.01178 2
-.3712301 -9.508 12.75828 2
 .1847696 -9.59 12.50478 1
-1.44923 -10.428 14.02778 0
-2.47923 -11.3 13.31478 7
-2.34923 -12.804 13.55178 7
-1.86723 -13.183 14.93678 7
-2.34923 -12.804 13.55178 0
-3.63523 -13.508 13.20978 7
-.9272299 -9.426001 13.01178 0
-1.34473-8.924001 12.87028 2
-1.76223 -8.422001 12.72878 3
-1.57323 -7.900001 12.23928 3
-1.38423 -7.378 11.74978 2
-.1942301 -6.531 12.24178 2
 .2982697 -6.3885 11.89528 2
 .7907696 -6.246 11.54878 1
-1.38423 -7.378 11.74978 0
-2.60423 -6.501 11.45478 7
-2.22523 -5.209001 10.72978 7
-2.60423 -6.501 11.45478 0
-3.577229 -7.247001 10.55678 7
-.1942301 -6.531 12.24178 0
-.2627301 -6.301 12.84028 2
-.3312302 -6.071 13.43878 3
 .1607704 -5.5855 13.67378 3
 .652771 -5.1 13.90878 2
 1.948771 -5.776 14.33078 2
 2.485271 -5.4765 14.29078 2
 3.02177 -5.177 14.25078 1
 .652771 -5.1 13.90878 0
 5.677032E-02 -4.391001 15.11778 7
-1.12023 -3.537001 14.67878 7
-1.87523 -2.979 15.87378 7
-1.12023 -3.537001 14.67878 0
-.6262302 -2.449001 13.71278 7
 1.948771 -5.776 14.33078 0
 1.88177 -6.394 14.53278 2
 1.81477 -7.012 14.73478 3
 2.42927 -7.3805 14.90078 3
 3.04377 -7.749001 15.06678 2
 3.96277 -7.977 13.85578 2
 4.55177 -7.811501 13.88878 2
 5.14077 -7.646001 13.92178 1
 3.04377 -7.749001 15.06678 0
 2.655769 -9.091001 15.60478 7
 3.846769 -9.919001 15.98678 7
 4.15777 -9.855 16.58128 7
 4.468771 -9.791 17.17578 3
 3.846769 -9.919001 15.98678 0
 4.448771 -10.946 15.26778 7
 4.468771 -9.791 17.17578 0
 4.97177 -10.256 17.18428 3
 5.47477 -10.721 17.19278 7
 5.46577 -11.08 16.60628 7
 5.45677 -11.439 16.01978 3
 4.95277 -11.1925 15.64378 3
 4.448771 -10.946 15.26778 7
 3.96277 -7.977 13.85578 0
 3.66627 -8.133 13.27878 2
 3.36977 -8.289001 12.70178 3
 3.74527 -8.272501 12.06528 3
 4.12077 -8.256001 11.42878 2
 4.60877 -6.870001 10.92878 2
 5.17727 -6.805001 10.68928 2
 5.74577 -6.740001 10.44978 1
 4.12077 -8.256001 11.42878 0
 3.41877 -9.109 10.37478 7
 2.73777 -8.295 9.281779 7
 3.41877 -9.109 10.37478 0
 4.34177 -10.163 9.80178 7
 4.60877 -6.870001 10.92878 0
 4.217771 -6.337501 11.06128 2
 3.826771 -5.805 11.19378 3
 4.023271 -5.118501 10.99828 3
 4.21977 -4.432001 10.80278 2
 5.406771 -3.839001 11.58478 2
 5.82927 -3.488501 11.31128 2
 6.25177 -3.138 11.03778 1
 4.21977 -4.432001 10.80278 0
 3.038771 -3.485001 10.95078 7
 3.194771 -2.252001 10.10378 7
 3.58077 -.9650002 10.50378 7
 3.194771 -2.252001 10.10378 0
 3.03977 -2.184999 8.710779 7
 3.58077 -.9650002 10.50378 0
 3.63527 -.5740004 9.953279 7
 3.68977 -.1830006 9.40278 3
 3.53427 -.5190001 8.87228 3
 3.378771 -.8549995 8.34178 7
 3.03977 -2.184999 8.710779 7
 2.66477 -3.145 7.762779 7
 3.378771 -.8549995 8.34178 0
 3.35977 -.4120007 7.02178 7
 2.66477 -3.145 7.762779 0
 2.64077 -2.699001 6.413779 7
 2.982771 -1.363001 6.06178 7
 3.35977 -.4120007 7.02178 7
 5.406771 -3.839001 11.58478 0
 5.45627 -4.017501 12.20728 2
 5.50577 -4.196001 12.82978 3
 6.08427 -4.0045 13.23428 3
 6.662769 -3.813 13.63878 2
 7.975771 -4.356001 13.05878 2
 8.51527 -4.0705 13.15378 2
 9.05477 -3.785 13.24878 1
 6.662769 -3.813 13.63878 0
 6.423771 -4.415001 15.02478 7
 7.975771 -4.356001 13.05878 0
 7.929271 -4.920501 12.71678 2
 7.882771 -5.485001 12.37478 3
 8.47577 -5.7625 12.03378 3
 9.068769 -6.04 11.69278 2
 9.312771 -5.258 10.39478 2
 9.88677 -5.100501 10.22028 2
 10.46077 -4.943001 10.04578 1
 9.068769 -6.04 11.69278 0
 8.79977 -7.512 11.34378 7
 8.627769 -8.381001 12.59278 7
 8.114771 -9.764 12.23578 7
 8.131769 -10.655 13.46778 7
 7.86027 -11.3245 13.30078 7
 7.58877 -11.994 13.13378 3
 9.312771 -5.258 10.39478 0
 8.753771 -5.081501 10.05978 2
 8.194771 -4.905001 9.724779 3
 8.271271 -4.471001 9.132779 3
 8.347771 -4.037001 8.540779 2
 9.06377 -2.748001 8.92478 2
 9.46927 -2.493001 8.53778 2
 9.874769 -2.238001 8.15078 1
 8.347771 -4.037001 8.540779 0
 6.999769 -3.682001 7.923779 7
 7.090771 -2.592001 6.845779 7
 6.999769 -3.682001 7.923779 0
 6.25877 -4.910001 7.406779 7
 9.06377 -2.748001 8.92478 0
 8.93377 -2.521501 9.533279 2
 8.80377 -2.295 10.14178 3
 9.09627 -1.651 10.32678 3
 9.388769 -1.007 10.51178 2
 10.89477 -.9910011 10.78678 2
 11.20477 -.4540005 10.74928 2
 11.51477 8.300018E-02 10.71178 1
 9.388769 -1.007 10.51178 0
 8.58777 -.441 11.65978 7
 7.183769 -.1359997 11.15578 7
 6.47777 .7719994 12.16678 7
 6.04377 1.166499 11.95628 7
 5.60977 1.560999 11.74578 1
 6.47777 .7719994 12.16678 0
 6.71477 .7874994 12.73928 7
 6.951771 .8029995 13.31178 1
 10.89477 -.9910011 10.78678 0
 11.16827 -1.5965 10.83728 2
 11.44177 -2.202 10.88778 3
 12.16927 -2.29 10.93428 3
 12.89677 -2.378 10.98078 2
 13.66177 -2.171 9.66078 2
 14.24327 -1.971 9.66678 2
 14.82477 -1.771 9.672779 1
 12.89677 -2.378 10.98078 0
 13.21677 -3.754 11.54778 7
 13.66177 -2.171 9.66078 0
 13.30727 -2.2025 9.10378 2
 12.95277 -2.234001 8.54678 3
 13.26027 -2.031001 7.91228 3
 13.56777 -1.828001 7.27778 2
 12.50677 -1.316 6.33478 2
 12.30977 -1.679 5.87728 2
 12.11277 -2.042 5.41978 1
 13.56777 -1.828001 7.27778 0
 14.21677 -3.015001 6.57278 7
 15.05977 -2.461 5.418779 7
 15.30627 -2.864 5.021279 7
 15.55277 -3.267 4.623779 1
 15.05977 -2.461 5.418779 0
 15.05977 -1.849501 5.323279 7
 15.05977 -1.238001 5.227779 1
 12.50677 -1.316 6.33478 0
 12.25627 -.7370005 6.49128 2
 12.00577 -.1580009 6.647779 3
 11.45627 .1039991 6.24378 3
 10.90677 .3659992 5.83978 2
 11.33377 .6049995 4.397779 2
 10.94777 .4719992 3.93628 2
 10.56177 .3389988 3.47478 1
 10.90677 .3659992 5.83978 0
 10.38777 1.663 6.448779 7
 9.135771 2.174 5.72578 7
 10.38777 1.663 6.448779 0
 10.11977 1.455999 7.932779 7
 11.33377 .6049995 4.397779 0
 11.92227 .9059992 4.32378 2
 12.51077 1.206999 4.24978 3
 12.74877 1.404499 3.59028 3
 12.98677 1.601999 2.930779 2
 13.22477 .4049988 2.00578 2
 12.99577 .4124994 1.43178 2
 12.76677 .4200001 .8577795 1
 12.98677 1.601999 2.930779 0
 14.24777 2.418999 3.11378 7
 13.22477 .4049988 2.00578 0
 13.47177 -.1410007 2.29728 2
 13.71877 -.6870003 2.588779 3
 13.75527 -1.319 2.21878 3
 13.79177 -1.951 1.84878 2
 12.42177 -2.555 1.516779 2
 12.29077 -2.7185 .9362795 2
 12.15977 -2.882 .3557796 1
 12.42177 -2.555 1.516779 0
 11.97177 -2.564 2.00528 2
 11.52177 -2.573 2.49378 3
 10.83977 -2.818501 2.34228 3
 10.15777 -3.064001 2.19078 2
 9.384769 -2.234001 1.15078 2
 9.035769 -2.489501 .7102797 2
 8.686769 -2.745001 .2697797 1
 10.15777 -3.064001 2.19078 0
 9.33477 -3.134001 3.476779 7
 9.69577 -4.305 4.35878 7
 10.19027 -4.290501 4.82528 7
 10.68477 -4.276001 5.29178 3
 9.69577 -4.305 4.35878 0
 9.073771 -5.546 4.41478 7
 10.68477 -4.276001 5.29178 0
 10.67077 -4.882501 5.625279 3
 10.65677 -5.489 5.958779 7
 10.16927 -5.870501 5.679279 7
 9.68177 -6.252001 5.399779 3
 9.37777 -5.899001 4.907279 3
 9.073771 -5.546 4.41478 7
 9.384769 -2.234001 1.15078 0
 9.45327 -1.598001 1.21128 2
 9.52177 -.9619999 1.27178 3
 9.17577 -.5039997 .8272796 3
 8.829769 -4.599953E-02 .3827796 2
 9.33877 -9.900093E-02 -1.049221 2
 8.94777 3.949928E-02 -1.50572 2
 8.55677 .1779995 -1.96222 1
 9.33877 -9.900093E-02 -1.049221 0
 9.98677 -.2545004 -1.116721 2
 10.63477 -.4099998 -1.184221 3
 10.91827 -.4355001 -1.856721 3
 11.20177 -.4610004 -2.529221 2
 10.78777 -1.738001 -3.24922 2
 10.65877 -1.717001 -3.85022 2
 10.52977 -1.696001 -4.451221 1
 11.20177 -.4610004 -2.529221 0
 12.73177 -.2730007 -2.51922 7
 13.23077 -.1480007 -3.96622 7
 14.61677 .4790001 -4.05322 7
 15.03727 .3014994 -3.638721 7
 15.45777 .1239986 -3.224221 1
 14.61677 .4790001 -4.05322 0
 14.68577 .9914999 -4.49672 7
 14.75477 1.504 -4.94022 3
 10.78777 -1.738001 -3.24922 0
 10.78377 -2.293 -2.87772 2
 10.77977 -2.848 -2.50622 3
 10.56327 -3.5025 -2.77922 3
 10.34677 -4.157 -3.05222 2
 8.87977 -4.073 -3.46322 2
 8.681271 -4.386001 -3.95472 2
 8.482771 -4.699001 -4.44622 1
 10.34677 -4.157 -3.05222 0
 10.42177 -5.280001 -1.97122 7
 11.83377 -5.821 -1.69322 7
 12.29227 -5.5995 -2.04122 7
 12.75077 -5.378 -2.38922 1
 11.83377 -5.821 -1.69322 0
 11.92677 -6.2125 -1.21772 7
 12.01977 -6.604 -.7422204 1
 8.87977 -4.073 -3.46322 0
 8.47577 -3.76 -3.039721 2
 8.07177 -3.447001 -2.61622 3
 7.34427 -3.403001 -2.74422 3
 6.61677 -3.359001 -2.872221 2
 6.32877 -2.565001 -4.13722 2
 5.96877 -2.805 -4.57522 2
 5.60877 -3.045 -5.01322 1
 6.61677 -3.359001 -2.872221 0
 5.83877 -2.809 -1.655221 7
 5.82177 -3.83 -.5222204 7
 5.83877 -2.809 -1.655221 0
 4.40877 -2.345001 -1.98322 7
 5.82177 -3.83 -.5222204 0
 5.47777 -3.217001 .8327794 7
 6.32877 -2.565001 -4.13722 0
 6.63627 -1.983001 -4.18422 2
 6.943769 -1.401001 -4.23122 3
 6.841269 -.9955006 -4.83972 3
 6.73877 -.5900002 -5.44822 2
 7.239771 -1.312 -6.70322 2
 6.90027 -1.335501 -7.21872 2
 6.56077 -1.359001 -7.734221 1
 6.73877 -.5900002 -5.44822 0
 7.426769 .7740002 -5.291221 7
 6.659771 1.712999 -4.35522 7
 7.38777 3.028 -4.14322 7
 6.659771 1.712999 -4.35522 0
 5.24877 1.997999 -4.839221 7
 7.239771 -1.312 -6.70322 0
 7.81077 -1.6315 -6.63722 2
 8.381769 -1.951 -6.57122 3
 8.647269 -2.339001 -7.14972 3
 8.912769 -2.727001 -7.72822 2
 7.975771 -3.84 -8.20722 2
 7.87127 -3.92 -8.81422 2
 7.766769 -4 -9.421221 1
 8.912769 -2.727001 -7.72822 0
 10.33577 -3.242001 -7.44122 7
 11.34577 -2.1 -7.579221 7
 10.33577 -3.242001 -7.44122 0
 10.73677 -4.456001 -8.31622 7
 11.34577 -2.1 -7.579221 0
 12.72877 -2.469 -7.04422 7
 7.975771 -3.84 -8.20722 0
 7.68527 -4.185 -7.71272 2
 7.39477 -4.530001 -7.218221 3
 6.91727 -5.074 -7.365221 3
 6.43977 -5.618 -7.51222 2
 5.173771 -5.072001 -8.16922 2
 4.95977 -5.324501 -8.690721 2
 4.74577 -5.577001 -9.212221 1
 6.43977 -5.618 -7.51222 0
 6.103769 -6.282001 -6.187221 7
 5.04377 -7.362 -6.28522 7
 5.47477 -8.629001 -7.00522 7
 4.86677 -9.047001 -7.09922 7
 4.25877 -9.465 -7.19322 3
 4.26927 -10.115 -7.31372 3
 4.27977 -10.765 -7.43422 7
 4.86077 -11.068 -7.537721 7
 5.441771 -11.371 -7.641221 3
 4.27977 -10.765 -7.43422 0
 3.69627 -11.078 -7.548221 7
 3.11277 -11.391 -7.66222 3
 5.173771 -5.072001 -8.16922 0
 4.94777 -4.5035 -7.91772 2
 4.721769 -3.934999 -7.666221 3
 4.13727 -3.5965 -7.98522 3
 3.552771 -3.258001 -8.30422 2
 3.83577 -2.898001 -9.76922 2
 3.42577 -3.0415 -10.20972 2
 3.01577 -3.184999 -10.65022 1
 3.552771 -3.258001 -8.30422 0
 3.22377 -1.959 -7.54422 7
 1.96277 -1.24 -8.084221 7
 .7157707 -2.1 -7.977221 7
 1.96277 -1.24 -8.084221 0
 1.72477 9.899902E-02 -7.395221 7
 3.83577 -2.898001 -9.76922 0
 4.42377 -2.591001 -9.872721 2
 5.01177 -2.284 -9.976221 3
 5.19777 -2.049001 -10.64722 3
 5.38377 -1.814001 -11.31822 2
 5.54077 -2.934999 -12.34622 2
 5.34427 -2.876 -12.92972 2
 5.14777 -2.817001 -13.51322 1
 5.38377 -1.814001 -11.31822 0
 6.62677 -.9080009 -11.27122 7
 6.39777 .4300003 -10.59722 7
 5.13077 .9650002 -10.54622 7
 6.39777 .4300003 -10.59722 0
 7.42977 1.063999 -9.96022 7
 5.13077 .9650002 -10.54622 0
 4.89077 2.139999 -9.84022 7
 7.42977 1.063999 -9.96022 0
 7.200769 2.237999 -9.24222 7
 5.923771 2.768999 -9.17922 7
 4.89077 2.139999 -9.84022 7
 5.54077 -2.934999 -12.34622 0
 5.83077 -3.471 -12.12022 2
 6.12077 -4.007 -11.89422 3
 6.218269 -4.5535 -12.36222 3
 6.315769 -5.1 -12.83022 2
 5.03677 -5.922001 -13.05722 2
 4.90927 -6.1685 -13.60972 2
 4.781771 -6.415 -14.16222 1
 6.315769 -5.1 -12.83022 0
 7.444771 -5.992001 -12.34222 7
 8.81077 -5.365001 -12.59522 7
 9.74777 -6.370001 -13.26422 7
 9.590771 -6.481 -14.78122 7
 10.01177 -7.042 -15.03822 7
 10.43277 -7.603001 -15.29522 3
 5.03677 -5.922001 -13.05722 0
 4.67227 -6.053 -12.52672 2
 4.30777 -6.184 -11.99622 3
 3.71327 -6.604 -12.09022 3
 3.118771 -7.024 -12.18422 2
 2.000771 -6.326 -12.96322 2
 1.59477 -6.6625 -13.28772 2
 1.18877 -6.999001 -13.61222 1
 3.118771 -7.024 -12.18422 0
 2.604771 -7.354 -10.80822 7
 3.11827 -7.729 -10.50522 7
 3.631769 -8.104 -10.20222 1
 2.000771 -6.326 -12.96322 0
 1.984771 -5.6635 -12.89522 2
 1.968771 -5.001 -12.82722 3
 1.45927 -4.538001 -13.10572 3
 .94977 -4.075001 -13.38422 2
 1.582769 -2.761 -13.88922 2
 1.50877 -2.225 -13.59172 2
 1.434771 -1.689001 -13.29422 1
 .94977 -4.075001 -13.38422 0
-.1122303 -3.743 -12.31422 7
-.7372303 -4.956 -11.63822 7
-1.25373 -5.318 -11.90272 7
-1.77023 -5.68 -12.16722 3
-.7372303 -4.956 -11.63822 0
-.2972298 -5.592 -10.49822 7
-1.77023 -5.68 -12.16722 0
-1.87323 -6.217 -11.76472 3
-1.97623 -6.754001 -11.36222 7
-1.51473 -6.736501 -10.84922 7
-1.05323 -6.719001 -10.33622 3
-.67523 -6.1555 -10.41722 3
-.2972298 -5.592 -10.49822 7
 1.582769 -2.761 -13.88922 0
 1.87027 -2.792 -14.48022 2
 2.15777 -2.823 -15.07122 3
 2.53127 -2.269 -15.37822 3
 2.90477 -1.715 -15.68522 2
 2.128771 -.4090004 -15.78522 2
 2.42677 .1289997 -15.84622 2
 2.72477 .6669998 -15.90722 1
 2.90477 -1.715 -15.68522 0
 3.25177 -2.188 -17.09322 7
 3.23077 -3.708 -17.02222 7
 2.19677 -4.033001 -15.94822 7
 2.17727 -3.428 -15.50972 7
 2.15777 -2.823 -15.07122 3
 2.128771 -.4090004 -15.78522 0
 1.474271 -.4805002 -15.84222 2
 .8197708 -.552 -15.89922 3
 .3947706 3.049946E-02 -15.98922 3
-3.022957E-02 .612999 -16.07922 2
 1.576996E-02 1.548 -14.85722 2
-7.073021E-02 2.152 -14.93122 2
-.1572304 2.756001 -15.00522 1
-3.022957E-02 .612999 -16.07922 0
-1.485229 .2019997 -16.40922 7
-2.268229 -.4330006 -15.24422 7
-2.11523 -1.960001 -15.16522 7
-2.60773 -2.311501 -15.02322 7
-3.10023 -2.663 -14.88122 1
-2.11523 -1.960001 -15.16522 0
-1.57373 -2.210001 -15.31222 7
-1.03223 -2.460001 -15.45922 1
 1.576996E-02 1.548 -14.85722 0
 .1752701 1.2775 -14.27322 2
 .3347702 1.007 -13.68922 3
 .37677 1.4325 -13.09072 3
 .4187698 1.858 -12.49222 2
 1.65377 2.779999 -12.49022 2
 1.65027 3.339499 -12.22372 2
 1.64677 3.899 -11.95722 1
 .4187698 1.858 -12.49222 0
 .4617701 .9319992 -11.27522 7
 1.04477 .5324993 -11.30972 7
 1.627769 .1329994 -11.34422 1
 .4617701 .9319992 -11.27522 0
-.7552299 1.599884E-02 -11.17522 7
 1.65377 2.779999 -12.49022 0
 2.16527 2.550499 -12.83272 2
 2.676769 2.320999 -13.17522 3
 3.284269 2.727499 -13.21122 3
 3.891769 3.133999 -13.24722 2
 3.61577 4.390999 -14.08022 2
 3.89627 4.921 -13.93272 2
 4.176769 5.451 -13.78522 1
 3.891769 3.133999 -13.24722 0
 4.972771 2.271 -13.89022 7
 6.29677 2.98 -14.20522 7
 7.02677 3.378 -12.94322 7
 6.29677 2.98 -14.20522 0
 7.19577 2.136 -15.10922 7
 3.61577 4.390999 -14.08022 0
 3.17477 4.324499 -14.57872 2
 2.73377 4.257999 -15.07722 3
 2.552771 4.850499 -15.50122 3
 2.371771 5.442999 -15.92522 2
 1.60877 6.549 -15.21122 2
 1.70977 7.134 -15.37722 2
 1.81077 7.719 -15.54322 1
 2.371771 5.442999 -15.92522 0
 1.59577 5.011999 -17.15422 7
 2.55677 4.261 -18.07222 7
 3.118771 5.296 -19.03822 7
 2.71877 5.710999 -19.24822 7
 2.318769 6.125999 -19.45822 1
 3.118771 5.296 -19.03822 0
 3.72427 5.397499 -19.03322 7
 4.329769 5.498999 -19.02822 1
 1.60877 6.549 -15.21122 0
 1.32977 6.372 -14.63522 2
 1.05077 6.195 -14.05922 3
 .7867699 6.691999 -13.58322 3
 .5227699 7.188999 -13.10722 2
 1.62277 8.013 -12.41822 2
 1.49327 8.5385 -12.12172 2
 1.36377 9.063999 -11.82522 1
 .5227699 7.188999 -13.10722 0
-.31423 6.466999 -12.04322 7
-1.62523 5.896999 -12.59022 7
-2.56323 7.018 -13.02722 7
-3.87823 6.573999 -13.65122 7
-4.31473 7.169499 -13.69272 7
-4.75123 7.764999 -13.73422 3
 1.62277 8.013 -12.41822 0
 2.236771 7.777 -12.44072 2
 2.850771 7.541 -12.46322 3
 3.37627 7.93 -12.12772 3
 3.90177 8.319 -11.79222 2
 4.83077 9.066999 -12.74322 2
 5.23727 8.751499 -13.08422 2
 5.64377 8.435999 -13.42522 1
 3.90177 8.319 -11.79222 0
 4.74777 7.378 -10.94222 7
 4.08477 6.820999 -9.69822 7
 4.22377 7.489 -8.501221 7
 4.08477 6.820999 -9.69822 0
 3.448771 5.601999 -9.744221 7
 4.22377 7.489 -8.501221 0
 3.76877 6.903999 -7.317221 7
 3.448771 5.601999 -9.744221 0
 2.96277 5.014999 -8.577221 7
 3.145769 5.657 -7.355221 7
 3.76877 6.903999 -7.317221 7
 4.83077 9.066999 -12.74322 0
 4.71477 9.720499 -12.81222 2
 4.59877 10.374 -12.88122 3
 5.01627 10.75 -13.34972 3
 5.433769 11.126 -13.81822 2
 6.89777 11.059 -13.38522 2
 7.34977 10.9995 -13.80622 2
 7.801769 10.94 -14.22722 1
 5.433769 11.126 -13.81822 0
 4.99777 12.58 -13.78722 7
 3.884769 12.828 -14.79922 7
 3.99327 12.671 -15.39322 7
 4.10177 12.514 -15.98722 1
 3.884769 12.828 -14.79922 0
 3.39477 13.164 -14.60472 7
 2.90477 13.5 -14.41022 1
 6.89777 11.059 -13.38522 0
 6.98727 11.041 -12.72672 2
 7.076771 11.023 -12.06822 3
 7.757771 10.971 -11.79722 3
 8.43877 10.919 -11.52622 2
 9.170771 9.594999 -11.64422 2
 9.78577 9.577 -11.55622 2
 10.40077 9.559 -11.46822 1
 8.43877 10.919 -11.52622 0
 8.610769 11.517 -10.15422 7
 7.80477 10.802 -9.11122 7
 7.75177 11.663 -7.857221 7
 8.30127 11.5035 -7.40372 7
 8.850771 11.344 -6.95022 3
 8.735271 11.318 -6.296721 3
 8.61977 11.292 -5.64322 7
 8.00977 11.4105 -5.418221 7
 7.399771 11.529 -5.193221 3
 8.61977 11.292 -5.64322 0
 9.10327 11.152 -5.21522 7
 9.586769 11.012 -4.78722 3
 9.170771 9.594999 -11.64422 0
 8.80927 9.080999 -11.83122 2
 8.447769 8.566999 -12.01822 3
 8.77177 7.9105 -12.08522 3
 9.09577 7.254 -12.15222 2
 8.992769 6.643 -13.55722 2
 9.21877 6.0785 -13.65922 2
 9.444771 5.514 -13.76122 1
 9.09577 7.254 -12.15222 0
 8.46777 6.306999 -11.13422 7
 8.729771 6.715 -9.694221 7
 9.99177 7.128 -9.303221 7
 8.729771 6.715 -9.694221 0
 7.701771 6.675999 -8.779221 7
 9.99177 7.128 -9.303221 0
 10.20977 7.557999 -7.996221 7
 7.701771 6.675999 -8.779221 0
 7.905769 7.1 -7.46722 7
 9.149771 7.555 -7.08022 7
 10.20977 7.557999 -7.996221 7
 8.992769 6.643 -13.55722 0
 8.64327 6.990499 -13.99572 2
 8.29377 7.337999 -14.43422 3
 8.07177 7.088499 -15.09472 3
 7.84977 6.838999 -15.75522 2
 8.975771 6.504999 -16.71622 2
 8.85027 6.183499 -17.23372 2
 8.72477 5.862 -17.75122 1
 7.84977 6.838999 -15.75522 0
 6.93977 7.879 -16.41622 7
 5.45377 7.5 -16.41122 7
 4.586769 8.573999 -17.07322 7
 5.458771 9.278999 -18.10622 7
 5.399771 10.0095 -18.01672 7
 5.340771 10.74 -17.92722 3
 8.975771 6.504999 -16.71622 0
 9.56377 6.7335 -16.51422 2
 10.15177 6.962 -16.31222 3
 10.77527 6.877 -16.69072 3
 11.39877 6.792 -17.06922 2
 12.09477 5.459 -16.79522 2
 12.54077 5.244499 -17.16372 2
 12.98677 5.029999 -17.53222 1
 11.39877 6.792 -17.06922 0
 12.33677 7.976999 -16.79222 7
 12.84877 8.136 -15.37222 7
 12.46777 8.348499 -14.87322 7
 12.08677 8.560999 -14.37422 3
 12.84877 8.136 -15.37222 0
 14.12777 7.916 -14.88422 7
 12.08677 8.560999 -14.37422 0
 12.48027 8.584 -13.81222 3
 12.87377 8.607 -13.25022 7
 13.50577 8.408 -13.40222 7
 14.13777 8.209 -13.55422 3
 14.13277 8.0625 -14.21922 3
 14.12777 7.916 -14.88422 7
 12.09477 5.459 -16.79522 0
 11.92177 5.144 -16.24622 2
 11.74877 4.829 -15.69722 3
 12.09677 4.1935 -15.51022 3
 12.44477 3.557999 -15.32322 2
 11.89377 2.396999 -16.13022 2
 11.28527 2.287999 -16.12922 2
 10.67677 2.178999 -16.12822 1
 12.44477 3.557999 -15.32322 0
 12.11577 3.198 -13.87622 7
 12.80877 4.181 -12.94822 7
 12.13177 4.640999 -11.66622 7
 12.80877 4.181 -12.94822 0
 14.25677 4.570999 -13.21522 7
 11.89377 2.396999 -16.13022 0
 12.32927 2.058499 -16.48922 2
 12.76477 1.719999 -16.84822 3
 12.53477 1.168499 -17.28872 3
 12.30477 .6169987 -17.72922 2
 12.63877 -.7700005 -17.15322 2
 12.27777 -1.26 -17.21722 2
 11.91677 -1.75 -17.28122 1
 12.30477 .6169987 -17.72922 0
 12.93577 .7929993 -19.10922 7
 12.77577 2.219999 -19.64522 7
 11.30777 2.609999 -19.85022 7
 11.07477 4.114 -19.71722 7
 10.36927 4.28 -19.83322 7
 9.663771 4.445999 -19.94922 3
 12.63877 -.7700005 -17.15322 0
 13.19327 -.8270006 -16.82072 2
 13.74777 -.8840008 -16.48822 3
 13.91727 -1.549001 -16.24722 3
 14.08677 -2.214001 -16.00622 2
 14.06477 -2.325001 -14.48022 2
 14.13227 -1.826501 -14.12822 2
 14.19977 -1.328001 -13.77622 1
 14.08677 -2.214001 -16.00622 0
 15.49077 -2.498001 -16.51522 7
 15.95227 -2.094001 -16.14072 7
 16.41377 -1.690001 -15.76622 1
 15.49077 -2.498001 -16.51522 0
 15.62477 -2.154001 -18.00522 7
 14.06477 -2.325001 -14.48022 0
 14.06027 -2.938001 -14.24072 2
 14.05577 -3.551001 -14.00122 3
 14.07277 -3.6575 -13.28822 3
 14.08977 -3.764 -12.57522 2
 15.38677 -3.254 -11.94722 2
 15.36427 -2.942 -11.41322 2
 15.34177 -2.630001 -10.87922 1
 14.08977 -3.764 -12.57522 0
 13.89577 -5.248 -12.30822 7
 13.82177 -5.506001 -10.82822 7
 13.55577 -6.989 -10.57322 7
 13.53127 -7.1675 -9.98222 7
 13.50677 -7.346001 -9.39122 1
 13.55577 -6.989 -10.57322 0
 13.65927 -7.384 -11.03772 7
 13.76277 -7.779 -11.50222 1
 15.38677 -3.254 -11.94722 0
 15.93527 -3.338 -12.31372 2
 16.48377 -3.422001 -12.68022 3
 17.13427 -3.144501 -12.43872 3
 17.78477 -2.867001 -12.19722 2
 17.75077 -1.343 -12.02022 2
 17.98277 -1.0935 -11.50572 2
 18.21477 -.8439999 -10.99122 1
 17.78477 -2.867001 -12.19722 0
 18.93877 -3.221001 -13.13222 7
 17.75077 -1.343 -12.02022 0
 17.46477 -.9895 -12.51472 2
 17.17877 -.6359997 -13.00922 3
 17.12627 9.350014E-02 -12.94072 3
 17.07377 .823 -12.87222 2
 16.19577 1.177999 -11.67622 2
 16.35327 1.643 -11.30322 2
 16.51077 2.108 -10.93022 1
 17.07377 .823 -12.87222 0
 16.48477 1.397999 -14.15322 7
 17.43277 1.258999 -15.34822 7
 16.60977 1.594 -16.60222 7
 16.87677 1.6335 -17.15522 7
 17.14377 1.673 -17.70822 1
 16.60977 1.594 -16.60222 0
 16.00977 1.6795 -16.53522 7
 15.40977 1.764999 -16.46822 1
 16.19577 1.177999 -11.67622 0
 15.67227 .7814999 -11.57072 2
 15.14877 .3850002 -11.46522 3
 14.68527 .5469999 -10.90022 3
 14.22177 .7089996 -10.33522 2
 14.91277 .5919991 -9.00222 2
 14.87127 1.053499 -8.59722 2
 14.82977 1.514999 -8.192221 1
 14.22177 .7089996 -10.33522 0
 13.01577 -.2350006 -10.29822 7
 11.98277 .2199993 -11.33022 7
 11.35527 -.3960009 -11.50172 7
 10.72777 -1.012001 -11.67322 4
 10.41477 -.7580004 -12.47622 4
 10.10177 -.5039997 -13.27922 7
 14.91277 .5919991 -9.00222 0
 15.27627 3.749943E-02 -8.949221 2
 15.63977 -.5170002 -8.896221 3
 16.01777 -.6505003 -8.286221 3
 16.39577 -.7840004 -7.67622 2
 17.43677 .2840004 -7.38922 2
 17.59427 .3964996 -6.80222 2
 17.75177 .5089989 -6.21522 1
 16.39577 -.7840004 -7.67622 0
 17.15977 -2.09 -7.793221 7
 16.29677 -3.322001 -7.936221 7
 16.18277 -4.054001 -6.622221 7
 16.51077 -5.52 -6.80822 7
 15.93977 -5.851 -7.11522 7
 15.36877 -6.182 -7.42222 3
 17.43677 .2840004 -7.38922 0
 17.69027 .5780001 -7.93222 2
 17.94377 .8719997 -8.475221 3
 18.47477 1.3775 -8.419721 3
 19.00577 1.882999 -8.364221 2
 18.50677 3.253 -7.89422 2
 18.89977 3.658 -7.65672 2
 19.29277 4.063 -7.41922 1
 19.00577 1.882999 -8.364221 0
 19.67977 2.035999 -9.720221 7
 18.50677 3.253 -7.89422 0
 17.87427 3.3955 -8.00522 2
 17.24177 3.538 -8.11622 3
 16.98627 4.2075 -7.96972 3
 16.73077 4.876999 -7.82322 2
 16.50277 5.18 -6.336221 2
 16.11077 4.8415 -5.998721 2
 15.71877 4.503 -5.661221 1
 16.73077 4.876999 -7.82322 0
 15.46477 5.15 -8.633221 7
 15.13527 5.742 -8.38422 7
 14.80577 6.334 -8.135221 1
 16.50277 5.18 -6.336221 0
 16.86127 5.694 -6.094221 2
 17.21977 6.208 -5.852221 3
 17.11127 6.4635 -5.16572 3
 17.00277 6.719 -4.47922 2
 15.61877 7.344999 -4.33022 2
 15.31777 7.294499 -3.79722 2
 15.01677 7.243999 -3.26422 1
 17.00277 6.719 -4.47922 0
 17.95477 7.873999 -4.13222 7
 19.09277 7.521999 -3.19222 7
 18.73977 6.549999 -2.068221 7
 18.63327 6.7555 -1.489721 7
 18.52677 6.961 -.9112206 1
 18.73977 6.549999 -2.068221 0
 18.88877 5.9675 -2.18522 7
 19.03777 5.385 -2.30222 1
 15.61877 7.344999 -4.33022 0
 15.39627 7.686999 -4.85072 2
 15.17377 8.028999 -5.371221 3
 14.52227 8.381499 -5.32472 3
 13.87077 8.733999 -5.27822 2
 12.70177 7.75 -5.140221 2
 12.22527 7.8805 -4.770221 2
 11.74877 8.011 -4.40022 1
 13.87077 8.733999 -5.27822 0
 13.73477 9.645 -6.49522 7
 12.57877 10.631 -6.339221 7
 12.21877 10.7125 -6.82972 7
 11.85877 10.794 -7.32022 1
 12.57877 10.631 -6.339221 0
 12.56227 10.9975 -5.839221 7
 12.54577 11.364 -5.339221 1
 12.70177 7.75 -5.140221 0
 12.75077 7.188 -5.49122 2
 12.79977 6.625999 -5.84222 3
 12.28877 6.089 -5.77972 3
 11.77777 5.552 -5.71722 2
 11.75977 4.948999 -4.30922 2
 11.22777 4.8375 -4.018721 2
 10.69577 4.726 -3.72822 1
 11.77777 5.552 -5.71722 0
 12.02277 4.493999 -6.805221 7
 11.07477 3.289 -6.86122 7
 10.99477 2.709999 -8.27322 7
 11.07477 3.289 -6.86122 0
 11.54977 2.188 -5.93222 7
 11.75977 4.948999 -4.30922 0
 12.35627 4.835999 -4.04872 2
 12.95277 4.723 -3.78822 3
 13.03177 4.527499 -3.08822 3
 13.11077 4.331999 -2.38822 2
 12.53577 5.355999 -1.401221 2
 12.18227 5.1675 -.9347205 2
 11.82877 4.979 -.4682205 1
 13.11077 4.331999 -2.38822 0
 14.62177 4.218 -2.15622 7
 14.98477 3.729 -.7792203 7
 16.31377 2.984999 -.8692205 7
 16.66577 2.347 .4577794 7
 17.32727 2.019 .4062796 7
 17.98877 1.691 .3547797 3
 12.53577 5.355999 -1.401221 0
 12.64727 5.9955 -1.538221 2
 12.75877 6.635 -1.67522 3
 12.47427 7.188 -1.263721 3
 12.18977 7.740999 -.8522205 2
 10.66777 7.682999 -.8282204 2
 10.36277 7.749 -.2982204 2
 10.05777 7.815001 .2317796 1
 12.18977 7.740999 -.8522205 0
 12.55177 9.102999 -1.44322 7
 12.89677 10.075 -.3442204 7
 13.15377 11.506 -.8162205 7
 14.41177 11.641 -1.65622 7
 14.46177 12.3575 -1.84622 7
 14.51177 13.074 -2.036221 3
 10.66777 7.682999 -.8282204 0
 10.38327 7.574499 -1.41022 2
 10.09877 7.466 -1.99222 3
 9.36727 7.429999 -2.04222 3
 8.635771 7.393999 -2.09222 2
 8.06477 6.108999 -1.47122 2
 7.55577 6.143999 -1.13172 2
 7.04677 6.178999 -.7922204 1
 8.635771 7.393999 -2.09222 0
 8.180771 7.455999 -3.54022 7
 6.67477 7.557999 -3.661221 7
 6.313271 8.078499 -3.407721 7
 5.951771 8.598999 -3.154221 3
 6.67477 7.557999 -3.661221 0
 5.78977 6.638 -4.19122 7
 5.951771 8.598999 -3.154221 0
 5.28977 8.466999 -3.27072 3
 4.627769 8.334999 -3.38722 7
 4.579269 7.735 -3.701221 7
 4.530769 7.135 -4.015221 3
 5.16027 6.8865 -4.10322 3
 5.78977 6.638 -4.19122 7
 8.06477 6.108999 -1.47122 0
 8.436769 5.556 -1.50022 2
 8.808769 5.003 -1.52922 3
 8.596769 4.4 -1.16872 3
 8.384769 3.796999 -.8082204 2
 8.339769 3.99 .7077794 2
 7.87227 3.7515 1.042779 2
 7.40477 3.513 1.377779 1
 8.339769 3.99 .7077794 0
 8.80627 4.388 .9567795 2
 9.27277 4.785999 1.20578 3
 9.22327 4.983999 1.92578 3
 9.173771 5.181999 2.64578 2
 7.916771 6.007999 2.96678 2
 7.583771 5.879 3.47228 2
 7.250771 5.75 3.977779 1
 9.173771 5.181999 2.64578 0
 10.41877 5.934 3.094779 7
 10.32877 6.383999 4.545779 7
 10.41877 5.934 3.094779 0
 11.68177 5.087999 2.917779 7
 7.916771 6.007999 2.96678 0
 7.75177 6.466499 2.51478 2
 7.586769 6.924999 2.062779 3
 6.99327 7.355 2.13628 3
 6.399771 7.785 2.20978 2
 5.11677 6.982 2.325779 2
 4.73827 7.0715 2.805779 2
 4.35977 7.160999 3.285779 1
 6.399771 7.785 2.20978 0
 6.29777 8.732 1.016779 7
 6.778769 9.258 1.12078 7
 7.259769 9.784 1.22478 1
 6.29777 8.732 1.016779 0
 4.934771 9.402 .9207797 7
 5.11677 6.982 2.325779 0
 5.06677 6.489 1.88328 2
 5.016769 5.996 1.44078 3
 4.41477 5.5745 1.40878 3
 3.812771 5.153 1.37678 2
 3.639771 4.23 2.582779 2
 3.11277 4.235 2.901279 2
 2.58577 4.24 3.219779 1
 3.812771 5.153 1.37678 0
 3.83477 4.375999 .0617795 7
 2.732771 3.330999 -8.220434E-03 7
 3.83477 4.375999 .0617795 0
 3.71977 5.357 -1.095221 7
 3.639771 4.23 2.582779 0
 4.169271 3.893999 2.77828 2
 4.698771 3.557999 2.97378 3
 4.64777 3.107499 3.56678 3
 4.596769 2.657 4.15978 2
 4.433769 3.372999 5.48578 2
 4.141769 3.103 5.95028 2
 3.84977 2.833 6.41478 1
 4.596769 2.657 4.15978 0
 5.77977 1.709999 4.300779 7
 5.92577 .7799988 3.10578 7
 6.92877 -.3269997 3.42178 7
 5.92577 .7799988 3.10578 0
 4.57477 .2099991 2.72978 7
 4.433769 3.372999 5.48578 0
 4.69277 3.9765 5.51528 2
 4.951771 4.58 5.54478 3
 4.87277 4.983 6.15078 3
 4.79377 5.386 6.75678 2
 3.35677 5.851999 6.906779 2
 3.08777 5.822499 7.46278 2
 2.818769 5.792999 8.01878 1
 4.79377 5.386 6.75678 0
 5.718771 6.591 6.60078 7
 6.373271 6.313 6.642779 7
 7.027771 6.035 6.684779 1
 5.718771 6.591 6.60078 0
 5.489771 7.68 7.654779 7
 3.35677 5.851999 6.906779 0
 3.06227 6.0245 6.334779 2
 2.767771 6.197001 5.762779 3
 2.066771 6.425 5.755779 3
 1.36577 6.653 5.748779 2
 .4107704 5.487 6.031779 2
-9.22966E-03 5.556499 6.470279 2
-.4292297 5.625999 6.908779 1
 1.36577 6.653 5.748779 0
 1.07477 7.198999 4.354779 7
 .4107704 5.487 6.031779 0
 .5702705 4.897499 5.76378 2
 .7297707 4.307999 5.49578 3
 .3582702 3.6865 5.63278 3
-1.323032E-02 3.065001 5.769779 2
 .1447697 2.591 7.20978 2
-.31673 2.330999 7.52478 2
-.7782297 2.070999 7.83978 1
-1.323032E-02 3.065001 5.769779 0
 .4397697 1.969 4.79978 7
-.4562302 .7189999 4.78478 7
-1.88023 1.042 4.37478 7
-.4562302 .7189999 4.78478 0
 .1067705 -.3929996 3.88878 7
 .1447697 2.591 7.20978 0
 .7282696 2.702 7.460279 2
 1.311769 2.813 7.710779 3
 1.43577 2.6255 8.40278 3
 1.559771 2.438 9.09478 2
 .7577705 3.271 10.09178 2
 .4927702 3.005 10.57878 2
 .2277699 2.739 11.06578 1
 .7577705 3.271 10.09178 0
 .7077703 3.9085 9.95228 2
 .6577702 4.546 9.812779 3
 .2577701 5.0005 10.24078 3
-.14223 5.455 10.66878 2
-1.59923 5.032 10.72778 2
-1.93123 5.106999 11.24278 2
-2.26323 5.181999 11.75778 1
-.14223 5.455 10.66878 0
-.1622295 6.824999 9.998779 7
-1.59923 5.032 10.72778 0
-1.82223 4.776999 10.16028 2
-2.04523 4.521999 9.592779 3
-2.73673 4.289999 9.51878 3
-3.42823 4.057999 9.444779 2
-3.65623 2.74 10.19478 2
-4.11923 2.678499 10.59528 2
-4.58223 2.616999 10.99578 1
-3.42823 4.057999 9.444779 0
-3.78223 3.918999 7.955779 7
-3.75223 5.233999 7.16478 7
-3.78223 3.918999 7.955779 0
-5.10423 3.204 7.781779 7
-3.75223 5.233999 7.16478 0
-3.94923 4.983 5.65778 7
-3.65623 2.74 10.19478 0
-3.20523 2.2695 10.09778 2
-2.75423 1.799 10.00078 3
-2.83673 1.151999 10.31878 3
-2.91923 .5049992 10.63678 2
-2.82623 .5900002 12.16178 2
-3.16573 .2220001 12.52078 2
-3.50523 -.1459999 12.87978 1
-2.91923 .5049992 10.63678 0
-1.86823 -.493 10.13478 7
-2.00923 -.9040012 8.661779 7
-.9792299 -1.974001 8.330779 7
-2.00923 -.9040012 8.661779 0
-3.39923 -1.434999 8.298779 7
-2.82623 .5900002 12.16178 0
-2.42523 1.0455 12.40478 2
-2.02423 1.500999 12.64778 3
-1.98373 1.546499 13.38578 3
-1.94323 1.591999 14.12378 2
-3.15323 2.293999 14.73278 2
-3.18423 2.385499 15.33778 2
-3.21523 2.476999 15.94278 1
-1.94323 1.591999 14.12378 0
-.67523 2.341 14.55378 7
 .5647697 1.528 14.17978 7
 1.85277 2.268999 14.46578 7
 3.06777 1.629999 13.78778 7
 3.65427 2.065499 13.89078 7
 4.24077 2.500999 13.99378 3
-3.15323 2.293999 14.73278 0
-3.64223 2.465499 14.32778 2
-4.13123 2.636999 13.92278 3
-4.73023 2.968499 14.20428 3
-5.32923 3.299999 14.48578 2
-6.44523 2.272999 14.63678 2
-6.97823 2.4035 14.92328 2
-7.51123 2.534 15.20978 1
-5.32923 3.299999 14.48578 0
-5.77723 4.35 13.48078 7
-4.87323 5.584 13.43078 7
-5.09723 6.469 14.63878 7
-4.13223 7.642 14.62678 7
-4.47323 8.245 14.41878 7
-4.81423 8.848 14.21078 3
-6.44523 2.272999 14.63678 0
-6.27073 1.684999 14.39478 2
-6.09623 1.097 14.15278 3
-6.54023 .5144997 14.19278 3
-6.98423 -6.800079E-02 14.23278 2
-8.41223 .2869987 13.84778 2
-8.87623 .1464996 14.23078 2
-9.34023 6.000519E-03 14.61378 1
-6.98423 -6.800079E-02 14.23278 0
-6.95523 -.6060009 15.67478 7
-5.52623 -1.008001 16.07078 7
-5.38423 -1.089001 17.58278 7
-5.91923 -2.402 18.11778 7
-6.03773 -2.321501 18.83778 7
-6.15623 -2.241001 19.55778 3
-8.41223 .2869987 13.84778 0
-8.488729 .5239992 13.23478 2
-8.565229 .7609997 12.62178 3
-9.24673 .901 12.39928 3
-9.92823 1.041 12.17678 2
-10.42223 2.452999 12.50478 2
-10.82473 2.718499 12.12978 2
-11.22723 2.983999 11.75478 1
-10.42223 2.452999 12.50478 0
-10.13073 2.787 12.99578 2
-9.83923 3.121 13.48678 3
-10.06823 3.82 13.62278 3
-10.29723 4.518999 13.75878 2
-9.44123 5.566 13.03978 2
-9.01923 5.9015 13.34978 2
-8.59723 6.237 13.65978 1
-10.29723 4.518999 13.75878 0
-10.22123 4.802999 15.26578 7
-11.12223 3.927999 16.11578 7
-10.94023 3.331499 16.35828 7
-10.75823 2.734999 16.60078 3
-11.12223 3.927999 16.11578 0
-12.43523 4.142 16.47778 7
-10.75823 2.734999 16.60078 0
-11.29623 2.466499 16.91478 3
-11.83423 2.198 17.22878 7
-12.35073 2.627 17.19178 7
-12.86723 3.056 17.15478 3
-12.65123 3.599 16.81628 3
-12.43523 4.142 16.47778 7
-9.44123 5.566 13.03978 0
-9.471729 5.518499 12.37978 2
-9.50223 5.470999 11.71978 3
-9.01373 5.815999 11.28728 3
-8.52523 6.160999 10.85478 2
-9.101231 7.254 9.960779 2
-8.759231 7.4635 9.485779 2
-8.417231 7.673 9.010779 1
-8.52523 6.160999 10.85478 0
-7.82123 5.145 9.944779 7
-8.72923 4.167999 9.19978 7
-8.59523 3.496499 9.13678 7
-8.461229 2.824999 9.073779 3
-8.72923 4.167999 9.19978 0
-9.91823 4.406 8.543779 7
-8.461229 2.824999 9.073779 0
-8.971729 2.534999 8.72378 3
-9.48223 2.244999 8.373779 7
-9.93173 2.728999 8.22028 7
-10.38123 3.212999 8.066779 3
-10.14973 3.8095 8.305279 3
-9.91823 4.406 8.543779 7
-9.101231 7.254 9.960779 0
-9.70473 7.467 10.13278 2
-10.30823 7.68 10.30478 3
-10.65973 8.2095 9.93078 3
-11.01123 8.739 9.55678 2
-10.13423 9.956999 9.18178 2
-10.15823 10.187 8.61428 2
-10.18223 10.417 8.04678 1
-11.01123 8.739 9.55678 0
-12.33823 9.146 10.25578 7
-12.25623 9.507 11.76878 7
-12.19323 8.211 12.59978 7
-11.95523 8.2115 13.17278 7
-11.71723 8.212 13.74578 1
-12.19323 8.211 12.59978 0
-12.46373 7.7115 12.36028 7
-12.73423 7.212 12.12078 1
-10.13423 9.956999 9.18178 0
-9.71373 10.1975 9.627279 2
-9.29323 10.438 10.07278 3
-8.92523 11.0555 9.932779 3
-8.55723 11.673 9.79278 2
-7.32323 11.468 8.920779 2
-7.03973 11.9535 8.672779 2
-6.75623 12.439 8.42478 1
-8.55723 11.673 9.79278 0
-8.12723 12.363 11.09278 7
-7.32323 11.468 8.920779 0
-7.04723 10.8695 8.94578 2
-6.77123 10.271 8.970779 3
-6.15523 10.1425 8.57728 3
-5.53923 10.014 8.18378 2
-5.97223 9.635 6.75678 2
-5.64523 9.7645 6.24578 2
-5.31823 9.893999 5.734779 1
-5.53923 10.014 8.18378 0
-4.84723 8.76 8.736779 7
-4.35023 8.788 10.19278 7
-5.40223 9.027 11.29078 7
-5.98723 8.8145 11.25078 7
-6.57223 8.601999 11.21078 1
-5.40223 9.027 11.29078 0
-5.26073 9.4935 11.65828 7
-5.11923 9.959999 12.02578 1
-5.97223 9.635 6.75678 0
-6.53723 9.3105 6.736279 2
-7.10223 8.986 6.715779 3
-7.31573 8.703 6.07728 3
-7.52923 8.42 5.43878 2
-8.15723 9.466 4.52578 2
-8.038731 9.4605 3.92128 2
-7.92023 9.455 3.31678 1
-7.52923 8.42 5.43878 0
-8.48123 7.282999 5.76678 7
-8.90023 6.466 4.58678 7
-8.75023 4.977999 4.88478 7
-8.90023 6.466 4.58678 0
-10.32323 6.816 4.165779 7
-8.15723 9.466 4.52578 0
-8.51923 9.9275 4.829279 2
-8.881229 10.389 5.132779 3
-9.23273 10.9085 4.750779 3
-9.58423 11.428 4.368779 2
-8.71723 12.231 3.40078 2
-8.86623 12.2335 2.80278 2
-9.01523 12.236 2.20478 1
-9.58423 11.428 4.368779 0
-10.30323 12.355 5.326779 7
-11.53323 13.036 4.755779 7
-11.63423 14.462 5.28578 7
-13.06123 14.993 5.349779 7
-13.03123 15.642 5.697279 7
-13.00123 16.291 6.04478 3
-8.71723 12.231 3.40078 0
-8.127729 12.4615 3.60628 2
-7.53823 12.692 3.811779 3
-7.10773 13.072 3.348279 3
-6.67723 13.452 2.884779 2
-6.06423 12.602 1.77078 2
-5.96323 12.8285 1.20578 2
-5.86223 13.055 .6407795 1
-6.67723 13.452 2.884779 0
-5.56223 13.995 3.74278 7
-6.15223 14.079 5.12978 7
-7.08023 12.903 5.20978 7
-7.30923 12.7975 4.510779 7
-7.53823 12.692 3.811779 3
-6.06423 12.602 1.77078 0
-5.90073 11.9965 1.94878 2
-5.73723 11.391 2.12678 3
-5.48023 10.896 1.63978 3
-5.22323 10.401 1.15278 2
-6.29723 10.141 7.577944E-02 2
-6.13773 10.173 -.5167205 2
-5.97823 10.205 -1.109221 1
-5.22323 10.401 1.15278 0
-4.85223 9.119999 1.923779 7
-4.06523 8.003 1.194779 7
-3.98623 6.788 2.102779 7
-4.06523 8.003 1.194779 0
-4.69723 7.500999 -.0862205 7
-6.29723 10.141 7.577944E-02 0
-6.92073 10.0105 .2737794 2
-7.54423 9.879999 .4717793 3
-8.06573 9.766999 -4.772055E-02 3
-8.58723 9.653999 -.5672204 2
-8.72923 10.881 -1.45822 2
-8.77973 10.8165 -2.06872 2
-8.83023 10.752 -2.67922 1
-8.58723 9.653999 -.5672204 0
-9.96723 9.396999 5.177951E-02 7
-8.72923 10.881 -1.45822 0
-8.725229 11.4595 -1.140221 2
-8.72123 12.038 -.8222206 3
-8.81673 12.6495 -1.21472 3
-8.91223 13.261 -1.60722 2
-7.78623 13.422 -2.61922 2
-7.91873 13.6095 -3.18772 2
-8.051229 13.797 -3.75622 1
-8.91223 13.261 -1.60722 0
-8.97423 14.507 -.7012205 7
-10.39823 14.807 -.2252204 7
-10.42323 15.674 1.048779 7
-10.95723 15.873 1.282779 7
-11.49123 16.072 1.516779 1
-10.42323 15.674 1.048779 0
-9.857229 15.95 1.229779 7
-9.291229 16.226 1.410779 3
-7.78623 13.422 -2.61922 0
-7.16673 13.3215 -2.39922 2
-6.54723 13.221 -2.17922 3
-5.99823 13.3505 -2.65322 3
-5.44923 13.48 -3.12722 2
-5.46823 12.451 -4.253221 2
-5.37073 12.6115 -4.841721 2
-5.27323 12.772 -5.430221 1
-5.44923 13.48 -3.12722 0
-4.10623 13.413 -2.40822 7
-4.03123 12.788 -2.07772 7
-3.95623 12.163 -1.747221 1
-5.46823 12.451 -4.253221 0
-5.58073 11.83 -4.05222 2
-5.69323 11.209 -3.85122 3
-5.64973 10.6645 -4.34422 3
-5.60623 10.12 -4.83722 2
-6.79023 10.107 -5.79522 2
-6.71373 9.9515 -6.387721 2
-6.63723 9.796 -6.980221 1
-5.60623 10.12 -4.83722 0
-5.42223 8.77 -4.153221 7
-4.04523 8.632999 -3.56122 7
-3.82323 9.0355 -3.07772 7
-3.60123 9.438 -2.59422 3
-4.04523 8.632999 -3.56122 0
-3.00923 7.802999 -3.94922 7
-3.60123 9.438 -2.59422 0
-2.94823 9.282499 -2.479721 3
-2.29523 9.126999 -2.365221 7
-2.10473 8.629499 -2.779221 7
-1.91423 8.132 -3.19322 3
-2.46173 7.9675 -3.57122 3
-3.00923 7.802999 -3.94922 7
-6.79023 10.107 -5.79522 0
-7.33773 10.3835 -5.544721 2
-7.88523 10.66 -5.29422 3
-8.464729 10.769 -5.723221 3
-9.04423 10.878 -6.152221 2
-8.79423 12.005 -7.140221 2
-8.87523 11.9185 -7.747721 2
-8.95623 11.832 -8.355221 1
-9.04423 10.878 -6.152221 0
-10.27223 11.259 -5.32722 7
-8.79423 12.005 -7.140221 0
-8.77223 12.59 -6.847721 2
-8.75023 13.175 -6.555221 3
-8.80573 13.7955 -6.959721 3
-8.86123 14.416 -7.364221 2
-7.55223 14.833 -8.039221 2
-7.56123 15.1775 -8.55022 2
-7.57023 15.522 -9.06122 1
-8.86123 14.416 -7.364221 0
-9.344231 15.555 -6.484221 7
-8.833731 15.728 -6.01222 7
-8.32323 15.901 -5.54022 1
-9.344231 15.555 -6.484221 0
-10.63823 15.171 -5.765221 7
-7.55223 14.833 -8.039221 0
-7.00223 14.67 -7.718221 2
-6.452229 14.507 -7.397221 3
-5.80023 14.726 -7.655721 3
-5.14823 14.945 -7.914221 2
-4.41123 13.83 -8.65622 2
-4.19123 13.9145 -9.226721 2
-3.97123 13.999 -9.79722 1
-5.14823 14.945 -7.914221 0
-4.30423 15.417 -6.744221 7
-3.86923 16.853 -6.942221 7
-4.13723 17.731 -5.73122 7
-2.89723 17.853 -4.82122 7
-3.04773 18.3175 -4.25622 7
-3.19823 18.782 -3.691221 3
-4.41123 13.83 -8.65622 0
-4.32873 13.2665 -8.33222 2
-4.24623 12.703 -8.008221 3
-3.84773 12.1935 -8.355721 3
-3.44923 11.684 -8.70322 2
-4.27323 10.874 -9.706221 2
-3.99373 10.548 -10.15372 2
-3.71423 10.222 -10.60122 1
-3.44923 11.684 -8.70322 0
-2.83023 10.766 -7.673221 7
-1.99523 11.564 -6.70822 7
-1.57223 12.036 -6.905221 7
-1.14923 12.508 -7.102221 3
-1.99523 11.564 -6.70822 0
-2.04423 11.582 -5.35322 7
-1.14923 12.508 -7.102221 0
-.9127297 12.8115 -6.553221 3
-.6762295 13.115 -6.00422 7
-.9472299 12.832 -5.47222 7
-1.21823 12.549 -4.94022 3
-1.63123 12.0655 -5.14672 3
-2.04423 11.582 -5.35322 7
-4.27323 10.874 -9.706221 0
-4.92473 10.8665 -9.57822 2
-5.57623 10.859 -9.45022 3
-6.03323 10.455 -9.86822 3
-6.49023 10.051 -10.28622 2
-6.17923 8.548 -10.25622 2
-6.10023 8.2215 -10.77422 2
-6.02123 7.895 -11.29222 1
-6.49023 10.051 -10.28622 0
-6.52523 10.608 -11.72122 7
-7.81523 10.229 -12.46122 7
-7.67523 9.948 -13.97022 7
-7.69823 11.218 -14.82722 7
-7.02273 11.4045 -15.05522 7
-6.34723 11.591 -15.28322 3
-6.17923 8.548 -10.25622 0
-6.17373 8.259 -9.66072 2
-6.16823 7.969999 -9.06522 3
-5.98973 7.242999 -9.01072 3
-5.81123 6.515999 -8.956221 2
-7.06623 5.660999 -8.81522 2
-7.36173 5.693999 -8.27622 2
-7.65723 5.726999 -7.737221 1
-5.81123 6.515999 -8.956221 0
-5.04223 6.27 -7.65322 7
-3.88223 7.247 -7.49222 7
-5.04223 6.27 -7.65322 0
-4.66323 4.799999 -7.42622 7
-3.88223 7.247 -7.49222 0
-3.02723 7.240999 -8.76422 7
-7.06623 5.660999 -8.81522 0
-7.23423 5.247999 -9.31172 2
-7.40223 4.834999 -9.80822 3
-7.96573 4.365999 -9.76322 3
-8.52923 3.896999 -9.71822 2
-8.44423 2.990999 -8.48822 2
-7.89873 2.777499 -8.29172 2
-7.35323 2.563999 -8.095221 1
-8.52923 3.896999 -9.71822 0
-8.52623 3.052999 -10.99422 7
-7.46123 3.642 -11.90422 7
-6.69923 4.702 -11.10722 7
-7.05073 4.768499 -10.45772 7
-7.40223 4.834999 -9.80822 3
-8.44423 2.990999 -8.48822 0
-9.02073 2.891 -8.16572 2
-9.59723 2.791 -7.843221 3
-9.62023 2.334 -7.261721 3
-9.64323 1.876999 -6.680221 2
-9.020229 .5030003 -6.949221 2
-8.712729 .2275 -6.494221 2
-8.40523 -4.800034E-02 -6.039221 1
-9.64323 1.876999 -6.680221 0
-11.09023 1.671 -6.233221 7
-11.63223 2.862 -5.46522 7
-11.09023 1.671 -6.233221 0
-11.20823 .4619999 -5.326221 7
-11.63223 2.862 -5.46522 0
-11.25823 2.615999 -4.023221 7
-9.020229 .5030003 -6.949221 0
-9.07473 .2515001 -7.574221 2
-9.12923 0 -8.199221 3
-8.81223 -.6415005 -8.41322 3
-8.49523 -1.283001 -8.62722 2
-6.97223 -1.318001 -8.404221 2
-6.68373 -1.852501 -8.293221 2
-6.39523 -2.387001 -8.18222 1
-8.49523 -1.283001 -8.62722 0
-8.76123 -1.477001 -10.13522 7
-8.40123 -2.878 -10.61722 7
-9.36123 -3.906 -10.00222 7
-9.09623 -5.339001 -10.46122 7
-9.51423 -5.8005 -10.07172 7
-9.93223 -6.262 -9.68222 3
-6.97223 -1.318001 -8.404221 0
-6.65273 -.7355003 -8.486721 2
-6.33323 -.1529999 -8.569221 3
-5.60123 -.1044998 -8.48222 3
-4.86923 -5.599976E-02 -8.39522 2
-4.57623 -.1480007 -6.90022 2
-4.06473 -.4175005 -6.69322 2
-3.55323 -.6870003 -6.48622 1
-4.86923 -5.599976E-02 -8.39522 0
-4.360229 1.305 -8.903221 7
-4.28123 1.524 -10.40722 7
-3.61923 2.632999 -10.90822 7
-4.28123 1.524 -10.40722 0
-4.85523 .6219997 -11.27922 7
-3.61923 2.632999 -10.90822 0
-3.56423 2.872 -12.29622 7
-4.85523 .6219997 -11.27922 0
-4.82223 .8449993 -12.66722 7
-4.18623 1.986 -13.16922 7
-3.56423 2.872 -12.29622 7
-4.18623 1.986 -13.16922 0
-4.16673 2.0835 -13.82122 7
-4.14723 2.181 -14.47322 1
-4.57623 -.1480007 -6.90022 0
-5.04823 .072999 -6.49672 2
-5.52023 .2939987 -6.093221 3
-5.41623 .1924992 -5.370721 3
-5.31223 .0909996 -4.648221 2
-5.40723 -1.379 -4.22422 2
-5.02773 -1.6 -3.78822 2
-4.64823 -1.821001 -3.352221 1
-5.31223 .0909996 -4.648221 0
-6.21923 .9540005 -3.773221 7
-6.05323 2.465 -3.95622 7
-7.08423 3.212 -3.101221 7
-6.05323 2.465 -3.95622 0
-4.64123 2.948 -3.625221 7
-5.40723 -1.379 -4.22422 0
-5.77573 -1.7585 -4.617721 2
-6.14423 -2.138 -5.01122 3
-6.14473 -2.868501 -4.94622 3
-6.14523 -3.599001 -4.88122 2
-4.81723 -4.242001 -5.33322 2
-4.54423 -4.7025 -5.016221 2
-4.27123 -5.163 -4.699221 1
-6.14523 -3.599001 -4.88122 0
-7.33423 -4.146 -5.685221 7
-7.29423 -5.665 -5.734221 7
-8.37023 -6.227 -6.66722 7
-8.46173 -6.8355 -6.63422 7
-8.55323 -7.444 -6.60122 1
-8.37023 -6.227 -6.66722 0
-8.78523 -5.8435 -6.91622 7
-9.20023 -5.46 -7.16522 1
-4.81723 -4.242001 -5.33322 0
-4.53873 -3.971001 -5.86472 2
-4.26023 -3.700001 -6.39622 3
-3.60423 -3.964001 -6.63072 3
-2.94823 -4.228001 -6.865221 2
-1.80623 -4.004 -5.858221 2
-1.45473 -4.476 -5.671721 2
-1.10323 -4.948 -5.48522 1
-2.94823 -4.228001 -6.865221 0
-2.55923 -3.557001 -8.194221 7
-3.48423 -3.792 -9.38422 7
-3.45823 -2.904001 -10.44722 7
-3.48423 -3.792 -9.38422 0
-4.32323 -4.902 -9.424221 7
-3.45823 -2.904001 -10.44722 0
-4.31523 -3.1 -11.55222 7
-4.32323 -4.902 -9.424221 0
-5.18023 -5.123 -10.53122 7
-5.18123 -4.208 -11.58922 7
-4.31523 -3.1 -11.55222 7
-1.80623 -4.004 -5.858221 0
-1.75473 -3.388 -5.598221 2
-1.70323 -2.772001 -5.338221 3
-1.20423 -2.650001 -4.81772 3
-.7052298 -2.528 -4.29722 2
-.9352303 -3.331001 -3.01822 2
-.4462299 -3.588501 -2.74172 2
 4.277039E-02 -3.846001 -2.46522 1
-.7052298 -2.528 -4.29722 0
-.4762297 -1.043001 -4.010221 7
 .9127693 -.8000011 -3.40722 7
-.4762297 -1.043001 -4.010221 0
-1.551229 -.4379997 -3.125221 7
 .9127693 -.8000011 -3.40722 0
 1.184771 .6929989 -3.28122 7
-.9352303 -3.331001 -3.01822 0
-1.57473 -3.484501 -2.875721 2
-2.21423 -3.638 -2.733221 3
-2.36573 -4.083 -2.164721 3
-2.51723 -4.528 -1.59622 2
-1.98023 -5.949 -1.82422 2
-1.69023 -6.251 -1.37122 2
-1.40023 -6.553 -.9182205 1
-2.51723 -4.528 -1.59622 0
-4.02623 -4.569 -1.33822 7
-4.24073 -3.926001 -1.08822 7
-4.45523 -3.283001 -.8382204 1
-1.98023 -5.949 -1.82422 0
-2.03623 -6.186501 -2.438221 2
-2.09223 -6.424001 -3.05222 3
-1.79973 -7.081501 -3.19672 3
-1.50723 -7.739 -3.34122 2
 1.477051E-02 -7.668 -3.24122 2
 .3412704 -8.151001 -3.03572 2
 .6677704 -8.634001 -2.83022 1
-1.50723 -7.739 -3.34122 0
-1.85423 -8.186001 -4.76422 7
-3.34923 -8.386001 -5.01722 7
-3.84723 -9.594001 -4.220221 7
-3.48973 -10.1 -4.22922 7
-3.13223 -10.606 -4.23822 1
-3.84723 -9.594001 -4.220221 0
-4.31173 -9.519501 -3.81522 7
-4.77623 -9.445001 -3.41022 1
 1.477051E-02 -7.668 -3.24122 0
 .2757702 -7.1095 -3.47572 2
 .5367699 -6.551001 -3.71022 3
 1.27727 -6.4715 -3.684721 3
 2.017771 -6.392 -3.65922 2
 2.552771 -6.42 -2.227221 2
 3.05727 -6.7445 -2.092721 2
 3.561769 -7.069 -1.95822 1
 2.017771 -6.392 -3.65922 0
 2.41777 -5.081 -4.313221 7
 2.552771 -6.42 -2.227221 0
 2.20127 -6.085 -1.781221 2
 1.84977 -5.75 -1.335221 3
 2.05227 -5.739 -.6222206 3
 2.25477 -5.728001 .0907793 2
 2.298771 -7.129001 .7157793 2
 2.80027 -7.3335 1.025779 2
 3.301769 -7.538 1.33578 1
 2.25477 -5.728001 .0907793 0
 1.30077 -4.792 .8427796 7
 1.38677 -3.374001 .2817798 7
 1.30077 -4.792 .8427796 0
 1.54277 -4.813 2.34978 7
 1.38677 -3.374001 .2817798 0
 .4207697 -2.390001 .9487796 7
 2.298771 -7.129001 .7157793 0
 1.786771 -7.5105 .5467794 2
 1.274771 -7.892 .3777795 3
 1.20827 -8.5655 .6622796 3
 1.141769 -9.239 .9467797 2
 2.18277 -10.19 .3937798 2
 2.51777 -10.538 .7787797 2
 2.85277 -10.886 1.16378 1
 1.141769 -9.239 .9467797 0
-.26723 -9.794001 .7207794 7
-1.27123 -9.160001 1.68578 7
-.26723 -9.794001 .7207794 0
-.3462296 -11.32 .7627797 7
-1.27123 -9.160001 1.68578 0
-2.67123 -9.337001 1.135779 7
 2.18277 -10.19 .3937798 0
 2.28027 -10.1305 -.2532203 2
 2.377769 -10.071 -.9002204 3
 2.92777 -10.463 -1.17922 3
 3.47777 -10.855 -1.45822 2
 4.82877 -10.607 -.7842205 2
 5.17827 -11.064 -.5557204 2
 5.527771 -11.521 -.3272204 1
 3.47777 -10.855 -1.45822 0
 3.60877 -10.379 -2.87522 7
 4.61977 -11.236 -3.59822 7
 4.44677 -11.7535 -3.97022 7
 4.273769 -12.271 -4.34222 3
 4.61977 -11.236 -3.59822 0
 6.00577 -11.147 -3.57422 7
 4.273769 -12.271 -4.34222 0
 4.84177 -12.555 -4.56772 3
 5.409771 -12.839 -4.793221 7
 5.943271 -12.4895 -4.556221 7
 6.47677 -12.14 -4.319221 3
 6.24127 -11.6435 -3.946721 3
 6.00577 -11.147 -3.57422 7
 4.82877 -10.607 -.7842205 0
 5.00327 -9.976 -.7497205 2
 5.177771 -9.345 -.7152205 3
 5.828771 -9.158501 -.4107205 3
 6.479771 -8.972 -.1062205 2
 6.538771 -9.364 1.38278 2
 7.066271 -9.574501 1.640779 2
 7.593771 -9.785001 1.898779 1
 6.479771 -8.972 -.1062205 0
 6.818769 -7.465 -.4082205 7
 7.99777 -6.856 .3887796 7
 6.818769 -7.465 -.4082205 0
 6.97077 -7.214001 -1.908221 7
 6.538771 -9.364 1.38278 0
 5.96827 -9.3155 1.726779 2
 5.39777 -9.267 2.070779 3
 5.43877 -9.449 2.789779 3
 5.479771 -9.631001 3.50878 2
 5.65177 -11.139 3.649779 2
 5.93377 -11.395 4.135779 2
 6.215771 -11.651 4.621779 1
 5.479771 -9.631001 3.50878 0
 4.225771 -9.234 4.27178 7
 4.03577 -7.734 4.45278 7
 2.888769 -7.438001 5.40978 7
 4.03577 -7.734 4.45278 0
 5.30777 -7.073 4.92478 7
 5.65177 -11.139 3.649779 0
 5.43077 -11.49 3.141779 2
 5.20977 -11.841 2.63378 3
 5.32327 -12.5635 2.69828 3
 5.436769 -13.286 2.76278 2
 6.90177 -13.648 2.48878 2
 7.18927 -14.0885 2.81978 2
 7.47677 -14.529 3.15078 1
 5.436769 -13.286 2.76278 0
 4.50577 -14 1.79578 7
 4.600771 -15.519 1.76378 7
 4.389771 -15.931 2.269279 7
 4.17877 -16.343 2.774779 3
 4.600771 -15.519 1.76378 0
 5.090771 -16.313 .7467794 7
 4.17877 -16.343 2.774779 0
 4.29527 -16.988 2.58128 3
 4.41177 -17.633 2.38778 7
 4.69527 -17.6265 1.76228 7
 4.978769 -17.62 1.136779 3
 5.03477 -16.9665 .9417794 3
 5.090771 -16.313 .7467794 7
 6.90177 -13.648 2.48878 0
 7.17927 -13.3025 1.99478 2
 7.45677 -12.957 1.50078 3
 8.15577 -13.0735 1.31328 3
 8.854771 -13.19 1.12578 2
 9.77977 -12.925 2.29778 2
 10.33877 -13.1795 2.305779 2
 10.89777 -13.434 2.313779 1
 8.854771 -13.19 1.12578 0
 9.322769 -12.288 -2.022052E-02 7
 9.006769 -12.472 -.6337205 7
 8.690769 -12.656 -1.247221 1
 9.77977 -12.925 2.29778 0
 9.62727 -12.393 2.657779 2
 9.47477 -11.861 3.017779 3
 9.99577 -11.613 3.466779 3
 10.51677 -11.365 3.91578 2
 10.27377 -11.908 5.312779 2
 10.68577 -11.8545 5.76628 2
 11.09777 -11.801 6.21978 1
 10.51677 -11.365 3.91578 0
 10.61477 -9.829 3.871779 7
 11.16477 -9.370001 2.51878 7
 11.37877 -7.877001 2.359779 7
 11.85727 -7.6225 2.872279 7
 12.33577 -7.368 3.384779 3
 12.78777 -6.875 3.28478 3
 13.23977 -6.382 3.18478 7
 13.35227 -6.121 2.58328 7
 13.46477 -5.860001 1.98178 3
 13.23977 -6.382 3.18478 0
 13.49577 -6.0625 3.708279 7
 13.75177 -5.743 4.231779 3
 10.27377 -11.908 5.312779 0
 9.67727 -12.164 5.40778 2
 9.08077 -12.42 5.50278 3
 8.92827 -12.6525 6.17928 3
 8.77577 -12.885 6.85578 2
 7.91577 -14.146 6.92478 2
 7.407269 -14.1205 7.26728 2
 6.898769 -14.095 7.609779 1
 8.77577 -12.885 6.85578 0
 7.98477 -11.784 7.57278 7
 8.666771 -10.432 7.536779 7
 9.118271 -10.2405 7.99478 7
 9.569771 -10.049 8.45278 3
 8.666771 -10.432 7.536779 0
 8.568769 -9.445001 6.59478 7
 9.569771 -10.049 8.45278 0
 9.792271 -9.439501 8.28078 3
 10.01477 -8.830001 8.10878 7
 9.70577 -8.649501 7.54378 7
 9.39677 -8.469001 6.97878 3
 8.98277 -8.957001 6.78678 3
 8.568769 -9.445001 6.59478 7
 7.91577 -14.146 6.92478 0
 8.141769 -14.6895 6.640779 2
 8.367769 -15.233 6.356779 3
 8.02527 -15.8825 6.359779 3
 7.68277 -16.532 6.36278 2
 7.19577 -17.031 7.734779 2
 6.60727 -17.2165 7.807779 2
 6.01877 -17.402 7.880779 1
 7.68277 -16.532 6.36278 0
 8.708771 -17.521 5.802779 7
 10.05077 -16.874 6.071779 7
 9.773769 -15.396 5.923779 7
 9.070769 -15.3145 6.140279 7
 8.367769 -15.233 6.356779 3
 7.19577 -17.031 7.734779 0
 7.64777 -17.1375 8.20228 2
 8.09977 -17.244 8.66978 3
 7.96327 -17.673 9.25528 3
 7.826771 -18.102 9.840779 2
 6.933769 -17.31 10.76678 2
 6.85977 -17.421 11.36778 2
 6.78577 -17.532 11.96878 1
 6.933769 -17.31 10.76678 0
 6.841269 -16.7335 10.49978 2
 6.74877 -16.157 10.23278 3
 6.48427 -15.596 10.58678 3
 6.21977 -15.035 10.94078 2
 4.93977 -14.553 10.22378 2
 4.52727 -14.177 10.48378 2
 4.114771 -13.801 10.74378 1
 6.21977 -15.035 10.94078 0
 7.451771 -14.098 10.86278 7
 8.64077 -14.646 11.71278 7
 8.49827 -14.8765 12.27128 7
 8.35577 -15.107 12.82978 1
 8.64077 -14.646 11.71278 0
 9.21377 -14.7245 11.46528 7
 9.78677 -14.803 11.21778 1
 4.93977 -14.553 10.22378 0
 4.83777 -14.78 9.61578 2
 4.735769 -15.007 9.007779 3
 4.14477 -14.754 8.644779 3
 3.55377 -14.501 8.281779 2
 2.76977 -15.706 7.764779 2
 2.80377 -15.893 7.175779 2
 2.83777 -16.08 6.58678 1
 3.55377 -14.501 8.281779 0
 3.96277 -13.512 7.161779 7
 2.902771 -12.672 6.458779 7
 2.180771 -11.747 7.18578 7
 2.902771 -12.672 6.458779 0
 2.62977 -12.842 5.109779 7
 2.180771 -11.747 7.18578 0
 1.190769 -10.96 6.578779 7
 2.62977 -12.842 5.109779 0
 1.63677 -12.057 4.474779 7
 .9137707 -11.106 5.213779 7
 1.190769 -10.96 6.578779 7
 2.76977 -15.706 7.764779 0
 2.52327 -16.0955 8.23778 2
 2.27677 -16.485 8.710779 3
 1.89977 -17.106 8.558779 3
 1.52277 -17.727 8.406779 2
 .1237698 -17.392 7.856779 2
-1.23024E-03 -16.798 7.732279 2
-.1262302 -16.204 7.60778 1
 .1237698 -17.392 7.856779 0
-.2772303 -17.908 7.671779 2
-.6782303 -18.424 7.486779 3
-1.34723 -18.319 7.14678 3
-2.01623 -18.214 6.80678 2
-2.95923 -17.294 7.59178 2
-3.27473 -16.842 7.311779 2
-3.59023 -16.39 7.031779 1
-2.01623 -18.214 6.80678 0
-2.73023 -19.545 6.63678 7
-2.95923 -17.294 7.59178 0
-2.92823 -17.372 8.25428 2
-2.89723 -17.45 8.91678 3
-3.27223 -17.0245 9.37578 3
-3.64723 -16.599 9.83478 2
-3.27523 -15.107 9.80478 2
-3.71573 -14.672 9.78078 2
-4.15623 -14.237 9.75678 1
-3.64723 -16.599 9.83478 0
-3.56823 -17.15 11.24378 7
-2.11723 -17.166 11.72578 7
-2.03723 -17.262 12.32328 7
-1.95723 -17.358 12.92078 1
-2.11723 -17.166 11.72578 0
-1.63773 -17.159 11.33428 7
-1.15823 -17.152 10.94278 1
-3.27523 -15.107 9.80478 0
-2.62873 -14.9745 9.779779 2
-1.98223 -14.842 9.75478 3
-1.74573 -14.1415 9.70228 3
-1.50923 -13.441 9.649779 2
-1.75923 -12.916 8.248779 2
-1.89123 -12.3225 8.15978 2
-2.02323 -11.729 8.07078 1
-1.50923 -13.441 9.649779 0
-1.023006E-02 -13.371 9.82978 7
-1.75923 -12.916 8.248779 0
-1.74723 -13.3755 7.774779 2
-1.735229 -13.835 7.300779 3
-1.90273 -13.6405 6.618279 3
-2.07023 -13.446 5.93578 2
-3.54823 -13.045 5.82078 2
-3.72573 -12.538 5.50778 2
-3.90323 -12.031 5.194779 1
-2.07023 -13.446 5.93578 0
-1.735229 -14.613 5.00878 7
-1.83023 -14.254 3.52178 7
-1.51223 -15.464 2.62078 7
-1.27723 -15.985 2.85978 7
-1.04223 -16.506 3.09878 1
-1.51223 -15.464 2.62078 0
-1.75773 -15.4315 2.003279 7
-2.00323 -15.399 1.385779 3
-3.54823 -13.045 5.82078 0
-3.96473 -13.418 6.17078 2
-4.38123 -13.791 6.52078 3
-5.10873 -13.638 6.50678 3
-5.83623 -13.485 6.49278 2
-6.22923 -12.182 7.19078 2
-6.67423 -11.8195 6.95878 2
-7.11923 -11.457 6.72678 1
-6.22923 -12.182 7.19078 0
-5.91373 -12.0575 7.760779 2
-5.59823 -11.933 8.330779 3
-5.68473 -11.299 8.707279 3
-5.77123 -10.665 9.083779 2
-5.33023 -9.43 8.28078 2
-5.68923 -8.926001 8.262779 2
-6.04823 -8.422001 8.24478 1
-5.77123 -10.665 9.083779 0
-5.02123 -10.719 10.41878 7
-5.33023 -9.43 8.28078 0
-4.75323 -9.4965 7.95028 2
-4.176229 -9.563001 7.61978 3
-3.89073 -9.012501 7.20928 3
-3.60523 -8.462001 6.798779 2
-4.43423 -8.111 5.559779 2
-4.57423 -7.5265 5.410779 2
-4.71423 -6.942 5.26178 1
-3.60523 -8.462001 6.798779 0
-2.18323 -8.803 6.382779 7
-1.62123 -7.657001 5.56378 7
-1.42673 -6.943501 6.08578 7
-1.23223 -6.23 6.60778 4
-.5362301 -6.54 7.08578 4
 .15977 -6.85 7.56378 7
-4.43423 -8.111 5.559779 0
-4.71223 -8.629 5.27878 2
-4.99023 -9.147 4.99778 3
-5.44523 -9.053 4.43128 3
-5.90023 -8.959001 3.864779 2
-7.25323 -8.345 4.23278 2
-7.44673 -7.8555 3.90528 2
-7.64023 -7.366 3.57778 1
-5.90023 -8.959001 3.864779 0
-6.08223 -10.29 3.16478 7
-6.88423 -10.063 1.877779 7
-6.63923 -9.783501 1.381779 7
-6.39423 -9.504001 .8857794 1
-6.88423 -10.063 1.877779 0
-7.525229 -10.1555 1.964279 7
-8.166229 -10.248 2.050779 3
-7.25323 -8.345 4.23278 0
-7.51623 -8.5305 4.820779 2
-7.77923 -8.716001 5.408779 3
-8.35173 -8.347 5.710279 3
-8.924231 -7.978001 6.01178 2
-8.61423 -6.51 6.31778 2
-9.054729 -6.082 6.27228 2
-9.49523 -5.654 6.22678 1
-8.924231 -7.978001 6.01178 0
-9.29823 -8.538 7.378779 7
-10.33723 -9.644 7.352779 7
-10.85423 -9.854 8.781779 7
-12.21923 -10.516 8.85078 7
-12.44223 -10.5485 9.561779 7
-12.66523 -10.581 10.27278 3
-8.61423 -6.51 6.31778 0
-8.02023 -6.3855 6.57878 2
-7.42623 -6.261001 6.83978 3
-7.24773 -5.558001 7.00228 3
-7.06923 -4.855 7.16478 2
-6.90623 -4.009001 5.89178 2
-7.10573 -3.4285 5.86978 2
-7.30523 -2.848 5.847779 1
-7.06923 -4.855 7.16478 0
-5.77123 -4.828001 7.95978 7
-6.90623 -4.009001 5.89178 0
-6.62773 -4.309501 5.37828 2
-6.34923 -4.610001 4.864779 3
-6.28373 -4.269 4.222779 3
-6.21823 -3.927999 3.58078 2
-7.57823 -3.774 2.89378 2
-7.67973 -3.301001 2.51178 2
-7.78123 -2.828001 2.129779 1
-6.21823 -3.927999 3.58078 0
-5.24123 -4.668001 2.648779 7
-3.77323 -4.546 3.09978 7
-2.82323 -5.448 2.311779 7
-3.77323 -4.546 3.09978 0
-3.28423 -3.115 3.055779 7
-7.57823 -3.774 2.89378 0
-8.02523 -4.236501 3.02728 2
-8.47223 -4.699001 3.160779 3
-9.14223 -4.637001 2.83728 3
-9.81223 -4.575001 2.51378 2
-10.61723 -3.464001 3.194779 2
-11.00823 -3.121501 2.866279 2
-11.39923 -2.779001 2.537779 1
-9.81223 -4.575001 2.51378 0
-10.60223 -5.88 2.65378 7
-10.08323 -6.982 1.733779 7
-11.01223 -8.201 1.78878 7
-11.24323 -8.378 2.33428 7
-11.47423 -8.555 2.879779 1
-11.01223 -8.201 1.78878 0
-11.17373 -8.475 1.26078 7
-11.33523 -8.749001 .7327795 1
-10.61723 -3.464001 3.194779 0
-10.49823 -3.3815 3.84528 2
-10.37923 -3.299 4.49578 3
-10.69173 -2.7535 4.88078 3
-11.00423 -2.208 5.265779 2
-10.45223 -.8579998 4.807779 2
-10.84273 -.4099998 4.648779 2
-11.23323 3.800011E-02 4.489779 1
-11.00423 -2.208 5.265779 0
-10.72823 -2.396 6.75478 7
-11.33423 -1.301001 7.62678 7
-12.85223 -1.337 7.55878 7
-11.33423 -1.301001 7.62678 0
-10.87123 -1.404001 9.07478 7
-10.45223 -.8579998 4.807779 0
-9.79623 -.8369999 4.706279 2
-9.14023 -.816 4.604779 3
-8.81223 -.2294998 4.309779 3
-8.48423 .3570004 4.01478 2
-9.15423 .7549992 2.701779 2
-9.40523 1.3185 2.657779 2
-9.65623 1.882 2.61378 1
-8.48423 .3570004 4.01478 0
-7.00923 -3.000259E-03 3.741779 7
-6.22523 1.049999 2.970779 7
-5.735229 .7639999 1.719779 7
-6.22523 1.049999 2.970779 0
-6.05323 2.316 3.49878 7
-5.735229 .7639999 1.719779 0
-5.03123 1.746 .9917793 7
-6.05323 2.316 3.49878 0
-5.34623 3.296 2.79478 7
-4.82123 3.007 1.53978 7
-5.03123 1.746 .9917793 7
-9.15423 .7549992 2.701779 0
-9.17823 .2694998 2.23528 2
-9.20223 -.2159996 1.76878 3
-9.49523 -.1149998 1.09628 3
-9.78823 -1.399994E-02 .4237795 2
-11.25923 .4349995 .5427794 2
-11.50623 .7959995 .1087795 2
-11.75323 1.157 -.3252203 1
-9.78823 -1.399994E-02 .4237795 0
-9.777229 -1.344 -.3282204 7
-8.64223 -1.607 -1.316221 7
-8.822229 -2.981001 -2.009221 7
-8.47773 -3.535001 -1.646721 7
-8.13323 -4.089001 -1.28422 3
-8.35973 -4.706501 -1.37672 3
-8.586229 -5.324 -1.46922 7
-9.11973 -5.4215 -1.831221 7
-9.65323 -5.519 -2.193221 3
-8.586229 -5.324 -1.46922 0
-8.351729 -5.837501 -1.13922 7
-8.117229 -6.351001 -.8092206 3
-11.25923 .4349995 .5427794 0
-11.60223 .1519995 1.033779 2
-11.94523 -.1310005 1.524779 3
-12.67773 -.0795002 1.562279 3
-13.41023 -2.799988E-02 1.59978 2
-13.80023 1.383999 1.97978 2
-14.25173 1.673499 1.67328 2
-14.70323 1.962999 1.366779 1
-13.41023 -2.799988E-02 1.59978 0
-13.93523 -.8950005 2.721779 7
-15.42923 -.7469997 2.88178 7
-15.90023 -1.238001 4.243779 7
-15.66423 -.1130009 5.23078 7
-16.08073 -.1710005 5.835279 7
-16.49723 -.2290001 6.439779 3
-13.80023 1.383999 1.97978 0
-13.40973 1.653999 2.45178 2
-13.01923 1.924 2.923779 3
-13.12523 2.627999 3.15628 3
-13.23123 3.331999 3.38878 2
-12.79123 4.417999 2.391779 2
-13.10973 4.943 2.33428 2
-13.42823 5.468 2.27678 1
-13.23123 3.331999 3.38878 0
-12.52823 3.576 4.71278 7
-13.31423 2.959999 5.86278 7
-13.86623 2.712999 5.74578 7
-14.41823 2.466 5.628779 1
-13.31423 2.959999 5.86278 0
-13.04423 2.9225 6.41478 7
-12.77423 2.885 6.96678 1
-12.79123 4.417999 2.391779 0
-12.25023 4.292 2.03478 2
-11.70923 4.166 1.67778 3
-11.50723 4.639 1.14278 3
-11.30523 5.112 .6077795 2
-12.32523 5.143 -.5372205 2
-12.49073 5.686999 -.7827204 2
-12.65623 6.230999 -1.02822 1
-11.30523 5.112 .6077795 0
-9.94223 4.667999 8.177948E-02 7
-8.88523 4.938999 1.129779 7
-9.94223 4.667999 8.177948E-02 0
-9.520229 5.361 -1.197221 7
-8.88523 4.938999 1.129779 0
-7.53823 4.959 .4647794 7
-12.32523 5.143 -.5372205 0
-12.60423 4.551 -.6782205 2
-12.88323 3.959 -.8192205 3
-13.37723 3.8645 -1.36172 3
-13.87123 3.77 -1.90422 2
-15.13623 4.562 -1.63922 2
-15.42823 4.853 -2.09472 2
-15.72023 5.143999 -2.55022 1
-13.87123 3.77 -1.90422 0
-14.23423 2.285 -2.003221 7
-15.13623 4.562 -1.63922 0
-15.29223 4.5995 -1.00422 2
-15.44823 4.636999 -.3692205 3
-16.03423 5.011999 -.1327206 3
-16.62023 5.386999 .1037793 2
-16.43123 6.893 -4.622054E-02 2
-16.87273 7.254999 -.2832205 2
-17.31423 7.616999 -.5202205 1
-16.62023 5.386999 .1037793 0
-16.83423 5.032 1.58678 7
-16.43123 6.893 -4.622054E-02 0
-15.81723 7.094 6.127942E-02 2
-15.20323 7.295 .1687794 3
-15.03423 8.0005 9.027946E-02 3
-14.86523 8.705999 1.177955E-02 2
-14.77523 9.097 -1.46322 2
-15.00673 9.6385 -1.65222 2
-15.23823 10.18 -1.84122 1
-14.86523 8.705999 1.177955E-02 0
-13.51823 8.937 .7037797 7
-13.66523 9.698999 2.010779 7
-14.60023 9.029999 2.996779 7
-13.89123 7.987 3.899779 7
-14.32123 7.405999 4.088279 7
-14.75123 6.824999 4.276779 3
-14.77523 9.097 -1.46322 0
-14.53323 8.627 -1.86472 2
-14.29123 8.157 -2.266221 3
-14.30673 8.2345 -3.002221 3
-14.32223 8.312 -3.73822 2
-15.74223 8.470999 -4.29422 2
-15.86173 8.876499 -4.74122 2
-15.98123 9.282 -5.188221 1
-14.32223 8.312 -3.73822 0
-13.72223 7.072001 -4.430221 7
-12.21123 7.02 -4.63122 7
-11.71523 6.431999 -5.770221 7
-12.21123 7.02 -4.63122 0
-11.33623 7.565001 -3.711221 7
-11.71523 6.431999 -5.770221 0
-10.33023 6.341999 -5.99322 7
-11.33623 7.565001 -3.711221 0
-9.954229 7.483 -3.91022 7
-9.45323 6.862999 -5.05222 7
-10.33023 6.341999 -5.99322 7
-9.45323 6.862999 -5.05222 0
-8.80173 6.789999 -5.13222 7
-8.15023 6.716999 -5.21222 1
-15.74223 8.470999 -4.29422 0
-16.18523 8.042999 -4.078721 2
-16.62823 7.615 -3.86322 3
-17.31723 7.656 -4.108221 3
-18.00623 7.697001 -4.35322 2
-18.62623 9.059999 -4.067221 2
-18.92773 9.365 -4.51472 2
-19.22923 9.67 -4.96222 1
-18.00623 7.697001 -4.35322 0
-18.85623 6.607-3.71322 7
-20.28423 6.622 -4.23622 7
-21.16223 5.550999 -3.612221 7
-22.57823 5.618999 -4.24322 7
-22.84473 4.9365 -4.24022 7
-23.11123 4.254 -4.23722 3
-18.62623 9.059999 -4.067221 0
-18.51323 9.277499 -3.45572 2
-18.40023 9.494999 -2.84422 3
-18.61623 10.15 -2.61622 3
-18.83223 10.805 -2.38822 2
-18.31123 11.913 -3.29522 2
-18.69573 12.3625 -3.46872 2
-19.08023 12.812 -3.64222 1
-18.83223 10.805 -2.38822 0
-18.26023 11.106 -1.01122 7
-18.88423 12.388 -.4952204 7
-18.23123 12.89 .7957797 7
-18.17473 13.501 .8547797 7
-18.11823 14.112 .9137797 1
-18.23123 12.89 .7957797 0
-17.97373 12.487 1.19028 7
-17.71623 12.084 1.58478 1
-18.31123 11.913 -3.29522 0
-17.68173 11.845 -3.506721 2
-17.05223 11.777 -3.71822 3
-16.74173 12.2775 -4.17122 3
-16.43123 12.778 -4.62422 2
-16.83123 12.626 -6.10322 2
-16.70523 13.0805 -6.495721 2
-16.57923 13.535 -6.888221 1
-16.43123 12.778 -4.62422 0
-14.91323 12.677 -4.57922 7
-14.29123 12.893 -3.211221 7
-12.80623 12.529 -3.26422 7
-14.29123 12.893 -3.211221 0
-14.51623 14.319 -2.70422 7
-16.83123 12.626 -6.10322 0
-17.07723 12.0545 -6.31072 2
-17.32323 11.483 -6.51822 3
-17.50873 11.383 -7.233721 3
-17.69423 11.283 -7.949221 2
-16.71023 10.414 -8.754221 2
-16.68373 10.4415 -9.369221 2
-16.65723 10.469 -9.984221 1
-16.71023 10.414 -8.754221 0
-16.28523 10.064 -8.41522 2
-15.86023 9.713999 -8.076221 3
-15.30173 9.3445 -8.397221 3
-14.74323 8.975 -8.71822 2
-14.84723 7.463999 -8.58022 2
-14.44023 7.133999 -8.899721 2
-14.03323 6.803999 -9.219221 1
-14.74323 8.975 -8.71822 0
-13.38823 9.361 -8.06822 7
-12.90523 10.743 -8.449221 7
-12.16423 10.917 -9.614221 7
-12.90523 10.743 -8.449221 0
-13.31223 11.837 -7.704221 7
-12.16423 10.917 -9.614221 0
-11.84523 12.22 -10.05722 7
-13.31223 11.837 -7.704221 0
-13.00123 13.148 -8.121221 7
-12.27223 13.333 -9.30722 7
-11.84523 12.22 -10.05722 7
-12.27223 13.333 -9.30722 0
-12.15673 13.95 -9.51622 7
-12.04123 14.567 -9.725221 1
-14.84723 7.463999 -8.58022 0
-15.27923 7.217999 -8.13222 2
-15.71123 6.972 -7.68422 3
-15.81673 6.2505 -7.537721 3
-15.92223 5.528999 -7.391221 2
-15.10523 4.534 -8.22422 2
-15.28423 4.4145 -8.805221 2
-15.46323 4.295 -9.386221 1
-15.92223 5.528999 -7.391221 0
-17.41023 5.112 -7.40622 7
-17.64523 3.625999 -7.03122 7
-17.15923 3.344 -5.59822 7
-16.60623 3.549 -5.41672 7
-16.05323 3.754 -5.23522 1
-17.15923 3.344 -5.59822 0
-17.60023 3.079 -5.171721 7
-18.04123 2.813999 -4.745221 3
-15.10523 4.534 -8.22422 0
-14.49973 4.416 -7.97972 2
-13.89423 4.298 -7.73522 3
-13.34473 3.9405 -8.109221 3
-12.79523 3.583 -8.483221 2
-12.25223 4.348 -9.692221 2
-11.90623 4.867499 -9.614221 2
-11.56023 5.386999 -9.536221 1
-12.25223 4.348 -9.692221 0
-12.48873 4.176 -10.23972 2



