#New Rotater Logo
#
#Converted DXF file
#by Craig Kloeden <craig@raru.adelaide.edu.au>
#15 April 1995

-1.70135	0	0.3611	0
-1.70135	0	-0.3507	3
-1.55555	0	-0.3507	3
-1.55555	0	-0.0764	3
-1.55205	0	-0.0729	3
-1.37505	0	-0.0729	3
-1.37155	0	-0.0764	3
-1.35415	0	-0.0764	3
-1.35075	0	-0.0799	3
-1.34375	0	-0.0799	3
-1.34025	0	-0.0834	3
-1.33335	0	-0.0834	3
-1.32635	0	-0.0903	3
-1.32295	0	-0.0903	3
-1.30905	0	-0.1042	3
-1.30905	0	-0.1077	3
-1.30555	0	-0.1111	3
-1.30555	0	-0.1146	3
-1.30205	0	-0.1181	3
-1.30205	0	-0.1215	3
-1.29865	0	-0.125	3
-1.29865	0	-0.1354	3
-1.29515	0	-0.1389	3
-1.29515	0	-0.1563	3
-1.29165	0	-0.1597	3
-1.29165	0	-0.2709	3
-1.28825	0	-0.2743	3
-1.28825	0	-0.2986	3
-1.28475	0	-0.3021	3
-1.28475	0	-0.3195	3
-1.28125	0	-0.3229	3
-1.28125	0	-0.3334	3
-1.27775	0	-0.3368	3
-1.27775	0	-0.3438	3
-1.27435	0	-0.3472	3
-1.27435	0	-0.3507	3
-1.11455	0	-0.3507	3
-1.11455	0	-0.3368	3
-1.13195	0	-0.3195	3
-1.13195	0	-0.316	3
-1.13545	0	-0.3125	3
-1.13545	0	-0.309	3
-1.13885	0	-0.3056	3
-1.13885	0	-0.3021	3
-1.14235	0	-0.2986	3
-1.14235	0	-0.2813	3
-1.14585	0	-0.2778	3
-1.14585	0	-0.1424	3
-1.14935	0	-0.1389	3
-1.14935	0	-0.1181	3
-1.15275	0	-0.1146	3
-1.15275	0	-0.1007	3
-1.15625	0	-0.0972	3
-1.15625	0	-0.0903	3
-1.15975	0	-0.0868	3
-1.15975	0	-0.0799	3
-1.16325	0	-0.0764	3
-1.16325	0	-0.0729	3
-1.16665	0	-0.0695	3
-1.16665	0	-0.066	3
-1.17365	0	-0.059	3
-1.17365	0	-0.0556	3
-1.19445	0	-0.0347	3
-1.19795	0	-0.0347	3
-1.20485	0	-0.0278	3
-1.20835	0	-0.0278	3
-1.21525	0	-0.0209	3
-1.21875	0	-0.0209	3
-1.22225	0	-0.0174	3
-1.22915	0	-0.0174	3
-1.23265	0	-0.0139	3
-1.23265	0	-0.0104	3
-1.22915	0	-0.007	3
-1.22225	0	-0.007	3
-1.21875	0	-0.0035	3
-1.21525	0	-0.0035	3
-1.21185	0	0	3
-1.20835	0	0	3
-1.20485	0	0.0035	3
-1.20135	0	0.0035	3
-1.19445	0	0.0104	3
-1.19095	0	0.0104	3
-1.15975	0	0.0416	3
-1.15975	0	0.0451	3
-1.15275	0	0.0521	3
-1.15275	0	0.0555	3
-1.14935	0	0.059	3
-1.14935	0	0.0625	3
-1.14585	0	0.066	3
-1.14585	0	0.0694	3
-1.14235	0	0.0729	3
-1.14235	0	0.0798	3
-1.13885	0	0.0833	3
-1.13885	0	0.0868	3
-1.13545	0	0.0903	3
-1.13545	0	0.1007	3
-1.13195	0	0.1041	3
-1.13195	0	0.1111	3
-1.12845	0	0.1146	3
-1.12845	0	0.1319	3
-1.12505	0	0.1354	3
-1.12505	0	0.1875	3
-1.12845	0	0.191	3
-1.12845	0	0.2083	3
-1.13195	0	0.2118	3
-1.13195	0	0.2222	3
-1.13545	0	0.2257	3
-1.13545	0	0.2326	3
-1.13885	0	0.2361	3
-1.13885	0	0.2396	3
-1.14235	0	0.243	3
-1.14235	0	0.2465	3
-1.14585	0	0.25	3
-1.14585	0	0.2535	3
-1.14935	0	0.2569	3
-1.14935	0	0.2604	3
-1.15275	0	0.2639	3
-1.15275	0	0.2673	3
-1.15975	0	0.2743	3
-1.15975	0	0.2778	3
-1.16665	0	0.2847	3
-1.16665	0	0.2882	3
-1.20485	0	0.3264	3
-1.20835	0	0.3264	3
-1.21525	0	0.3333	3
-1.21875	0	0.3333	3
-1.22225	0	0.3368	3
-1.22575	0	0.3368	3
-1.22915	0	0.3403	3
-1.23265	0	0.3403	3
-1.23615	0	0.3437	3
-1.23955	0	0.3437	3
-1.24305	0	0.3472	3
-1.24655	0	0.3472	3
-1.25005	0	0.3507	3
-1.25695	0	0.3507	3
-1.26045	0	0.3541	3
-1.27085	0	0.3541	3
-1.27435	0	0.3576	3
-1.28825	0	0.3576	3
-1.29165	0	0.3611	3
-1.31945	0	0.3611	3
-1.32295	0	0.3646	3
-1.70135	0	0.3646	3
-1.70135	0	0.3611	3
-0.36115	0	0.3194	0
-0.36115	0	0.1771	3
-0.36455	0	0.1736	3
-0.43405	0	0.1736	3
-0.43405	0	0.0798	3
-0.36455	0	0.0798	3
-0.36115	0	0.0764	3
-0.36115	0	-0.2743	3
-0.35765	0	-0.2778	3
-0.35765	0	-0.2917	3
-0.35415	0	-0.2952	3
-0.35415	0	-0.2986	3
-0.35075	0	-0.3021	3
-0.35075	0	-0.309	3
-0.34375	0	-0.316	3
-0.34375	0	-0.3195	3
-0.33335	0	-0.3299	3
-0.32985	0	-0.3299	3
-0.32295	0	-0.3368	3
-0.31945	0	-0.3368	3
-0.31595	0	-0.3403	3
-0.31255	0	-0.3403	3
-0.30905	0	-0.3438	3
-0.30555	0	-0.3438	3
-0.30205	0	-0.3472	3
-0.29515	0	-0.3472	3
-0.29165	0	-0.3507	3
-0.28125	0	-0.3507	3
-0.27775	0	-0.3542	3
-0.26045	0	-0.3542	3
-0.25695	0	-0.3577	3
-0.17365	0	-0.3577	3
-0.17015	0	-0.3542	3
-0.13885	0	-0.3542	3
-0.13885	0	-0.2535	3
-0.14235	0	-0.2535	3
-0.14585	0	-0.257	3
-0.19445	0	-0.257	3
-0.19795	0	-0.2535	3
-0.20835	0	-0.2535	3
-0.21185	0	-0.25	3
-0.21525	0	-0.25	3
-0.21875	0	-0.2465	3
-0.21875	0	-0.2431	3
-0.22225	0	-0.2396	3
-0.22225	0	-0.2327	3
-0.22575	0	-0.2292	3
-0.22575	0	0.0764	3
-0.22225	0	0.0798	3
-0.13885	0	0.0798	3
-0.13885	0	0.1736	3
-0.22225	0	0.1736	3
-0.22575	0	0.1771	3
-0.22575	0	0.3229	3
-0.36115	0	0.3229	3
-0.36115	0	0.3194	3
0.52775	0	0.3194	0
0.52775	0	0.1771	3
0.52425	0	0.1736	3
0.45485	0	0.1736	3
0.45485	0	0.0798	3
0.52425	0	0.0798	3
0.52775	0	0.0764	3
0.52775	0	-0.2743	3
0.53125	0	-0.2778	3
0.53125	0	-0.2917	3
0.53475	0	-0.2952	3
0.53475	0	-0.2986	3
0.53815	0	-0.3021	3
0.53815	0	-0.309	3
0.54515	0	-0.316	3
0.54515	0	-0.3195	3
0.55555	0	-0.3299	3
0.55905	0	-0.3299	3
0.56595	0	-0.3368	3
0.56945	0	-0.3368	3
0.57295	0	-0.3403	3
0.57635	0	-0.3403	3
0.57985	0	-0.3438	3
0.58335	0	-0.3438	3
0.58675	0	-0.3472	3
0.59375	0	-0.3472	3
0.59725	0	-0.3507	3
0.60765	0	-0.3507	3
0.61115	0	-0.3542	3
0.62845	0	-0.3542	3
0.63195	0	-0.3577	3
0.71525	0	-0.3577	3
0.71875	0	-0.3542	3
0.74995	0	-0.3542	3
0.74995	0	-0.2535	3
0.74655	0	-0.2535	3
0.74305	0	-0.257	3
0.69445	0	-0.257	3
0.69095	0	-0.2535	3
0.68055	0	-0.2535	3
0.67705	0	-0.25	3
0.67365	0	-0.25	3
0.67015	0	-0.2465	3
0.67015	0	-0.2431	3
0.66665	0	-0.2396	3
0.66665	0	-0.2327	3
0.66315	0	-0.2292	3
0.66315	0	0.0764	3
0.66665	0	0.0798	3
0.74995	0	0.0798	3
0.74995	0	0.1736	3
0.66665	0	0.1736	3
0.66315	0	0.1771	3
0.66315	0	0.3229	3
0.52775	0	0.3229	3
0.52775	0	0.3194	3
-1.55555	0	0.243	0
-1.55555	0	0.0486	3
-1.55205	0	0.0451	3
-1.35765	0	0.0451	3
-1.35415	0	0.0486	3
-1.33685	0	0.0486	3
-1.33335	0	0.0521	3
-1.32635	0	0.0521	3
-1.32295	0	0.0555	3
-1.31595	0	0.0555	3
-1.30905	0	0.0625	3
-1.30555	0	0.0625	3
-1.28475	0	0.0833	3
-1.28475	0	0.0868	3
-1.28125	0	0.0903	3
-1.28125	0	0.0937	3
-1.27775	0	0.0972	3
-1.27775	0	0.1007	3
-1.27435	0	0.1041	3
-1.27435	0	0.118	3
-1.27085	0	0.1215	3
-1.27085	0	0.1666	3
-1.27435	0	0.1701	3
-1.27435	0	0.1805	3
-1.27775	0	0.184	3
-1.27775	0	0.191	3
-1.28125	0	0.1944	3
-1.28125	0	0.1979	3
-1.28475	0	0.2014	3
-1.28475	0	0.2048	3
-1.28825	0	0.2083	3
-1.28825	0	0.2118	3
-1.30555	0	0.2291	3
-1.30905	0	0.2291	3
-1.31255	0	0.2326	3
-1.31595	0	0.2326	3
-1.31945	0	0.2361	3
-1.32295	0	0.2361	3
-1.32635	0	0.2396	3
-1.33335	0	0.2396	3
-1.33685	0	0.243	3
-1.35415	0	0.243	3
-1.35765	0	0.2465	3
-1.55205	0	0.2465	3
-1.55555	0	0.243	3
-0.79165	0	0.191	0
-0.81595	0	0.191	3
-0.81945	0	0.1875	3
-0.83335	0	0.1875	3
-0.83685	0	0.184	3
-0.84725	0	0.184	3
-0.85075	0	0.1805	3
-0.85765	0	0.1805	3
-0.86115	0	0.1771	3
-0.86805	0	0.1771	3
-0.87155	0	0.1736	3
-0.87505	0	0.1736	3
-0.87845	0	0.1701	3
-0.88195	0	0.1701	3
-0.88545	0	0.1666	3
-0.88885	0	0.1666	3
-0.89235	0	0.1632	3
-0.89585	0	0.1632	3
-0.89935	0	0.1597	3
-0.90275	0	0.1597	3
-0.90975	0	0.1528	3
-0.91325	0	0.1528	3
-0.92015	0	0.1458	3
-0.92365	0	0.1458	3
-0.96185	0	0.1076	3
-0.96185	0	0.1041	3
-0.96875	0	0.0972	3
-0.96875	0	0.0937	3
-0.97575	0	0.0868	3
-0.97575	0	0.0833	3
-0.98265	0	0.0764	3
-0.98265	0	0.0729	3
-0.98615	0	0.0694	3
-0.98615	0	0.066	3
-0.98955	0	0.0625	3
-0.98955	0	0.059	3
-0.99305	0	0.0555	3
-0.99305	0	0.0521	3
-0.99655	0	0.0486	3
-0.99655	0	0.0451	3
-1.00005	0	0.0416	3
-1.00005	0	0.0382	3
-1.00345	0	0.0347	3
-1.00345	0	0.0278	3
-1.00695	0	0.0243	3
-1.00695	0	0.0173	3
-1.01045	0	0.0139	3
-1.01045	0	0.0069	3
-1.01385	0	0.0035	3
-1.01385	0	-0.007	3
-1.01735	0	-0.0104	3
-1.01735	0	-0.0243	3
-1.02085	0	-0.0278	3
-1.02085	0	-0.0486	3
-1.02435	0	-0.0521	3
-1.02435	0	-0.1215	3
-1.02085	0	-0.125	3
-1.02085	0	-0.1459	3
-1.01735	0	-0.1493	3
-1.01735	0	-0.1632	3
-1.01385	0	-0.1667	3
-1.01385	0	-0.1771	3
-1.01045	0	-0.1806	3
-1.01045	0	-0.191	3
-1.00695	0	-0.1945	3
-1.00695	0	-0.2014	3
-1.00345	0	-0.2049	3
-1.00345	0	-0.2084	3
-1.00005	0	-0.2118	3
-1.00005	0	-0.2188	3
-0.99655	0	-0.2222	3
-0.99655	0	-0.2257	3
-0.99305	0	-0.2292	3
-0.99305	0	-0.2327	3
-0.98955	0	-0.2361	3
-0.98955	0	-0.2396	3
-0.98265	0	-0.2465	3
-0.98265	0	-0.25	3
-0.97915	0	-0.2535	3
-0.97915	0	-0.257	3
-0.97225	0	-0.2639	3
-0.97225	0	-0.2674	3
-0.96525	0	-0.2743	3
-0.96525	0	-0.2778	3
-0.94795	0	-0.2952	3
-0.94795	0	-0.2986	3
-0.94095	0	-0.3056	3
-0.93755	0	-0.3056	3
-0.92015	0	-0.3229	3
-0.91665	0	-0.3229	3
-0.90975	0	-0.3299	3
-0.90625	0	-0.3299	3
-0.90275	0	-0.3334	3
-0.89935	0	-0.3334	3
-0.89585	0	-0.3368	3
-0.89235	0	-0.3368	3
-0.88545	0	-0.3438	3
-0.87845	0	-0.3438	3
-0.87505	0	-0.3472	3
-0.87155	0	-0.3472	3
-0.86805	0	-0.3507	3
-0.86115	0	-0.3507	3
-0.85765	0	-0.3542	3
-0.85075	0	-0.3542	3
-0.84725	0	-0.3577	3
-0.83685	0	-0.3577	3
-0.83335	0	-0.3611	3
-0.81945	0	-0.3611	3
-0.81595	0	-0.3646	3
-0.69095	0	-0.3646	3
-0.68755	0	-0.3611	3
-0.67365	0	-0.3611	3
-0.67015	0	-0.3577	3
-0.65975	0	-0.3577	3
-0.65625	0	-0.3542	3
-0.64935	0	-0.3542	3
-0.64585	0	-0.3507	3
-0.63885	0	-0.3507	3
-0.63545	0	-0.3472	3
-0.63195	0	-0.3472	3
-0.62845	0	-0.3438	3
-0.62155	0	-0.3438	3
-0.61805	0	-0.3403	3
-0.61455	0	-0.3403	3
-0.60765	0	-0.3334	3
-0.60415	0	-0.3334	3
-0.60075	0	-0.3299	3
-0.59725	0	-0.3299	3
-0.59025	0	-0.3229	3
-0.58685	0	-0.3229	3
-0.56945	0	-0.3056	3
-0.56595	0	-0.3056	3
-0.55905	0	-0.2986	3
-0.55905	0	-0.2952	3
-0.54165	0	-0.2778	3
-0.54165	0	-0.2743	3
-0.53475	0	-0.2674	3
-0.53475	0	-0.2639	3
-0.52775	0	-0.257	3
-0.52775	0	-0.2535	3
-0.52085	0	-0.2465	3
-0.52085	0	-0.2431	3
-0.51735	0	-0.2396	3
-0.51735	0	-0.2361	3
-0.51385	0	-0.2327	3
-0.51385	0	-0.2292	3
-0.51045	0	-0.2257	3
-0.51045	0	-0.2222	3
-0.50695	0	-0.2188	3
-0.50695	0	-0.2118	3
-0.50345	0	-0.2084	3
-0.50345	0	-0.2049	3
-0.50005	0	-0.2014	3
-0.50005	0	-0.1945	3
-0.49655	0	-0.191	3
-0.49655	0	-0.1806	3
-0.49305	0	-0.1771	3
-0.49305	0	-0.1667	3
-0.48955	0	-0.1632	3
-0.48955	0	-0.1493	3
-0.48615	0	-0.1459	3
-0.48615	0	-0.125	3
-0.48265	0	-0.1215	3
-0.48265	0	-0.0521	3
-0.48615	0	-0.0486	3
-0.48615	0	-0.0278	3
-0.48955	0	-0.0243	3
-0.48955	0	-0.0104	3
-0.49305	0	-0.007	3
-0.49305	0	0.0035	3
-0.49655	0	0.0069	3
-0.49655	0	0.0139	3
-0.50005	0	0.0173	3
-0.50005	0	0.0243	3
-0.50345	0	0.0278	3
-0.50345	0	0.0347	3
-0.50695	0	0.0382	3
-0.50695	0	0.0416	3
-0.51045	0	0.0451	3
-0.51045	0	0.0486	3
-0.51385	0	0.0521	3
-0.51385	0	0.0555	3
-0.51735	0	0.059	3
-0.51735	0	0.0625	3
-0.52085	0	0.066	3
-0.52085	0	0.0694	3
-0.52435	0	0.0729	3
-0.52435	0	0.0764	3
-0.53125	0	0.0833	3
-0.53125	0	0.0868	3
-0.53825	0	0.0937	3
-0.53825	0	0.0972	3
-0.54515	0	0.1041	3
-0.54515	0	0.1076	3
-0.58335	0	0.1458	3
-0.58685	0	0.1458	3
-0.59375	0	0.1528	3
-0.59725	0	0.1528	3
-0.60415	0	0.1597	3
-0.60765	0	0.1597	3
-0.61115	0	0.1632	3
-0.61455	0	0.1632	3
-0.61805	0	0.1666	3
-0.62155	0	0.1666	3
-0.62505	0	0.1701	3
-0.62845	0	0.1701	3
-0.63195	0	0.1736	3
-0.63545	0	0.1736	3
-0.63885	0	0.1771	3
-0.64585	0	0.1771	3
-0.64935	0	0.1805	3
-0.65625	0	0.1805	3
-0.65975	0	0.184	3
-0.67015	0	0.184	3
-0.67365	0	0.1875	3
-0.68755	0	0.1875	3
-0.69095	0	0.191	3
-0.71525	0	0.191	3
-0.71875	0	0.1944	3
-0.78825	0	0.1944	3
-0.79165	0	0.191	3
0.12155	0	0.191	0
0.09725	0	0.191	3
0.09375	0	0.1875	3
0.07985	0	0.1875	3
0.07635	0	0.184	3
0.06595	0	0.184	3
0.06245	0	0.1805	3
0.05555	0	0.1805	3
0.05205	0	0.1771	3
0.04515	0	0.1771	3
0.04165	0	0.1736	3
0.03475	0	0.1736	3
0.03125	0	0.1701	3
0.02775	0	0.1701	3
0.02425	0	0.1666	3
0.02085	0	0.1666	3
0.01385	0	0.1597	3
0.01045	0	0.1597	3
0.00345	0	0.1528	3
-5.00E-05	0	0.1528	3
-0.03125	0	0.1215	3
-0.03125	0	0.118	3
-0.03825	0	0.1111	3
-0.03825	0	0.1076	3
-0.04165	0	0.1041	3
-0.04165	0	0.1007	3
-0.04515	0	0.0972	3
-0.04515	0	0.0937	3
-0.04865	0	0.0903	3
-0.04865	0	0.0868	3
-0.05205	0	0.0833	3
-0.05205	0	0.0764	3
-0.05555	0	0.0729	3
-0.05555	0	0.066	3
-0.05905	0	0.0625	3
-0.05905	0	0.0521	3
-0.06255	0	0.0486	3
-0.06255	0	0.0312	3
-0.06595	0	0.0278	3
-0.06595	0	0.0139	3
0.06595	0	0.0139	3
0.06595	0	0.0208	3
0.06945	0	0.0243	3
0.06945	0	0.0312	3
0.07295	0	0.0347	3
0.07295	0	0.0416	3
0.07635	0	0.0451	3
0.07635	0	0.0486	3
0.08335	0	0.0555	3
0.08335	0	0.059	3
0.09725	0	0.0729	3
0.10065	0	0.0729	3
0.10415	0	0.0764	3
0.10765	0	0.0764	3
0.11115	0	0.0798	3
0.11805	0	0.0798	3
0.12155	0	0.0833	3
0.13195	0	0.0833	3
0.13545	0	0.0868	3
0.18745	0	0.0868	3
0.19095	0	0.0833	3
0.20485	0	0.0833	3
0.20835	0	0.0798	3
0.21525	0	0.0798	3
0.21875	0	0.0764	3
0.22225	0	0.0764	3
0.22565	0	0.0729	3
0.22915	0	0.0729	3
0.24305	0	0.059	3
0.24305	0	0.0555	3
0.24655	0	0.0521	3
0.24655	0	0.0451	3
0.24995	0	0.0416	3
0.24995	0	0.0173	3
0.24655	0	0.0139	3
0.24655	0	0.0069	3
0.22915	0	-0.0104	3
0.22565	0	-0.0104	3
0.22225	0	-0.0139	3
0.21875	0	-0.0139	3
0.21525	0	-0.0174	3
0.20835	0	-0.0174	3
0.20485	0	-0.0209	3
0.19445	0	-0.0209	3
0.19095	0	-0.0243	3
0.17365	0	-0.0243	3
0.17015	0	-0.0278	3
0.14585	0	-0.0278	3
0.14235	0	-0.0313	3
0.11805	0	-0.0313	3
0.11455	0	-0.0347	3
0.09725	0	-0.0347	3
0.09375	0	-0.0382	3
0.07635	0	-0.0382	3
0.07295	0	-0.0417	3
0.06245	0	-0.0417	3
0.05905	0	-0.0452	3
0.04865	0	-0.0452	3
0.04515	0	-0.0486	3
0.03475	0	-0.0486	3
0.03125	0	-0.0521	3
0.02775	0	-0.0521	3
0.02425	0	-0.0556	3
0.01735	0	-0.0556	3
0.01385	0	-0.059	3
0.01045	0	-0.059	3
0.00695	0	-0.0625	3
0.00345	0	-0.0625	3
-5.00E-05	0	-0.066	3
-0.00345	0	-0.066	3
-0.00695	0	-0.0695	3
-0.01045	0	-0.0695	3
-0.01735	0	-0.0764	3
-0.02085	0	-0.0764	3
-0.05205	0	-0.1077	3
-0.05205	0	-0.1111	3
-0.05905	0	-0.1181	3
-0.05905	0	-0.1215	3
-0.06255	0	-0.125	3
-0.06255	0	-0.1285	3
-0.06595	0	-0.132	3
-0.06595	0	-0.1389	3
-0.06945	0	-0.1424	3
-0.06945	0	-0.1459	3
-0.07295	0	-0.1493	3
-0.07295	0	-0.1597	3
-0.07635	0	-0.1632	3
-0.07635	0	-0.1806	3
-0.07985	0	-0.184	3
-0.07985	0	-0.2361	3
-0.07635	0	-0.2396	3
-0.07635	0	-0.2535	3
-0.07295	0	-0.257	3
-0.07295	0	-0.2674	3
-0.06945	0	-0.2709	3
-0.06945	0	-0.2778	3
-0.06595	0	-0.2813	3
-0.06595	0	-0.2847	3
-0.06255	0	-0.2882	3
-0.06255	0	-0.2917	3
-0.05905	0	-0.2952	3
-0.05905	0	-0.2986	3
-0.05205	0	-0.3056	3
-0.05205	0	-0.309	3
-0.02775	0	-0.3334	3
-0.02435	0	-0.3334	3
-0.01735	0	-0.3403	3
-0.01385	0	-0.3403	3
-0.00695	0	-0.3472	3
-0.00345	0	-0.3472	3
-5.00E-05	0	-0.3507	3
0.00345	0	-0.3507	3
0.00695	0	-0.3542	3
0.01385	0	-0.3542	3
0.01735	0	-0.3577	3
0.02425	0	-0.3577	3
0.02775	0	-0.3611	3
0.03475	0	-0.3611	3
0.03815	0	-0.3646	3
0.13195	0	-0.3646	3
0.13545	0	-0.3611	3
0.14235	0	-0.3611	3
0.14585	0	-0.3577	3
0.15275	0	-0.3577	3
0.15625	0	-0.3542	3
0.16315	0	-0.3542	3
0.16665	0	-0.3507	3
0.17015	0	-0.3507	3
0.17365	0	-0.3472	3
0.17705	0	-0.3472	3
0.18055	0	-0.3438	3
0.18405	0	-0.3438	3
0.18745	0	-0.3403	3
0.19095	0	-0.3403	3
0.19795	0	-0.3334	3
0.20135	0	-0.3334	3
0.20835	0	-0.3264	3
0.21175	0	-0.3264	3
0.22915	0	-0.309	3
0.23265	0	-0.309	3
0.24995	0	-0.2917	3
0.25345	0	-0.2952	3
0.25345	0	-0.3056	3
0.25695	0	-0.309	3
0.25695	0	-0.3264	3
0.26045	0	-0.3299	3
0.26045	0	-0.3403	3
0.26385	0	-0.3438	3
0.26385	0	-0.3507	3
0.41315	0	-0.3507	3
0.41315	0	-0.3368	3
0.40625	0	-0.3299	3
0.40275	0	-0.3299	3
0.39585	0	-0.3229	3
0.39585	0	-0.3195	3
0.39235	0	-0.316	3
0.39235	0	-0.3125	3
0.38885	0	-0.309	3
0.38885	0	-0.2986	3
0.38545	0	-0.2952	3
0.38545	0	0.0486	3
0.38195	0	0.0521	3
0.38195	0	0.0729	3
0.37845	0	0.0764	3
0.37845	0	0.0868	3
0.37495	0	0.0903	3
0.37495	0	0.0972	3
0.37155	0	0.1007	3
0.37155	0	0.1041	3
0.36805	0	0.1076	3
0.36805	0	0.1111	3
0.36455	0	0.1146	3
0.36455	0	0.118	3
0.35765	0	0.125	3
0.35765	0	0.1285	3
0.33675	0	0.1493	3
0.33335	0	0.1493	3
0.32635	0	0.1562	3
0.32295	0	0.1562	3
0.31945	0	0.1597	3
0.31595	0	0.1597	3
0.31245	0	0.1632	3
0.30905	0	0.1632	3
0.30555	0	0.1666	3
0.30205	0	0.1666	3
0.29865	0	0.1701	3
0.29165	0	0.1701	3
0.28815	0	0.1736	3
0.28475	0	0.1736	3
0.28125	0	0.1771	3
0.27425	0	0.1771	3
0.27085	0	0.1805	3
0.26045	0	0.1805	3
0.25695	0	0.184	3
0.24655	0	0.184	3
0.24305	0	0.1875	3
0.22915	0	0.1875	3
0.22565	0	0.191	3
0.20135	0	0.191	3
0.19795	0	0.1944	3
0.12495	0	0.1944	3
0.12155	0	0.191	3
1.02425	0	0.191	0
1.00345	0	0.191	3
0.99995	0	0.1875	3
0.98615	0	0.1875	3
0.98265	0	0.184	3
0.97565	0	0.184	3
0.97225	0	0.1805	3
0.96525	0	0.1805	3
0.96175	0	0.1771	3
0.95485	0	0.1771	3
0.95135	0	0.1736	3
0.94795	0	0.1736	3
0.94445	0	0.1701	3
0.94095	0	0.1701	3
0.93745	0	0.1666	3
0.93405	0	0.1666	3
0.93055	0	0.1632	3
0.92705	0	0.1632	3
0.92365	0	0.1597	3
0.92015	0	0.1597	3
0.91315	0	0.1528	3
0.90975	0	0.1528	3
0.90275	0	0.1458	3
0.89925	0	0.1458	3
0.87845	0	0.125	3
0.87495	0	0.125	3
0.87155	0	0.1215	3
0.87155	0	0.118	3
0.85415	0	0.1007	3
0.85415	0	0.0972	3
0.84725	0	0.0903	3
0.84725	0	0.0868	3
0.84025	0	0.0798	3
0.84025	0	0.0764	3
0.83675	0	0.0729	3
0.83675	0	0.0694	3
0.83335	0	0.066	3
0.83335	0	0.0625	3
0.82985	0	0.059	3
0.82985	0	0.0555	3
0.82635	0	0.0521	3
0.82635	0	0.0451	3
0.82295	0	0.0416	3
0.82295	0	0.0382	3
0.81945	0	0.0347	3
0.81945	0	0.0278	3
0.81595	0	0.0243	3
0.81595	0	0.0139	3
0.81245	0	0.0104	3
0.81245	0	0	3
0.80905	0	-0.0035	3
0.80905	0	-0.0209	3
0.80555	0	-0.0243	3
0.80555	0	-0.0486	3
0.80205	0	-0.0521	3
0.80205	0	-0.1285	3
0.80555	0	-0.132	3
0.80555	0	-0.1597	3
0.80905	0	-0.1632	3
0.80905	0	-0.1771	3
0.81245	0	-0.1806	3
0.81245	0	-0.191	3
0.81595	0	-0.1945	3
0.81595	0	-0.2049	3
0.81945	0	-0.2084	3
0.81945	0	-0.2153	3
0.82295	0	-0.2188	3
0.82295	0	-0.2222	3
0.82635	0	-0.2257	3
0.82635	0	-0.2327	3
0.82985	0	-0.2361	3
0.82985	0	-0.2396	3
0.83335	0	-0.2431	3
0.83335	0	-0.2465	3
0.84025	0	-0.2535	3
0.84025	0	-0.257	3
0.84375	0	-0.2604	3
0.84375	0	-0.2639	3
0.85415	0	-0.2743	3
0.85415	0	-0.2778	3
0.88195	0	-0.3056	3
0.88545	0	-0.3056	3
0.89585	0	-0.316	3
0.89925	0	-0.316	3
0.90625	0	-0.3229	3
0.90975	0	-0.3229	3
0.91665	0	-0.3299	3
0.92015	0	-0.3299	3
0.92365	0	-0.3334	3
0.92705	0	-0.3334	3
0.93055	0	-0.3368	3
0.93405	0	-0.3368	3
0.93745	0	-0.3403	3
0.94095	0	-0.3403	3
0.94445	0	-0.3438	3
0.94795	0	-0.3438	3
0.95135	0	-0.3472	3
0.95835	0	-0.3472	3
0.96175	0	-0.3507	3
0.96525	0	-0.3507	3
0.96875	0	-0.3542	3
0.97565	0	-0.3542	3
0.97915	0	-0.3577	3
0.98955	0	-0.3577	3
0.99305	0	-0.3611	3
1.00695	0	-0.3611	3
1.01045	0	-0.3646	3
1.12495	0	-0.3646	3
1.12845	0	-0.3611	3
1.13885	0	-0.3611	3
1.14235	0	-0.3577	3
1.15275	0	-0.3577	3
1.15625	0	-0.3542	3
1.16315	0	-0.3542	3
1.16665	0	-0.3507	3
1.17365	0	-0.3507	3
1.17705	0	-0.3472	3
1.18055	0	-0.3472	3
1.18405	0	-0.3438	3
1.19095	0	-0.3438	3
1.19445	0	-0.3403	3
1.19795	0	-0.3403	3
1.20485	0	-0.3334	3
1.20835	0	-0.3334	3
1.21175	0	-0.3299	3
1.21525	0	-0.3299	3
1.22225	0	-0.3229	3
1.22565	0	-0.3229	3
1.23955	0	-0.309	3
1.24305	0	-0.309	3
1.26045	0	-0.2917	3
1.26045	0	-0.2882	3
1.27775	0	-0.2709	3
1.27775	0	-0.2674	3
1.28475	0	-0.2604	3
1.28475	0	-0.257	3
1.29165	0	-0.25	3
1.29165	0	-0.2465	3
1.29515	0	-0.2431	3
1.29515	0	-0.2396	3
1.29865	0	-0.2361	3
1.29865	0	-0.2292	3
1.30205	0	-0.2257	3
1.30205	0	-0.2222	3
1.30555	0	-0.2188	3
1.30555	0	-0.2084	3
1.30905	0	-0.2049	3
1.30905	0	-0.1979	3
1.17365	0	-0.1979	3
1.16665	0	-0.2049	3
1.16665	0	-0.2084	3
1.15975	0	-0.2153	3
1.15975	0	-0.2188	3
1.13885	0	-0.2396	3
1.13545	0	-0.2396	3
1.12845	0	-0.2465	3
1.12495	0	-0.2465	3
1.12155	0	-0.25	3
1.11805	0	-0.25	3
1.11455	0	-0.2535	3
1.10765	0	-0.2535	3
1.10415	0	-0.257	3
1.09375	0	-0.257	3
1.09025	0	-0.2604	3
1.04515	0	-0.2604	3
1.04165	0	-0.257	3
1.02775	0	-0.257	3
1.02425	0	-0.2535	3
1.01735	0	-0.2535	3
1.01385	0	-0.25	3
1.01045	0	-0.25	3
1.00695	0	-0.2465	3
1.00345	0	-0.2465	3
0.99995	0	-0.2431	3
0.99655	0	-0.2431	3
0.98955	0	-0.2361	3
0.98615	0	-0.2361	3
0.96525	0	-0.2153	3
0.96525	0	-0.2118	3
0.95835	0	-0.2049	3
0.95835	0	-0.2014	3
0.95485	0	-0.1979	3
0.95485	0	-0.1945	3
0.95135	0	-0.191	3
0.95135	0	-0.1875	3
0.94795	0	-0.184	3
0.94795	0	-0.1771	3
0.94445	0	-0.1736	3
0.94445	0	-0.1667	3
0.94095	0	-0.1632	3
0.94095	0	-0.1459	3
0.93745	0	-0.1424	3
0.93745	0	-0.125	3
0.94095	0	-0.1215	3
1.31595	0	-0.1215	3
1.31595	0	-0.0625	3
1.31245	0	-0.059	3
1.31245	0	-0.0209	3
1.30905	0	-0.0174	3
1.30905	0	-0.0035	3
1.30555	0	0	3
1.30555	0	0.0139	3
1.30205	0	0.0173	3
1.30205	0	0.0243	3
1.29865	0	0.0278	3
1.29865	0	0.0347	3
1.29515	0	0.0382	3
1.29515	0	0.0451	3
1.29165	0	0.0486	3
1.29165	0	0.0521	3
1.28815	0	0.0555	3
1.28815	0	0.059	3
1.28475	0	0.0625	3
1.28475	0	0.066	3
1.28125	0	0.0694	3
1.28125	0	0.0729	3
1.27775	0	0.0764	3
1.27775	0	0.0798	3
1.27085	0	0.0868	3
1.27085	0	0.0903	3
1.26735	0	0.0937	3
1.26735	0	0.0972	3
1.25695	0	0.1076	3
1.25695	0	0.1111	3
1.22565	0	0.1423	3
1.22225	0	0.1423	3
1.21175	0	0.1528	3
1.20835	0	0.1528	3
1.20135	0	0.1597	3
1.19795	0	0.1597	3
1.19445	0	0.1632	3
1.19095	0	0.1632	3
1.18745	0	0.1666	3
1.18405	0	0.1666	3
1.18055	0	0.1701	3
1.17705	0	0.1701	3
1.17365	0	0.1736	3
1.17015	0	0.1736	3
1.16665	0	0.1771	3
1.15975	0	0.1771	3
1.15625	0	0.1805	3
1.14925	0	0.1805	3
1.14585	0	0.184	3
1.13545	0	0.184	3
1.13195	0	0.1875	3
1.11805	0	0.1875	3
1.11455	0	0.191	3
1.09375	0	0.191	3
1.09025	0	0.1944	3
1.02775	0	0.1944	3
1.02425	0	0.191	3
1.65975	0	0.191	0
1.64235	0	0.191	3
1.63885	0	0.1875	3
1.63195	0	0.1875	3
1.62845	0	0.184	3
1.62155	0	0.184	3
1.61805	0	0.1805	3
1.61455	0	0.1805	3
1.61115	0	0.1771	3
1.60765	0	0.1771	3
1.60415	0	0.1736	3
1.60065	0	0.1736	3
1.59025	0	0.1632	3
1.58675	0	0.1632	3
1.56595	0	0.1423	3
1.56595	0	0.1389	3
1.55555	0	0.1285	3
1.55555	0	0.125	3
1.54865	0	0.118	3
1.54865	0	0.1146	3
1.54165	0	0.1076	3
1.54165	0	0.1041	3
1.53475	0	0.0972	3
1.53475	0	0.0937	3
1.53125	0	0.0903	3
1.52775	0	0.0937	3
1.52775	0	0.1805	3
1.39925	0	0.1805	3
1.39925	0	-0.3507	3
1.53475	0	-0.3507	3
1.53475	0	-0.059	3
1.53815	0	-0.0556	3
1.53815	0	-0.0382	3
1.54165	0	-0.0347	3
1.54165	0	-0.0209	3
1.54515	0	-0.0174	3
1.54515	0	-0.0104	3
1.54865	0	-0.007	3
1.54865	0	-0.0035	3
1.55205	0	0	3
1.55205	0	0.0035	3
1.56245	0	0.0139	3
1.56245	0	0.0173	3
1.57635	0	0.0312	3
1.57985	0	0.0312	3
1.58675	0	0.0382	3
1.59025	0	0.0382	3
1.59375	0	0.0416	3
1.59725	0	0.0416	3
1.60065	0	0.0451	3
1.60765	0	0.0451	3
1.61115	0	0.0486	3
1.61805	0	0.0486	3
1.62155	0	0.0521	3
1.63545	0	0.0521	3
1.63885	0	0.0555	3
1.70135	0	0.0555	3
1.70135	0	0.1944	3
1.66315	0	0.1944	3
1.65975	0	0.191	3
-0.77775	0	0.0798	0
-0.79165	0	0.0798	3
-0.79515	0	0.0764	3
-0.80205	0	0.0764	3
-0.80555	0	0.0729	3
-0.80905	0	0.0729	3
-0.81255	0	0.0694	3
-0.81595	0	0.0694	3
-0.81945	0	0.066	3
-0.82295	0	0.066	3
-0.83685	0	0.0521	3
-0.84025	0	0.0521	3
-0.84375	0	0.0486	3
-0.84375	0	0.0451	3
-0.85765	0	0.0312	3
-0.85765	0	0.0278	3
-0.86115	0	0.0243	3
-0.86115	0	0.0208	3
-0.86455	0	0.0173	3
-0.86455	0	0.0139	3
-0.86805	0	0.0104	3
-0.86805	0	0.0069	3
-0.87155	0	0.0035	3
-0.87155	0	0	3
-0.87505	0	-0.0035	3
-0.87505	0	-0.0139	3
-0.87845	0	-0.0174	3
-0.87845	0	-0.0278	3
-0.88195	0	-0.0313	3
-0.88195	0	-0.0521	3
-0.88545	0	-0.0556	3
-0.88545	0	-0.1181	3
-0.88195	0	-0.1215	3
-0.88195	0	-0.1424	3
-0.87845	0	-0.1459	3
-0.87845	0	-0.1563	3
-0.87505	0	-0.1597	3
-0.87505	0	-0.1667	3
-0.87155	0	-0.1702	3
-0.87155	0	-0.1771	3
-0.86805	0	-0.1806	3
-0.86805	0	-0.184	3
-0.86455	0	-0.1875	3
-0.86455	0	-0.191	3
-0.86115	0	-0.1945	3
-0.86115	0	-0.1979	3
-0.85765	0	-0.2014	3
-0.85765	0	-0.2049	3
-0.82295	0	-0.2396	3
-0.81945	0	-0.2396	3
-0.81595	0	-0.2431	3
-0.81255	0	-0.2431	3
-0.80905	0	-0.2465	3
-0.80555	0	-0.2465	3
-0.80205	0	-0.25	3
-0.79515	0	-0.25	3
-0.79165	0	-0.2535	3
-0.77775	0	-0.2535	3
-0.77435	0	-0.257	3
-0.73265	0	-0.257	3
-0.72915	0	-0.2535	3
-0.71525	0	-0.2535	3
-0.71185	0	-0.25	3
-0.70485	0	-0.25	3
-0.70135	0	-0.2465	3
-0.69795	0	-0.2465	3
-0.69445	0	-0.2431	3
-0.69095	0	-0.2431	3
-0.68755	0	-0.2396	3
-0.68405	0	-0.2396	3
-0.67365	0	-0.2292	3
-0.67015	0	-0.2292	3
-0.65975	0	-0.2188	3
-0.65975	0	-0.2153	3
-0.64935	0	-0.2049	3
-0.64935	0	-0.2014	3
-0.64585	0	-0.1979	3
-0.64585	0	-0.1945	3
-0.64235	0	-0.191	3
-0.64235	0	-0.1875	3
-0.63885	0	-0.184	3
-0.63885	0	-0.1806	3
-0.63545	0	-0.1771	3
-0.63545	0	-0.1702	3
-0.63195	0	-0.1667	3
-0.63195	0	-0.1597	3
-0.62845	0	-0.1563	3
-0.62845	0	-0.1459	3
-0.62505	0	-0.1424	3
-0.62505	0	-0.1215	3
-0.62155	0	-0.1181	3
-0.62155	0	-0.0556	3
-0.62505	0	-0.0521	3
-0.62505	0	-0.0313	3
-0.62845	0	-0.0278	3
-0.62845	0	-0.0174	3
-0.63195	0	-0.0139	3
-0.63195	0	-0.0035	3
-0.63545	0	0	3
-0.63545	0	0.0035	3
-0.63885	0	0.0069	3
-0.63885	0	0.0139	3
-0.64585	0	0.0208	3
-0.64585	0	0.0243	3
-0.64935	0	0.0278	3
-0.64935	0	0.0312	3
-0.65975	0	0.0416	3
-0.65975	0	0.0451	3
-0.67015	0	0.0555	3
-0.67365	0	0.0555	3
-0.68405	0	0.066	3
-0.68755	0	0.066	3
-0.69095	0	0.0694	3
-0.69445	0	0.0694	3
-0.69795	0	0.0729	3
-0.70135	0	0.0729	3
-0.70485	0	0.0764	3
-0.71185	0	0.0764	3
-0.71525	0	0.0798	3
-0.72915	0	0.0798	3
-0.73265	0	0.0833	3
-0.77435	0	0.0833	3
-0.77775	0	0.0798	3
1.03475	0	0.0798	0
1.02085	0	0.0798	3
1.01735	0	0.0764	3
1.01385	0	0.0764	3
1.01045	0	0.0729	3
1.00345	0	0.0729	3
0.99655	0	0.066	3
0.99305	0	0.066	3
0.96525	0	0.0382	3
0.96525	0	0.0347	3
0.95835	0	0.0278	3
0.95835	0	0.0243	3
0.95485	0	0.0208	3
0.95485	0	0.0173	3
0.95135	0	0.0139	3
0.95135	0	0.0069	3
0.94795	0	0.0035	3
0.94795	0	-0.0035	3
0.94445	0	-0.007	3
0.94445	0	-0.0174	3
0.94095	0	-0.0209	3
0.94095	0	-0.0278	3
0.94445	0	-0.0313	3
1.17365	0	-0.0313	3
1.17705	0	-0.0278	3
1.17705	0	-0.0174	3
1.17365	0	-0.0139	3
1.17365	0	0	3
1.17015	0	0.0035	3
1.17015	0	0.0104	3
1.16665	0	0.0139	3
1.16665	0	0.0208	3
1.16315	0	0.0243	3
1.16315	0	0.0278	3
1.15625	0	0.0347	3
1.15625	0	0.0382	3
1.13195	0	0.0625	3
1.12845	0	0.0625	3
1.12155	0	0.0694	3
1.11805	0	0.0694	3
1.11455	0	0.0729	3
1.10765	0	0.0729	3
1.10415	0	0.0764	3
1.09725	0	0.0764	3
1.09375	0	0.0798	3
1.08335	0	0.0798	3
1.07985	0	0.0833	3
1.03815	0	0.0833	3
1.03475	0	0.0798	3
0.24305	0	-0.0938	0
0.23955	0	-0.0938	3
0.23615	0	-0.0972	3
0.23265	0	-0.0972	3
0.22915	0	-0.1007	3
0.22225	0	-0.1007	3
0.21875	0	-0.1042	3
0.21525	0	-0.1042	3
0.21175	0	-0.1077	3
0.20135	0	-0.1077	3
0.19795	0	-0.1111	3
0.18405	0	-0.1111	3
0.18055	0	-0.1146	3
0.16665	0	-0.1146	3
0.16315	0	-0.1181	3
0.14925	0	-0.1181	3
0.14585	0	-0.1215	3
0.13195	0	-0.1215	3
0.12845	0	-0.125	3
0.11805	0	-0.125	3
0.11455	0	-0.1285	3
0.10765	0	-0.1285	3
0.10415	0	-0.132	3
0.10065	0	-0.132	3
0.09725	0	-0.1354	3
0.09375	0	-0.1354	3
0.09025	0	-0.1389	3
0.08675	0	-0.1389	3
0.06595	0	-0.1597	3
0.06595	0	-0.1632	3
0.06245	0	-0.1667	3
0.06245	0	-0.1702	3
0.05905	0	-0.1736	3
0.05905	0	-0.1806	3
0.05555	0	-0.184	3
0.05555	0	-0.2188	3
0.05905	0	-0.2222	3
0.05905	0	-0.2292	3
0.06245	0	-0.2327	3
0.06245	0	-0.2361	3
0.06595	0	-0.2396	3
0.06595	0	-0.2431	3
0.08335	0	-0.2604	3
0.08675	0	-0.2604	3
0.09025	0	-0.2639	3
0.09375	0	-0.2639	3
0.09725	0	-0.2674	3
0.10765	0	-0.2674	3
0.11115	0	-0.2709	3
0.14585	0	-0.2709	3
0.14925	0	-0.2674	3
0.16315	0	-0.2674	3
0.16665	0	-0.2639	3
0.17365	0	-0.2639	3
0.17705	0	-0.2604	3
0.18055	0	-0.2604	3
0.18405	0	-0.257	3
0.18745	0	-0.257	3
0.19095	0	-0.2535	3
0.19445	0	-0.2535	3
0.19795	0	-0.25	3
0.20135	0	-0.25	3
0.21175	0	-0.2396	3
0.21525	0	-0.2396	3
0.22565	0	-0.2292	3
0.22565	0	-0.2257	3
0.23265	0	-0.2188	3
0.23265	0	-0.2153	3
0.23615	0	-0.2118	3
0.23615	0	-0.2084	3
0.23955	0	-0.2049	3
0.23955	0	-0.1979	3
0.24305	0	-0.1945	3
0.24305	0	-0.1875	3
0.24655	0	-0.184	3
0.24655	0	-0.1667	3
0.24995	0	-0.1632	3
0.24995	0	-0.0938	3
0.24655	0	-0.0903	3
0.24305	0	-0.0938	3