#Just some random points
#for testing purposes
# Craig Kloeden

0.400	0.485	0.132	-5
-0.084	-0.129	0.133	-4
0.358	-0.017	-0.092	-5
-0.091	0.221	0.418	-4
0.197	0.201	-0.151	-3
-0.220	-0.096	0.494	-1
-0.339	-0.035	-0.104	-5
0.448	-0.229	-0.187	-7
0.295	0.068	0.113	-3
-0.423	0.193	-0.306	-1
-0.165	-0.454	0.018	-3
-0.424	-0.070	-0.438	-6
0.335	-0.319	0.413	-1
-0.386	-0.168	0.353	-3
0.126	-0.464	0.081	-4
-0.495	0.078	-0.276	-3
-0.034	-0.280	-0.207	-7
-0.167	0.175	-0.172	-3
-0.377	-0.157	-0.079	-2
0.359	-0.377	-0.036	-5
0.305	-0.483	0.361	-7
-0.107	0.026	-0.109	-6
-0.046	-0.300	0.186	-5
0.064	-0.212	-0.263	-3
-0.103	0.187	-0.034	-3
-0.135	0.049	-0.019	-6
-0.467	0.406	-0.209	-3
0.206	0.418	-0.221	-6
-0.290	-0.227	0.330	-6
0.378	-0.166	-0.386	-5
0.200	-0.461	-0.214	-3
0.386	-0.021	-0.022	-1
-0.010	-0.341	0.145	-3
0.212	-0.341	-0.169	-6
-0.432	0.184	0.419	-2
-0.470	0.257	-0.273	-2