# Rings
# by David Hochhauser <dhochhau@mcs.kent.edu>

0.0	100.0	0.0	       0
0.0	100.0	0.0	       1
5.0	99.9	0.0	       1
10.0	99.5	0.0	       1
14.9	98.9	0.0	       1
19.9	98.0	0.0	       1
24.7	96.9	0.0	       1
29.6	95.5	0.0	       1
34.3	93.9	0.0	       1
38.9	92.1	0.0	       1
43.5	90.0	0.0	       1
47.9	87.8	0.0	       1
52.3	85.3	0.0	       1
56.5	82.5	0.0	       1
60.5	79.6	0.0	       1
64.4	76.5	0.0	       1
68.2	73.2	0.0	       1
71.7	69.7	0.0	       1
75.1	66.0	0.0	       1
78.3	62.2	0.0	       1
81.3	58.2	0.0	       1
84.1	54.0	0.0	       1
86.7	49.8	0.0	       1
89.1	45.4	0.0	       1
91.3	40.8	0.0	       1
93.2	36.2	0.0	       1
94.9	31.5	0.0	       1
96.4	26.7	0.0	       1
97.6	21.9	0.0	       1
98.5	17.0	0.0	       1
99.3	12.1	0.0	       1
99.7	7.1	0.0	       1
100.0	2.1	0.0	       1
100.0	-2.9	0.0	       1
99.7	-7.9	0.0	       1
99.2	-12.9	0.0	       1
98.4	-17.8	0.0	       1
97.4	-22.7	0.0	       1
96.1	-27.6	0.0	       1
94.6	-32.3	0.0	       1
92.9	-37.0	0.0	       1
90.9	-41.6	0.0	       1
88.7	-46.1	0.0	       1
86.3	-50.5	0.0	       1
83.7	-54.7	0.0	       1
80.8	-58.9	0.0	       1
77.8	-62.8	0.0	       1
74.6	-66.6	0.0	       1
71.1	-70.3	0.0	       1
67.5	-73.7	0.0	       1
63.8	-77.0	0.0	       1
59.8	-80.1	0.0	       1
55.8	-83.0	0.0	       1
51.6	-85.7	0.0	       1
47.2	-88.2	0.0	       1
42.7	-90.4	0.0	       1
38.2	-92.4	0.0	       1
33.5	-94.2	0.0	       1
28.7	-95.8	0.0	       1
23.9	-97.1	0.0	       1
19.0	-98.2	0.0	       1
14.1	-99.0	0.0	       1
9.1	-99.6	0.0	       1
4.2	-99.9	0.0	       1
-0.8	-100.0	0.0	       1
-5.8	-99.8	0.0	       1
-10.8	-99.4	0.0	       1
-15.8	-98.7	0.0	       1
-20.7	-97.8	0.0	       1
-25.6	-96.7	0.0	       1
-30.4	-95.3	0.0	       1
-35.1	-93.6	0.0	       1
-39.7	-91.8	0.0	       1
-44.3	-89.7	0.0	       1
-48.7	-87.4	0.0	       1
-53.0	-84.8	0.0	       1
-57.2	-82.1	0.0	       1
-61.2	-79.1	0.0	       1
-65.1	-75.9	0.0	       1
-68.8	-72.6	0.0	       1
-72.3	-69.1	0.0	       1
-75.7	-65.4	0.0	       1
-78.9	-61.5	0.0	       1
-81.8	-57.5	0.0	       1
-84.6	-53.3	0.0	       1
-87.2	-49.0	0.0	       1
-89.5	-44.6	0.0	       1
-91.6	-40.1	0.0	       1
-93.5	-35.5	0.0	       1
-95.2	-30.7	0.0	       1
-96.6	-25.9	0.0	       1
-97.8	-21.1	0.0	       1
-98.7	-16.2	0.0	       1
-99.4	-11.2	0.0	       1
-99.8	-6.2	0.0	       1
-100.0	-1.2	0.0	       1
-99.9	3.8	0.0	       1
-99.6	8.7	0.0	       1
-99.1	13.7	0.0	       1
-98.2	18.7	0.0	       1
-97.2	23.5	0.0	       1
-95.9	28.4	0.0	       1
-94.4	33.1	0.0	       1
-92.6	37.8	0.0	       1
-90.6	42.4	0.0	       1
-88.3	46.9	0.0	       1
-85.9	51.2	0.0	       1
-83.2	55.4	0.0	       1
-80.4	59.5	0.0	       1
-77.3	63.5	0.0	       1
-74.0	67.3	0.0	       1
-70.6	70.9	0.0	       1
-66.9	74.3	0.0	       1
-63.1	77.6	0.0	       1
-59.2	80.6	0.0	       1
-55.1	83.5	0.0	       1
-50.8	86.1	0.0	       1
-46.5	88.6	0.0	       1
-42.0	90.8	0.0	       1
-37.4	92.7	0.0	       1
-32.7	94.5	0.0	       1
-27.9	96.0	0.0	       1
-23.1	97.3	0.0	       1
-18.2	98.3	0.0	       1
-13.3	99.1	0.0	       1
-8.3	99.7	0.0	       1
-3.3	99.9	0.0	       1
0.0	100.0	0.0	       1
0.0	100.0	0.0	       0
0.0	100.0	0.0	       2
0.0	99.9	5.0	       2
0.0	99.5	10.0	       2
0.0	98.9	14.9	       2
0.0	98.0	19.9	       2
0.0	96.9	24.7	       2
0.0	95.5	29.6	       2
0.0	93.9	34.3	       2
0.0	92.1	38.9	       2
0.0	90.0	43.5	       2
0.0	87.8	47.9	       2
0.0	85.3	52.3	       2
0.0	82.5	56.5	       2
0.0	79.6	60.5	       2
0.0	76.5	64.4	       2
0.0	73.2	68.2	       2
0.0	69.7	71.7	       2
0.0	66.0	75.1	       2
0.0	62.2	78.3	       2
0.0	58.2	81.3	       2
0.0	54.0	84.1	       2
0.0	49.8	86.7	       2
0.0	45.4	89.1	       2
0.0	40.8	91.3	       2
0.0	36.2	93.2	       2
0.0	31.5	94.9	       2
0.0	26.7	96.4	       2
0.0	21.9	97.6	       2
0.0	17.0	98.5	       2
0.0	12.1	99.3	       2
0.0	7.1	99.7	       2
0.0	2.1	100.0	       2
0.0	-2.9	100.0	       2
0.0	-7.9	99.7	       2
0.0	-12.9	99.2	       2
0.0	-17.8	98.4	       2
0.0	-22.7	97.4	       2
0.0	-27.6	96.1	       2
0.0	-32.3	94.6	       2
0.0	-37.0	92.9	       2
0.0	-41.6	90.9	       2
0.0	-46.1	88.7	       2
0.0	-50.5	86.3	       2
0.0	-54.7	83.7	       2
0.0	-58.9	80.8	       2
0.0	-62.8	77.8	       2
0.0	-66.6	74.6	       2
0.0	-70.3	71.1	       2
0.0	-73.7	67.5	       2
0.0	-77.0	63.8	       2
0.0	-80.1	59.8	       2
0.0	-83.0	55.8	       2
0.0	-85.7	51.6	       2
0.0	-88.2	47.2	       2
0.0	-90.4	42.7	       2
0.0	-92.4	38.2	       2
0.0	-94.2	33.5	       2
0.0	-95.8	28.7	       2
0.0	-97.1	23.9	       2
0.0	-98.2	19.0	       2
0.0	-99.0	14.1	       2
0.0	-99.6	9.1	       2
0.0	-99.9	4.2	       2
0.0	-100.0	-0.8	       2
0.0	-99.8	-5.8	       2
0.0	-99.4	-10.8	       2
0.0	-98.7	-15.8	       2
0.0	-97.8	-20.7	       2
0.0	-96.7	-25.6	       2
0.0	-95.3	-30.4	       2
0.0	-93.6	-35.1	       2
0.0	-91.8	-39.7	       2
0.0	-89.7	-44.3	       2
0.0	-87.4	-48.7	       2
0.0	-84.8	-53.0	       2
0.0	-82.1	-57.2	       2
0.0	-79.1	-61.2	       2
0.0	-75.9	-65.1	       2
0.0	-72.6	-68.8	       2
0.0	-69.1	-72.3	       2
0.0	-65.4	-75.7	       2
0.0	-61.5	-78.9	       2
0.0	-57.5	-81.8	       2
0.0	-53.3	-84.6	       2
0.0	-49.0	-87.2	       2
0.0	-44.6	-89.5	       2
0.0	-40.1	-91.6	       2
0.0	-35.5	-93.5	       2
0.0	-30.7	-95.2	       2
0.0	-25.9	-96.6	       2
0.0	-21.1	-97.8	       2
0.0	-16.2	-98.7	       2
0.0	-11.2	-99.4	       2
0.0	-6.2	-99.8	       2
0.0	-1.2	-100.0	       2
0.0	3.8	-99.9	       2
0.0	8.7	-99.6	       2
0.0	13.7	-99.1	       2
0.0	18.7	-98.2	       2
0.0	23.5	-97.2	       2
0.0	28.4	-95.9	       2
0.0	33.1	-94.4	       2
0.0	37.8	-92.6	       2
0.0	42.4	-90.6	       2
0.0	46.9	-88.3	       2
0.0	51.2	-85.9	       2
0.0	55.4	-83.2	       2
0.0	59.5	-80.4	       2
0.0	63.5	-77.3	       2
0.0	67.3	-74.0	       2
0.0	70.9	-70.6	       2
0.0	74.3	-66.9	       2
0.0	77.6	-63.1	       2
0.0	80.6	-59.2	       2
0.0	83.5	-55.1	       2
0.0	86.1	-50.8	       2
0.0	88.6	-46.5	       2
0.0	90.8	-42.0	       2
0.0	92.7	-37.4	       2
0.0	94.5	-32.7	       2
0.0	96.0	-27.9	       2
0.0	97.3	-23.1	       2
0.0	98.3	-18.2	       2
0.0	99.1	-13.3	       2
0.0	99.7	-8.3	       2
0.0	99.9	-3.3	       2
0.0	100.0	0.0	       2
0.0	0.0	100.0	       0
0.0	0.0	100.0	       3
5.0	0.0	99.9	       3
10.0	0.0	99.5	       3
14.9	0.0	98.9	       3
19.9	0.0	98.0	       3
24.7	0.0	96.9	       3
29.6	0.0	95.5	       3
34.3	0.0	93.9	       3
38.9	0.0	92.1	       3
43.5	0.0	90.0	       3
47.9	0.0	87.8	       3
52.3	0.0	85.3	       3
56.5	0.0	82.5	       3
60.5	0.0	79.6	       3
64.4	0.0	76.5	       3
68.2	0.0	73.2	       3
71.7	0.0	69.7	       3
75.1	0.0	66.0	       3
78.3	0.0	62.2	       3
81.3	0.0	58.2	       3
84.1	0.0	54.0	       3
86.7	0.0	49.8	       3
89.1	0.0	45.4	       3
91.3	0.0	40.8	       3
93.2	0.0	36.2	       3
94.9	0.0	31.5	       3
96.4	0.0	26.7	       3
97.6	0.0	21.9	       3
98.5	0.0	17.0	       3
99.3	0.0	12.1	       3
99.7	0.0	7.1	       3
100.0	0.0	2.1	       3
100.0	0.0	-2.9	       3
99.7	0.0	-7.9	       3
99.2	0.0	-12.9	       3
98.4	0.0	-17.8	       3
97.4	0.0	-22.7	       3
96.1	0.0	-27.6	       3
94.6	0.0	-32.3	       3
92.9	0.0	-37.0	       3
90.9	0.0	-41.6	       3
88.7	0.0	-46.1	       3
86.3	0.0	-50.5	       3
83.7	0.0	-54.7	       3
80.8	0.0	-58.9	       3
77.8	0.0	-62.8	       3
74.6	0.0	-66.6	       3
71.1	0.0	-70.3	       3
67.5	0.0	-73.7	       3
63.8	0.0	-77.0	       3
59.8	0.0	-80.1	       3
55.8	0.0	-83.0	       3
51.6	0.0	-85.7	       3
47.2	0.0	-88.2	       3
42.7	0.0	-90.4	       3
38.2	0.0	-92.4	       3
33.5	0.0	-94.2	       3
28.7	0.0	-95.8	       3
23.9	0.0	-97.1	       3
19.0	0.0	-98.2	       3
14.1	0.0	-99.0	       3
9.1	0.0	-99.6	       3
4.2	0.0	-99.9	       3
-0.8	0.0	-100.0	       3
-5.8	0.0	-99.8	       3
-10.8	0.0	-99.4	       3
-15.8	0.0	-98.7	       3
-20.7	0.0	-97.8	       3
-25.6	0.0	-96.7	       3
-30.4	0.0	-95.3	       3
-35.1	0.0	-93.6	       3
-39.7	0.0	-91.8	       3
-44.3	0.0	-89.7	       3
-48.7	0.0	-87.4	       3
-53.0	0.0	-84.8	       3
-57.2	0.0	-82.1	       3
-61.2	0.0	-79.1	       3
-65.1	0.0	-75.9	       3
-68.8	0.0	-72.6	       3
-72.3	0.0	-69.1	       3
-75.7	0.0	-65.4	       3
-78.9	0.0	-61.5	       3
-81.8	0.0	-57.5	       3
-84.6	0.0	-53.3	       3
-87.2	0.0	-49.0	       3
-89.5	0.0	-44.6	       3
-91.6	0.0	-40.1	       3
-93.5	0.0	-35.5	       3
-95.2	0.0	-30.7	       3
-96.6	0.0	-25.9	       3
-97.8	0.0	-21.1	       3
-98.7	0.0	-16.2	       3
-99.4	0.0	-11.2	       3
-99.8	0.0	-6.2	       3
-100.0	0.0	-1.2	       3
-99.9	0.0	3.8	       3
-99.6	0.0	8.7	       3
-99.1	0.0	13.7	       3
-98.2	0.0	18.7	       3
-97.2	0.0	23.5	       3
-95.9	0.0	28.4	       3
-94.4	0.0	33.1	       3
-92.6	0.0	37.8	       3
-90.6	0.0	42.4	       3
-88.3	0.0	46.9	       3
-85.9	0.0	51.2	       3
-83.2	0.0	55.4	       3
-80.4	0.0	59.5	       3
-77.3	0.0	63.5	       3
-74.0	0.0	67.3	       3
-70.6	0.0	70.9	       3
-66.9	0.0	74.3	       3
-63.1	0.0	77.6	       3
-59.2	0.0	80.6	       3
-55.1	0.0	83.5	       3
-50.8	0.0	86.1	       3
-46.5	0.0	88.6	       3
-42.0	0.0	90.8	       3
-37.4	0.0	92.7	       3
-32.7	0.0	94.5	       3
-27.9	0.0	96.0	       3
-23.1	0.0	97.3	       3
-18.2	0.0	98.3	       3
-13.3	0.0	99.1	       3
-8.3	0.0	99.7	       3
-3.3	0.0	99.9	       3
0.0	0.0	100.0	       3
