#Shapes6
#an icosohedron
#
#by Elliott Manley <tesseract@andyclin.exnet.com>

1 0 1.618 0
-1 0 1.618 2
0 1.618 1 2
1 0 1.618 2
0 -1.618 1 2
-1.618 -1 0 2
-1.618 1 0 2
-1 0 -1.618 2
1 0 -1.618 2
1.618 1 0 2
1.618 -1 0 2
1 0 -1.618 2
0 -1.618 -1 2
0 -1.618 1 2
-1 0 1.618 2
-1.618 1 0 2
0 1.618 1 2
0 1.618 -1 2
1.618 1 0 2
0 1.618 1 2

0 -1.618 1 0
1.618 -1 0 2
1 0 1.618 2
1.618 1 0 2

-1.618 1 0 0
0 1.618 -1 2
1 0 -1.618 2

1.618 -1 0 0
0 -1.618 -1 2
-1 0 -1.618 2
-1.618 -1 0 2
0 -1.618 -1 2

-1.618 -1 0 0
-1 0 1.618 2

-1 0 -1.618 0
0 1.618 -1 2
