#Shapes5
#a dodecahedron
#
#by Elliott Manley <tesseract@andyclin.exnet.com>

-1 1 1 0
0 0.618 1.618 5
0 -0.618 1.618 5
-1 -1 1 5
-1 1 -1 0
0 0.618 -1.618 5
0 -0.618 -1.618 5
-1 -1 -1 5
1 1 1 0
0 0.618 1.618 5
0 -0.618 1.618 5
1 -1 1 5
1 1 -1 0
0 0.618 -1.618 5
0 -0.618 -1.618 5
1 -1 -1 5



1 1 1 0
0.618 1.618 0 5
1 1 -1 5
1.618 0 -0.618 5
1.618 0 0.618 5
1 1 1 5

-1 1 1 0
-0.618 1.618 0 5
-1 1 -1 5
-1.618 0 -0.618 5
-1.618 0 0.618 5
-1 1 1 5

1 -1 1 0
0.618 -1.618 0 5
1 -1 -1 5
1.618 0 -0.618 5
1.618 0 0.618 5
1 -1 1 5

-1 -1 1 0
-0.618 -1.618 0 5
-1 -1 -1 5
-1.618 0 -0.618 5
-1.618 0 0.618 5
-1 -1 1 5

-0.618 1.618 0 0
0.618 1.618 0 5
-0.618 -1.618 0 0
0.618 -1.618 0 5
