#Sphere of 1000 points
#
#by Ilpo Kojo <ikojo@Helsinki.FI>

-.2217514   .3666571  -.9035424  -4
  -.4746845   3.997246E-02   .8792478  -4
  -7.396963E-02   .6859996   .7238321  -4
  -6.865627E-02  -.1092014   .9916458  -4
   .2703682   4.687345E-02   .9616153  -4
   1.231314E-02   .7339605  -.6790805  -4
   .2797562   1.567728E-02   .9599431  -4
  -.7202554   .547401   .4261271  -4
   .1603768   .3806162   .9107198  -4
  -.6622165  -2.256993E-02  -.7489726  -4
   2.383934E-02  -.4464385  -.8944967  -4
   .9946992  -.102753   3.905533E-03  -4
   .2774958   6.633864E-02  -.9584337  -4
  -.1168664   .9638041   .2396329  -4
  -.1408922  -9.009162E-02   .9859173  -4
   .4489661   .3017435   .8410591  -4
  -.1634795  -.1763763  -.9706523  -4
   .8938279   5.904895E-04   .4484098  -4
  -.5306665  -.8123681  -.2417666  -4
   .72749   .5551521   .4031927  -4
  -.3271231   .4686074  -.8206081  -4
   .4362232   .3733926   .8187107  -4
  -.1817175  -.4721684   .8625751  -4
  -.5956983  -.3829039  -.7060652  -4
  -.4696272   .3750784  -.7992287  -4
  -.2263339   3.645246E-02   .9733675  -4
  -.2185119  -6.82562E-04  -.975834  -4
   .3739881  -.6106771   .6980017  -4
  -.2221908   .6305559   .7436602  -4
   .2467351  -.1639839   .9551079  -4
  -.5191342   9.223004E-02  -.8497019  -4
  -.4675116   .8735981  -.1351267  -4
  -.2220003   8.102835E-02   .971674  -4
  -.1834401  -.4081213  -.894308  -4
   .4602089   .2215962   .8597109  -4
  -7.282238E-03   .9991723  -4.002089E-02  -4
  -.9373427  -3.405491E-02   .3467404  -4
   .246998   4.714722E-02  -.9678683  -4
  -.253505   .3877   .8862415  -4
   .6047581  -9.752425E-03  -.7963495  -4
   .4798105   2.526829E-02  -.8770082  -4
  -.6216435  -.6501307   .4369089  -4
  -.6890208   .4630061   .5575622  -4
  -.3734017  -.5988486   .7084854  -4
   .1964821  -.6017576   .7741334  -4
   .4636886   .3920505   .7945372  -4
   .1394548  -3.382234E-02   .9896507  -4
  -.9667029  -.248302   .061901  -4
  -.2537295  -9.608648E-02  -.9624909  -4
  -8.111473E-03  -3.563202E-03   .9999608  -4
   8.543123E-02  -.3426277   .9355788  -4
  -.5610299  -.6297383   .5372849  -4
  -.2116706   .9490505   .2334495  -4
   .7039703   .1371133   .6968685  -4
   2.085582E-02   .4181976   .9081166  -4
   .5219494   .6938362   .4961453  -4
   .1610944  -.3743249  -.9131974  -4
   .1236449  -1.082288E-03  -.992326  -4
   1.027149E-02  -.284193   .958712  -4
   .8550321  -7.381929E-02   .5132941  -4
  -.3503893   .9268461   .1348469  -4
   .2734387  -.1602093   .9484536  -4
  -.3002629   .4593839  -.8359478  -4
  -3.337902E-02   .4885766  -.8718823  -4
   1.152533E-03  -8.233868E-02   .9966037  -4
  -.1882635  -.4044806   .8949594  -4
   .8389428   .5440609  -1.313601E-02  -4
   .1942761  -.8946789  -.4022518  -4
  -.9759979   .2137697  -4.160112E-02  -4
   .6033032   .7850247  -.1405756  -4
  -.2928725  -.5530701   .779961  -4
  -.5686421  -.2760594   .7748789  -4
  -.8297125  -.5480968   .1056744  -4
  -.4947671  -.4415534   .7484892  -4
   .4457852  -.7931257   .4150026  -4
  -.4827482   .7220601   .4955637  -4
  -.7750025  -.6173606  -.1350446  -4
  -.223177   .308326   .9247308  -4
   .5083077  -.40312   .7609978  -4
   .9815974   .1364451   .133601  -4
   1.235524E-02  -3.155927E-02   .9994255  -4
   .8575459   .3296013  -.3949407  -4
  -6.564187E-02   .9752629   .2110766  -4
   8.999344E-02   .7916728   .6042809  -4
   .3334217  -.6128422   .7164178  -4
  -.3397484   .2260409   .9129494  -4
   .8580592  -.5097796   6.212191E-02  -4
   .253155  -.7406661   .6223555  -4
   .4761644   .4720877   .74189  -4
  -.9966659  -7.457327E-02  -.0331054  -4
   .5503167  -.3286249   .7675658  -4
  -3.266888E-02   .3452775   .9379319  -4
  -.2178117   .0274123   .9756058  -4
  -.879003   .3154433  -.3575601  -4
   .7300532  -.5529671   .4015591  -4
  -.3351488   .4340912   .8362058  -4
  -.9899935  -6.446687E-02   .1255268  -4
  -7.476112E-02  -.6016504  -.7952532  -4
  -1.945208E-02  -1.030436E-02  -.9997577  -4
  -.4483592  -2.618913E-02   .8934697  -4
   .3466326   .5243313   .7777677  -4
   .5095529  -.7557098   .4114104  -4
   5.803466E-05   8.219822E-02   .996616  -4
  -.6395395   .6805206   .3576045  -4
   .2488596   .6302133  -.7354591  -4
  -8.806815E-02  -.4269165   .8999924  -4
  -.1520486   .6707339  -.7259458  -4
  -.1947865   .9806932  -1.729367E-02  -4
  -.2394454  -.8824462  -.4049132  -4
   2.528136E-02   .2391275  -.970659  -4
  -.5836827  -.653846   .481456  -4
   .1038881  -.4037419  -.9089553  -4
  -6.688145E-02  -7.717997E-02  -.9947714  -4
  -8.232939E-03  -5.833733E-02  -.998263  -4
  -.3425491   .6901849   .6374206  -4
   7.532595E-02   9.990696E-02   .9921414  -4
   7.317861E-03   5.829042E-02   .9982728  -4
  -.9650013   .0575315  -.2558567  -4
   .1605738  -4.191471E-02  -.9861335  -4
   .3095313  -.8412442   .4432816  -4
  -.8055981  -.3893166  -.4465919  -4
  -9.018444E-02   .9924801   8.276501E-02  -4
   3.198568E-02   .2124425   .9766499  -4
   .799029  -.4159048   .4342532  -4
   .4739096   .2287435  -.8503447  -4
  -2.835709E-02  -.9371867   .3476736  -4
  -.5050219   .4391246   .7430495  -4
   .5529576  -.6722013   .4923244  -4
   .3810707  -7.600942E-02   .9214162  -4
   .8645631   .4876647  -.1213004  -4
   .1717642  -.9218664   .3473607  -4
  -.2465554  -.4986944  -.8309719  -4
   .3363322  -.6133679   .7146052  -4
  -.2818123   .2778403   .9183608  -4
  -.3920262   .7771739   .4922563  -4
  -.0799297  -9.890477E-02   .9918816  -4
   .9491625   .3088782   6.070222E-02  -4
   .1903951   .4291157  -.882955  -4
   .6942339   7.789402E-02   .7155221  -4
  -.1656311  -.9855813  -3.458086E-02  -4
  -.4069336   .5416483   .7355421  -4
   .8925207   6.890066E-02   .4457124  -4
  -.3953024   .1731013   .9020931  -4
   .8182746   .5509759   .163867  -4
  -.2384385   .9658008  -.1018621  -4
   .2525376  -.5055743  -.8249966  -4
   .1394153   .9483042   .2851007  -4
  -.5657068  -.6005962   .565031  -4
  -7.912766E-02  -.9966735   1.951112E-02  -4
  -.8728588  -.1806972   .4532837  -4
  -.5516332  -.5594139   .6186736  -4
  -.6591814   .4274368   .6186903  -4
  -.3624571   .2407992  -.9003558  -4
  -.9505286  -.0371527  -.3084072  -4
   .8719282  -.3361902   .3559738  -4
   .1318095   .5430719  -.8292763  -4
  -.4900466   .8653091   .1053303  -4
   .4522901   .1981422   .8695823  -4
   .4475289   .1769373   .8765906  -4
   .1275197   2.069684E-02   .9916201  -4
  -.4611288   .4486801  -.7655367  -4
   .4106259  -3.905167E-02   .9109672  -4
   .9261298  -.3208336   .1983668  -4
  -.8974894  -.2121453   .3866615  -4
  -8.961784E-02  -.8921639   .4427326  -4
   .9601588  -5.526598E-02  -.2739359  -4
   .1967803   .256643  -.9462621  -4
  -.1243707  -.1451012  -.9815689  -4
  -.8107178   .4279794   .3994624  -4
  -2.229047E-02   .2581035   .9658601  -4
  -.172429   .9557905  -.2381862  -4
   .2752953  -.1498197   .9496139  -4
   8.355311E-02  -.3154307   .9452631  -4
   .4569884  -.1916634   .8685774  -4
  -.8947142  -.2549335   .3667361  -4
   4.901275E-02   .1126451  -.9924257  -4
   .9855008   9.867117E-02   .1380301  -4
  -.3451687  -.2394578  -.9074792  -4
   .1770891   .9622805  -.2065325  -4
   .409792  -.1937134  -.8913729  -4
  -.78027  -.5752052   .2455967  -4
   .112524  -.5440111   .8314988  -4
   .362934   .6131275   .7016791  -4
   .3096598  -.3771781  -.8728387  -4
   .6819128  -.645268  -.3444185  -4
  -.9031927   7.240049E-02  -.4230853  -4
  -9.468348E-02   .2393021  -.9663175  -4
  -.4755213   .4438905   .7595003  -4
  -.7078126  -5.077676E-02  -.704573  -4
  -.4487197  -.6761784  -.584323  -4
   .1549815   .275013  -.948867  -4
   .1250198   9.422518E-02   .9876698  -4
   .4837468  -4.301413E-02   .8741503  -4
  -.3191667  -.8037449   .5021222  -4
  -.1623141   .2937143  -.9420117  -4
  -.5145623   .8182534  -.2562947  -4
   .5748142   .5380966   .6164744  -4
   .9261145  -.3762907   2.678096E-02  -4
   .9647032  -.2188281   .146499  -4
  -.4035623  -.3181355  -.8578621  -4
  -.4972112  -.1897208   .8466328  -4
   .2444797   .9080507  -.3401082  -4
  -.4106605   .9117878   9.72032E-04  -4
   6.053206E-02   5.883633E-02   .9964307  -4
  -4.997131E-03   3.313925E-02  -.9994382  -4
  -1.441519E-02   .3353373   .9419878  -4
   .1300548   .5589332  -.8189502  -4
  -.1730875   .4278596   .8871171  -4
   .9082929   .4165659   3.843047E-02  -4
  -9.608728E-02   .3224949  -.9416816  -4
  -.9383654  -.3453245  -1.487954E-02  -4
  -.2808768   .9219825   .266564  -4
   .8901544   .4275184  -.157649  -4
  -.469719   2.824099E-02  -.8823642  -4
   .4399213  -.8523882  -.2826721  -4
  -.5871264   .3778018  -.7159248  -4
   5.577271E-02   .8698608  -.4901342  -4
  -.8473938   .2313658   .4779054  -4
  -.8419583  -.4754799   .255  -4
  -.3855665  -.8026297   .4551088  -4
   .6166019  -.7479325   .2457623  -4
   8.369671E-02  -.7247365  -.6839238  -4
   .563686  -.139842   .8140653  -4
  -.1875637   .2910619   .9381379  -4
   8.652869E-02   2.501395E-02   .9959353  -4
  -.3465634   .1210311  -.9301856  -4
   .4280637   .9037434  -3.057655E-03  -4
  -.2819472   .4827532   .8291291  -4
   4.834073E-02   .5851317  -.8094962  -4
  -.9433872   .1841963  -.2758486  -4
   .6717212   .1289098  -.7295018  -4
   .2999664  -.9451922   .1289647  -4
  -.2394678  -.844594  -.4788697  -4
  -.0553234   .5211768   .8516538  -4
  -.5027103   .445362  -.7409015  -4
  -.102535  -5.610359E-02   .993146  -4
   .8630275   .2826591  -.4186733  -4
   .0351608   .2006204  -.9790379  -4
  -.1766352  -.4685444   .8656016  -4
  -.1070278  -.6446257  -.7569695  -4
  -.3076409  -.8749402   .3739476  -4
   .4206304   .7932684  -.4402218  -4
  -.0825392   9.360021E-03  -.9965439  -4
   .701542  -8.061568E-02  -.7080536  -4
  -.7332423   .5479219  -.4026628  -4
   .1813969  -.1209057   .9759493  -4
   .10669  -.1309779   .9856277  -4
  -.2187271   .5818624  -.7833228  -4
  -5.188743E-02  -.6823964  -.7291385  -4
  -.4928095  -.859566   .1352228  -4
   .9086125   3.994958E-02  -.4157252  -4
  -.128607   .1618566  -.978398  -4
  -.4661296  -.4780304   .7444529  -4
  -.0691549  -9.562826E-02   .993012  -4
  -.212417  -.5252908  -.8239834  -4
   6.652687E-02  -3.952734E-03  -.9977768  -4
   .1313345  -.3729645   .9185035  -4
  -.9954402  -3.110258E-02  -9.017447E-02  -4
  -1.69986E-03  -5.069387E-02   .9987128  -4
   2.391617E-02  -.1776509  -.9838029  -4
  -.4634359   .7785201  -.4232417  -4
   .4569978  -.7947564  -.3993937  -4
  -.816295  -.5393298  -.2068476  -4
  -.9450104   .2099703  -.2507346  -4
   .729609   .6575341  -.1879352  -4
  -.367903  -.9254573  -9.042213E-02  -4
  -4.722668E-02  -.3776704   .924735  -4
  -.3482203  -9.293691E-02  -.9327944  -4
  -.4041386   .4256592  -.8096211  -4
   .8165985   .4722227   .3319224  -4
   7.366902E-02   .6207685   .7805251  -4
  -.4553676  -.8610739  -.2262569  -4
   .2237937   .3045239  -.925841  -4
  -.3780611   5.871791E-02  -.9239166  -4
   5.981227E-03   .7652705  -.6436811  -4
   9.509984E-02   .9369122  -.3363802  -4
   .4697507  -.842996   .2620915  -4
  -.1777173   .9181916  -.3540349  -4
  -.9382473  -8.170768E-02   .3361785  -4
   .2785101  -.7877284  -.549469  -4
  -.6319669  -.6219507  -.4623799  -4
  -.4920325   .5512675  -.6738013  -4
   .4344153  -.7294389   .5283959  -4
  -.3846537  -.6492833  -.6561041  -4
   .1895273   7.952199E-02  -.9786499  -4
  -.8317473  -.2871889   .4750988  -4
  -.8040122  -.591543   6.034261E-02  -4
  -.2999403   .9011874   .312885  -4
  -.6193931  -.0514103   .7833959  -4
   6.517038E-02   .0575818   .9962114  -4
  -8.844002E-02   .5461136   .8330296  -4
   .7770675  -.5582641  -.2907014  -4
  -.4988832  -.8493789  -.1722525  -4
  -.1701442   .8979113   .4059635  -4
   .7601624  -.5325202  -.3722571  -4
   .1079167  -.1388903  -.9844102  -4
   .88591   .2283095  -.4037801  -4
  -.1396002  -.9585724   .2482957  -4
  -.67761  -.5195392   .5205033  -4
  -4.295463E-02   .8311395   .5544024  -4
  -.6533195   6.044044E-02   .7546659  -4
   .5617787   .356562   .746504  -4
   .7113611   .3872926  -.5864894  -4
  -.6771756   .4449668   .5860355  -4
  -.3275629  -.6662495  -.6699359  -4
  -.8278705   .2387778   .5075585  -4
   .7850925   .6193488  -6.071653E-03  -4
  -.2396785   .687438  -.6855533  -4
  -.6464921  -.6102046  -.4579283  -4
   .4289178  -.5026246   .7505984  -4
   .8640708   .2272354   .4491612  -4
   .3468542   .4747694   .8088796  -4
   .1712061   .2272231   .9586752  -4
   7.579861E-02  -.2145161  -.9737749  -4
  -.2683721   .5963424   .7565396  -4
   .6008418  -.797331   5.703057E-02  -4
  -.6628917   .373183   .6490833  -4
  -.1435491  -.9440204   .2970171  -4
   .1043479  -3.562595E-02  -.9939026  -4
  -.3711178  -5.365181E-02   .9270346  -4
  -8.590318E-02   4.536754E-02   .99527  -4
  -.3836368  -6.604796E-02   .9211192  -4
   .6725615   9.468743E-02  -.7339587  -4
   .3261954  -5.633349E-02  -.9436224  -4
  -.7973323   .1163221   .5922249  -4
   .9204698   .3615218  -.1484496  -4
   .2137356   .8245078  -.5239312  -4
   .1573997   .7897388   .5929064  -4
  -.1373377  -.9132168  -.3836318  -4
  -.6580999  -.6872349  -.307592  -4
  -1.463719E-02   .3677631   .9298043  -4
   .2413067  -3.077645E-02   .9699607  -4
  -.5331368  -.6759195  -.5088202  -4
  -.594634   2.960776E-02   .8034512  -4
  -.9154128   7.454984E-02   .3955523  -4
   .3452565   .7161875  -.6065257  -4
  -.7957029  -.154957  -.5855299  -4
  -.440157   .51932  -.7325084  -4
  -6.471489E-02   .180922   .981366  -4
  -.303755   .1196745  -.9452041  -4
   .2756542   2.840783E-02   .960837  -4
   .7121803  -.5008922  -.4918396  -4
  -.3061616  -.7747295  -.5532262  -4
  -.2098235  -.1401183   .9676471  -4
  -.4838009  -.1860467  -.8551744  -4
   7.386971E-02   .6291553  -.7737615  -4
  -8.988152E-02  -.2917693   .9522563  -4
   8.105455E-02   .1486792  -.985558  -4
   1.718156E-02  -6.491394E-03   .9998313  -4
  -7.566335E-02   4.186977E-02  -.996254  -4
   3.239854E-02  -4.322493E-03   .9994657  -4
   .2570747  -.173067  -.9507684  -4
   .1743612  -.8459121   .5040147  -4
   .9689631  -5.575236E-02  -.2408366  -4
   9.540972E-02   .9952174   2.095717E-02  -4
   7.784143E-02   .9581953  -.2753223  -4
   .9242126   .1159034  -.3638645  -4
  -.213589   .113383  -.9703216  -4
   8.509599E-02  -.9941218   .0669355  -4
   .3248604  -.8868718   .3285182  -4
  -.7028266   .3578988   .6147709  -4
  -.3355157  -.4278983  -.8392451  -4
   .666363  -.2790766   .6914308  -4
   .2145442  -6.045675E-02  -.9748414  -4
   .3110589   .2143905  -.9258937  -4
  -.1698999  -4.324015E-02   .9845122  -4
  -1.941212E-02  -6.582288E-02  -.9976425  -4
   .0891018   .9869184  -.1343607  -4
   .9647167  -.2532462  -7.202806E-02  -4
  -.2388718   8.558296E-02  -.9672723  -4
   .3806292   .2547105   .8889567  -4
   .4217864  -.3291873  -.8448266  -4
  -.1171576   .9910249   6.437267E-02  -4
  -.5067486  -.7017918  -.5006936  -4
  -.1061447  -.4284189   .8973241  -4
  -.1846335   .1597786   .9697326  -4
   .7372748   .5893105  -.3303619  -4
   .1239001  -9.242178E-02   .9879813  -4
   .0474515   .8285416  -.5579132  -4
   .2690197  -.2929436  -.9175034  -4
   .2853561  -.2497774  -.9253017  -4
   .4419026  -.3963319  -.8047627  -4
   .859984  -.3113543   .404334  -4
  -.3103807  -.9486931   6.037587E-02  -4
   .2235645  -.3415988  -.9128686  -4
   1.557709E-02  -.3915085   .9200426  -4
   .205555   .3384696   .9182513  -4
   .9172319  -.3380666   .210705  -4
  -.7132744  -.2034052   .6707205  -4
  -.506954  -.464822   .7259051  -4
   .2509452  -.5837242  -.7721998  -4
   4.175089E-02  -.0463449  -.9980526  -4
  -.6979967   .6035544   .3853863  -4
   .5229214   7.994331E-02  -.8486238  -4
   .7923229  -.6086829   4.158653E-02  -4
  -.8659449   .3577799  -.3494754  -4
   .7970024   .5222741  -.303343  -4
  -.9858855   .107268  -.1285431  -4
   .749513  -.0888738   .6559967  -4
   .468421  -.8653207  -.1783307  -4
   3.244642E-02   .1365433  -.9901026  -4
   .9487848  -.2733789  -.1583394  -4
  -.1630707  -.9842838  -6.777436E-02  -4
   .6464849  -.3759602   .6638608  -4
  -.6780466  -.7002018  -.2235401  -4
  -2.045067E-02   .0258601  -.9994563  -4
  -.6098161   .7896466   6.769477E-02  -4
   3.152826E-02  -.1782804  -.9834745  -4
   .5249464   .1486188   .8380595  -4
   .9414795   .3313229   .0619795  -4
   .2940843   .6531979  -.6977441  -4
   3.907063E-03   1.102086E-02   .9999316  -4
  -.9097664   1.389834E-02  -.4148878  -4
  -.6209518   .6761096  -.3966039  -4
   .5146031   .3502406  -.7826335  -4
   .5264806   .7724862  -.3550819  -4
   .5599582  -.7476894   .3569416  -4
   .8912361   .4440162  -.0924539  -4
   .9073045   .3415793   .2451981  -4
  -.285726   .4327185   .8550528  -4
  -9.151307E-03   2.815618E-02  -.9995617  -4
   .5724689  -.433287   .6960902  -4
  -.6561991  -.5620121   .5035326  -4
  -.3300243  -.4613104  -.8235756  -4
   .588339  -.7047127  -.3965314  -4
   .9068926   .1052028   .4080174  -4
  -.7286103   .6594  -.1852529  -4
  -.1643116  -.3169615  -.934097  -4
   .7141305  -.649395  -.2613501  -4
  -.8636479  -.4153744   .2856158  -4
  -8.247033E-03  -3.732775E-03   .9999591  -4
   .2584457   .9660258   1.499899E-04  -4
  -.6917995  -.1859509  -.6977361  -4
   .6009179   .7473116   .2835895  -4
  -.2280373   8.258782E-02  -.9701434  -4
   1.024542E-03  -3.140367E-02  -.9995062  -4
  -.1965849   .2979141   .9341314  -4
  -.1198094   .9236743   .3639663  -4
   .6706949  -.7138115   .2015973  -4
   .9638575   .1087552   .2432097  -4
  -.6041939  -.5546063   .5721552  -4
   .4978952  -.1653455  -.8513291  -4
   1.144493E-02  -6.493027E-02   .9978242  -4
  -.2477323   .1724659   .9533542  -4
   .1104929   2.001306E-02   .9936754  -4
   .4532503   .4438729   .7730078  -4
  -2.173101E-02  -.0462368   .9986941  -4
  -.1674699  -2.226334E-02   .9856258  -4
   .8419812   .3492305  -.4112247  -4
   .3514401   .9310241  -9.840672E-02  -4
   .1798486   .3143675   .9321092  -4
  -.3933139  -.8987439  -.193813  -4
  -.9641354  -.2299471  -.1325417  -4
  -.7836509  -4.276013E-02  -.6197281  -4
  -.3026744   .1977642  -.9323506  -4
  -.775566   .4972859  -.3888498  -4
   .4672883   .3288358  -.8206757  -4
   .4167711  -.4070686   .8127711  -4
  -.38636  -.5209406   .7611484  -4
   .8602393  -.5086987   3.484173E-02  -4
  -.2002358  -.9436454  -.2635126  -4
   .899579   .3267577   .2898051  -4
  -5.628796E-02  -.2421206  -.968612  -4
  -.2652147  -.2617611   .9279775  -4
   .2994399   .8468714  -.4394822  -4
  -2.525069E-02   .6884718   .7248234  -4
  -.3169064  -1.264658E-02   .9483725  -4
  -.3916527  -.6310548  -.6696103  -4
  -.213778  -.3591731  -.9084567  -4
  -.5985839  -.7478614  -.287055  -4
  -.6691  -3.155583E-02  -.7425021  -4
  -.4625586   .584563   .6665776  -4
   .6669821   .3676164  -.6480687  -4
   .2528776  -.4379359  -.862708  -4
  -.1207787   .7274777   .6754174  -4
  -1.812995E-02  -.3041437  -.9524537  -4
  -7.061701E-02  -.5174187  -.8528136  -4
  -.672251   .4952651   .5502645  -4
   .5392289  -.1766711  -.8234194  -4
   .9440452   .2963602  -.1447383  -4
  -.154581  -.9038523   .3989432  -4
  -.2330984   .2701474  -.9341764  -4
  -4.067784E-03  -9.383694E-02  -.9955792  -4
   .1763433   .8706124   .4592788  -4
  -.8582143  -3.212769E-02  -.5122852  -4
  -.262632  -.8726478   .4117162  -4
  -.5134708   .1663784   .841823  -4
  -.4301303   .3513943   .8315708  -4
  -.5075881   .7253971  -.4649229  -4
   .1238181  -.171266   .9774134  -4
   .6242739  -.236954   .7444024  -4
  -.4519394   .2827952   .8460364  -4
   .5002658  -.7377291   .4533101  -4
   .3110977   .7196972   .6206884  -4
  -.3171617  -.5702416  -.7577816  -4
  -.2352388   .4570516   .8577684  -4
  -.8499377   .4315746   .3022405  -4
  -.5608554  -.1675922  -.8107738  -4
   .2994556   .4642037  -.8335714  -4
   .5307759  -.4656584   .7081237  -4
   .5399488  -.8195408  -.1918548  -4
  -.1577692  -.9081798   .3877091  -4
  -.6370465  -6.840981E-02   .7677837  -4
   .63623   .1797802   .7502603  -4
  -.2383011  -.5051516   .8294784  -4
   .6843085  -.1896417   .7041008  -4
   .5833309  -.2838546   .7610201  -4
  -.4787513   .1302577   .8682339  -4
   .4005014  -.5717538  -.7160281  -4
  -.8142396   .2927968  -.5012822  -4
   .156739   .2266741  -.9612761  -4
   .474236  -3.905294E-02  -.8795312  -4
   .7542646   .4378054   .4892967  -4
   .4475199  -.747979   .4901564  -4
   .7375167   .1635636  -.6552221  -4
   .2647109   .7269965   .6335647  -4
  -.3744508   .1060059   .9211674  -4
  -1.418333E-02  -.1200178  -.9926704  -4
   6.346037E-02  -4.217063E-03  -.9979755  -4
   .3881687  -.5609741   .7311861  -4
   .1533441  -.1866844  -.9703786  -4
   .2942614   .6996318  -.6510957  -4
  -.8629045  -7.834889E-02   .4992568  -4
  -.6818376   .4213706  -.59795  -4
  -.9122709  -9.723927E-02  -.3978773  -4
   .1460645   .5716218  -.8074117  -4
  -.3342901  -.7640068   .5518549  -4
  -.8771778  -.3696755   .3064297  -4
  -.6604064   8.456776E-02  -.7461311  -4
  -4.137847E-02   .4921615  -.8695199  -4
  -.331849  -.4697061  -.8180785  -4
  -.3500957  -.7040591   .6178461  -4
   8.229992E-02   8.474442E-02  -.9929981  -4
   6.684118E-02  -.9942114   8.411898E-02  -4
   .5873393   .793845  -.1576157  -4
  -8.750807E-02   .1597642   .9832689  -4
  -.4905787  -.8565238   .1603108  -4
  -.4495929  -.2110864  -.8679336  -4
   .8813233  -9.461133E-02  -.4629449  -4
   .3058783  -.8529441  -.422995  -4
  -.6440081  -.7308164  -.226188  -4
  -8.320107E-02  -6.11932E-03   .996514  -4
  -.227698  -6.212295E-02   .9717481  -4
  -.7050455  -.426389  -.5666598  -4
  -.6207546   .4842784   .6165534  -4
   .5765833  -.696281  -.4274862  -4
  -.1115857   .411089   .90474  -4
   .2257407  -.2625073   .938153  -4
  -.5679624  -.666495  -.4829111  -4
   .3894612  -.5962277   .7020203  -4
  -1.369722E-02   .0836882   .9963979  -4
   .982472   .1576763  -9.943305E-02  -4
   .6781386  -.6023303   .4211012  -4
   .1577092   .1856019  -.9698864  -4
  -.5742061  -.5054544   .6440522  -4
   .2727793   .4794396  -.8341038  -4
   .519254  -5.598109E-02   .8527845  -4
  -.6015614   .5591615  -.5704929  -4
   .7901149   4.506098E-02   .6113002  -4
  -.8384333  -.5133501  -.1830337  -4
  -.7725497  -.6344952   2.414042E-02  -4
  -.1631124  -.2474475   .9550728  -4
   4.484682E-02   .516567  -.8550715  -4
  -.2083495   .9290136  -.3058175  -4
   6.318463E-02  -.5445336  -.8363557  -4
   .9007065   3.822787E-02  -.4327429  -4
  -.5760654  -.8173327  -.0107618  -4
  -.9749191   .2223729  -9.110686E-03  -4
  -.1884021   .6924318   .6964502  -4
   .760629  -.4057487   .5067658  -4
  -.2910515  -.7538382   .5890814  -4
   .2220657   4.491834E-02   .9739965  -4
  -5.276952E-02   8.114784E-02   .9953042  -4
   .252432  -.3529356   .900952  -4
  -.1082084   .1217541   .9866443  -4
   .3828824   .2685317  -.8839071  -4
   6.973075E-02  -4.700002E-02  -.9964581  -4
  -.3869201  -.9113576  -.1404288  -4
   1.276276E-02  -.1310144  -.9912983  -4
  -.9467241   .1558458  -.2818253  -4
  -2.040765E-02   6.187456E-02   .9978753  -4
  -8.811153E-03   3.838427E-02  -.9992242  -4
  -.2126947  -8.308773E-02   .9735797  -4
   .2393986   .4921817  -.8369262  -4
  -.3606144  -.6766984  -.6419007  -4
   .9158387  -.2759163   .2917357  -4
  -.5520716   2.198239E-02  -.8335068  -4
   .6542995  -.3163322   .686896  -4
  -.7405348   3.324626E-02  -.671195  -4
   .7296126  -.2526384  -.6354834  -4
   .7755449  -.6145716   .1443322  -4
  -.5679153  -.7567071   .323831  -4
   .7838337   .3352995   .5226653  -4
   .854925  -.1195044   .5047989  -4
   .4872816   .780214  -.3922026  -4
   .2047519  -5.113315E-02  -.9774774  -4
   .3938084   3.943996E-02  -.918346  -4
  -.2232992  -.8888161  -.4001791  -4
  -8.893215E-02   .4998561  -.8615305  -4
  -.2700173  -.7886176   .5524247  -4
   .305193  -.8470197   .4352181  -4
  -8.412772E-02   .9959809   3.073561E-02  -4
  -8.778569E-02   .2535107  -.9633411  -4
  -.480949   .4050021   .7775998  -4
   7.553256E-02   .3640481  -.9283124  -4
  -.181226  -.6457652  -.7417172  -4
   .6724929  -.685698  -.2785168  -4
   1.967848E-02  -.1618782   .9866145  -4
   .2877003  -.3187627   .9031162  -4
  -.5418156  -.2299574  -.8084278  -4
  -6.045142E-02  -.2058817  -.9767079  -4
  -.1704575   .9798514   .1040934  -4
  -4.418048E-02  -.1231513  -.991404  -4
  -9.904592E-02   .2380985  -.9661775  -4
   .3388579   .2144267  -.9160767  -4
  -.4519859  -.160177  -.8775261  -4
  -.690012   .1207329  -.7136575  -4
   .1666998  -.1503303  -.9744803  -4
  -.6673487   .4799127  -.5694994  -4
   .5777563  -.2126739  -.7880149  -4
  -5.262969E-02   .1739587   .9833456  -4
   .5006235   .7736207  -.3884419  -4
  -.8415187  -.5135033  -.1678113  -4
   .8753648  -3.435322E-02  -.482241  -4
   4.155088E-02   2.801967E-02   .9987434  -4
  -.7862276   .12298   .6055757  -4
  -5.506646E-02  -.1113387  -.9922557  -4
   .1147209  -3.382173E-02   .9928218  -4
   .2733407   .2561449  -.9271864  -4
   .4007532   .3903552   .8288665  -4
  -.1250109   .7635131   .6335771  -4
  -.1256913   .6745755   .7274267  -4
  -.9610634   .2759694  -1.407144E-02  -4
   .1090174  -.16244   .9806775  -4
   .6339884   .2890142   .7173071  -4
   .3779186   .3795317  -.8444722  -4
  -.4067038  -3.088142E-02  -.913038  -4
  -.454535   .7729835  -.4425997  -4
  -.3946519   .8989565   .1900715  -4
   .1176613  -.1571311   .9805436  -4
  -.9753751  -.1752707  -.1338794  -4
  -1.935157E-02  -.4678096   .8836174  -4
  -.3574246   .435068  -.8264161  -4
  -.9889417  -.1450301   3.099389E-02  -4
   .5811002   .2783594   .7647474  -4
   .2855711   .5399855  -.7917479  -4
   .3626843   .3295353   .8717033  -4
  -.7423092   .5106912   .4337876  -4
  -.5854856  -.1327472   .7997404  -4
   .300284   .610536   .7328542  -4
  -.7445302  -.4479493  -.4949912  -4
  -.4528671   .103369   .8855655  -4
  -.1959192  -.2512751  -.94788  -4
  -4.935574E-02   .4974037   .8661141  -4
  -.4724054   .7380101   .4818446  -4
   .2286045  -.2254211   .9470614  -4
   .7950577  -.2598979   .5480295  -4
  -.6055495   .4430278  -.6610871  -4
   .9525675   .2033296  -.2264338  -4
  -.8624527  -8.193384E-02  -.4994618  -4
  -.4649669   .8429486  -.2706354  -4
  -.2064499   9.088047E-03   .978415  -4
   .7487382  -.5754747  -.3289681  -4
  -.1030443   2.661419E-02   .9943206  -4
  -.9859946   3.937995E-02   .1620613  -4
   .5078978  -.304723  -.8057194  -4
   1.200829E-02   .1403172   .9900338  -4
  -.9119139   4.616305E-02  -.407777  -4
  -.713066   .1100622  -.6924039  -4
   .9892175  -.1044502  -.1026589  -4
   .8339868  -.3133651   .4541678  -4
  -.7569432  -.5247048  -.3895149  -4
   .143785   .1736597  -.9742526  -4
  -.8948882   .1433734   .4226336  -4
   .8745201  -.1094268   .4724832  -4
  -.9328509   .2312917   .2762125  -4
  -.4255669  -.8821658  -.2016835  -4
   .6761446   .5992947   .4285724  -4
   .62062  -.500121  -.6039121  -4
   .3492759  -4.945743E-02   .9357138  -4
   .3940861   .3311932  -.8573256  -4
   .2306333   .1374732   .9632806  -4
  -.3080952   .9491906   .0641447  -4
  -2.090674E-02  -.3191039   .9474891  -4
   2.222714E-05  -9.551337E-05   1  -4
  -.2713383  -3.151067E-02   .9619681  -4
  -.8062088   .5582305  -.1959748  -4
  -.9583846  -.2758755   7.342725E-02  -4
   6.138583E-02  -5.749936E-02  -.9964565  -4
   .9434602   2.364504E-03   .3314773  -4
  -.6215231   7.510238E-02   .7797875  -4
   .7656143  -.6081738  -.2096648  -4
   .5663536  -.4276698  -.7045156  -4
   3.643166E-02   1.745118E-02   .9991838  -4
  -.7493515   .6387587  -.1745268  -4
  -.981809   6.883542E-02   .1769541  -4
   9.409589E-02   .1698761  -.9809628  -4
  -.1654428  -.972116   .1661903  -4
   .1818242   6.945334E-02   .9808752  -4
  -6.948177E-02  -.9553396   .2872255  -4
  -.4584309   .5675383   .6839162  -4
   .4303117  -.3027519   .8503959  -4
   .2250109   6.113805E-03   .9743371  -4
  -1.116672E-02   .9998392   1.403324E-02  -4
   .1370905  -.042867   .9896305  -4
   .5022012   2.453957E-02   .8644025  -4
   .3156399  -.7080597   .6316826  -4
  -3.567925E-02   5.480542E-02  -.9978594  -4
   8.044276E-02  -.7382832  -.6696768  -4
  -.7132841   .5805264   .3927021  -4
  -.3632203  -.6035552   .7097832  -4
  -.4106478  -6.442243E-02  -.9095153  -4
  -.8742389   .2860219   .3922981  -4
   .4049074  -.5014818   .7645691  -4
   9.065014E-02  -.3353162  -.9377342  -4
   .9319414   .1163813   .3434247  -4
   .3565362  -6.309551E-02   .9321485  -4
   .2150613   .3719562   .9029934  -4
   8.626296E-02   1.431679E-02  -.9961695  -4
   4.812366E-03   .9961531  -8.749838E-02  -4
   .4798718   .5504197  -.6831992  -4
  -9.445527E-02  -1.684154E-02   .9953867  -4
  -.1084582   .9006869  -.4207136  -4
  -.5282966   .8485317   2.994576E-02  -4
   .3130867   .1481572   .9380971  -4
   .500469   .399421  -.7681104  -4
   .3710193   3.896002E-03  -.928617  -4
  -.4721673  -.4246776   .7724681  -4
  -8.127095E-02  -.7595404  -.645363  -4
  -.6814842  -9.308759E-02  -.7258884  -4
   .0306548  -.1454856   .9888853  -4
   .2525683   .2221669  -.9417278  -4
  -.421672   .2691113   .8658937  -4
  -.4679129   .7163431   .5176002  -4
   2.380315E-03  -.8995724   .4367651  -4
   .8790996   .4017141   .256534  -4
   .2017333   .8714367  -.4471039  -4
  -.7122247  -.4683778   .5228367  -4
   .6784381   .6300079   .3779045  -4
  -.1481757   8.793665E-02  -.9850437  -4
  -.850803  -.5215836   6.391223E-02  -4
  -8.167233E-04   .9698208  -.2438174  -4
  -.4077708  -.9043478  -.1260079  -4
  -.2529625   .8595634   .444028  -4
   .3024033  -.9147109  -.2680602  -4
  -3.027028E-02  -.9480799   .3165883  -4
  -.3471287   .8393711  -.4182795  -4
  -.6482302  -.2326501  -.7250321  -4
  -1.443429E-03   4.509954E-04   .9999989  -4
  -.2306234   5.884236E-02   .9712623  -4
  -.8122526   .2177799   .5411262  -4
   1.556031E-03   2.470299E-02   .9996936  -4
   .8903589  -.1887265   .4142985  -4
   .1036045   .9396836   .3259766  -4
  -.5729209  -.7691387  -.2831736  -4
   .443585   .3286326   .8338063  -4
   .788422   .573374   .2227848  -4
   .2085205  -.2820646   .9364607  -4
   .8520568  -.0656633   .5193145  -4
   .2847802   .1881757   .9399416  -4
  -.9024374   .3954363  -.1709878  -4
  -.9301186  -.3635301   .0522044  -4
  -.3733048  -.5994241  -.7080496  -4
   .3429442  -.3602591  -.8675268  -4
   .4519631  -.4244402   .784589  -4
  -.7018511  -.2391604  -.6709749  -4
  -.1377649   6.368013E-02  -.9884157  -4
  -.1232484   .4164827   .9007508  -4
   .4476174   .8925562   5.460942E-02  -4
  -.9582105   .1262374  -.2567038  -4
   .601809   .7028738   .3792023  -4
   .1641241  -7.716742E-02   .9834167  -4
  -.7568552   .6323289  -.1653187  -4
   .7016393  -.2676388  -.6603574  -4
   .2742598   .8169969   .5072451  -4
  -.8410207  -.2157782   .4961089  -4
  -.5520608   .3281276   .7665254  -4
   .9046198  -2.278616E-02   .42561  -4
   .7645568   .64162   6.145357E-02  -4
  -9.626991E-02  -6.524224E-02  -.9932148  -4
  -.937491   .1459104   .3159442  -4
  -.5317241  -.7263098  -.4355957  -4
   .8479444  -.2754452   .4529021  -4
   9.168369E-02  -.8612924  -.4997694  -4
  -.6836455  -.6652316  -.3001595  -4
  -.4388863   .5059528   .7425568  -4
   .3530708  -.3857834  -.8523569  -4
  -.8685791   .3973468   .2961179  -4
   8.509641E-02   .9822465   .167184  -4
  -.6272832  -.2189114  -.7473912  -4
  -.7370701  -.5071478  -.4466864  -4
   .1973602   .3481309  -.9164354  -4
  -.5353711  -7.861184E-02   .8409507  -4
   .7876041   .474173   .3934969  -4
   .2296992  -8.601989E-02  -.9694529  -4
  -1.746522E-03   3.845004E-02  -.999259  -4
   .4468753   5.458165E-02   .8929296  -4
   9.233142E-02  -.4395186   .8934754  -4
  -.2705038   .9029168  -.3340193  -4
   .3881908   .8893443   .2416082  -4
   .6889798   .4277993   .5850595  -4
   .7168642  -.4090069  -.5646406  -4
   7.038701E-02   6.720222E-02   .9952535  -4
   .1388147   .1629996   .9768119  -4
  -.7093658   .3763064  -.5959812  -4
  -.2008852  -.9512978  -.2338326  -4
  -.8910539   .2204644   .39676  -4
  -.9826558  -4.958186E-02  -.1786874  -4
  -8.638965E-02  -2.286551E-02   .995999  -4
   .2727586  -.3241885  -.9058171  -4
  -.4616932   .1890311   .8666641  -4
  -.5393463   .4483212  -.7128209  -4
  -4.961715E-02   .1791727   .9825656  -4
   .9535139  -9.549525E-02  -.2858179  -4
   4.341599E-03  -.5376585  -.8431515  -4
   .6275874   .3445093   .6981744  -4
  -.3395166   .4428914   .8298046  -4
   .3809391   .7105768   .5915792  -4
   .1190479   .2474407   .9615616  -4
  -.2847125  -.1549722  -.9460034  -4
  -3.424432E-02  -.2563559  -.9659756  -4
  -.9736546   .226854   2.310894E-02  -4
   .850394   .4410353  -.2869112  -4
   .5805845   .376361   .7219931  -4
   9.559114E-04   .8982964   .439389  -4
  -.3091611   .4119906   .8571366  -4
   .5949143  -.5735365   .5631456  -4
  -.3091547  -4.548755E-02   .9499233  -4
   .6733974   .3572817  -.6472138  -4
  -.179498   .823699   .5378666  -4
  -.1967378  -.1357654   .9710108  -4
   1.670891E-02  -1.649726E-03   .999859  -4
   .1349511   .4248472  -.8951498  -4
   .5217786   .7950523   .3092553  -4
  -.1220769   .2546367   .9593005  -4
  -.1779824   .7355486  -.6536746  -4
   .7777916  -.3252328  -.5378325  -4
   .1862813  -.3669573  -.9113954  -4
  -.1713531  -.9436514   .2831258  -4
  -.6267311   .2049109  -.7518109  -4
  -.6286297   .2938596  -.7200495  -4
  -.7501469  -.4820933  -.4526209  -4
  -.9484691  -.2659018   .1723444  -4
   .1399324   .3492151  -.9265353  -4
   .4163913   .6086737  -.6753774  -4
  -.190356  -.8346298  -.516873  -4
   .759522   .6456332   7.927303E-02  -4
  -.9004833   .4302785  -6.316847E-02  -4
  -.2909807   .1832438  -.9390165  -4
   .7277756  -.4853364   .4845527  -4
   .1951102  -.3542506   .9145702  -4
   .2635582  -.9215687   .2850408  -4
   .4520154  -.8481746  -.2761917  -4
   5.531748E-02  -9.811608E-02   .9936364  -4
  -.1187778  -.2461423  -.9619282  -4
   3.861478E-02   3.352417E-02  -.9986917  -4
   .3446915  -.3951927  -.8514754  -4
  -.7084452  -.5706845  -.4152404  -4
  -.1829624  -.8478131  -.4977325  -4
   .205211  -.1142327  -.9720285  -4
  -.2800596   .779842  -.5598331  -4
  -3.200192E-03   8.742014E-03  -.9999567  -4
  -.2879695  -.1595273   .9442587  -4
   .8492967  -.3039059  -.4316669  -4
   2.992343E-02  -.3427767  -.9389402  -4
  -.9422024   .3100105   .1270756  -4
   .8180302  -6.798657E-02   .571143  -4
  -.4318223  -.4611599  -.7751523  -4
   .2754203   .6151589   .7387308  -4
  -.8855592  -8.737619E-02   .4562349  -4
   7.785552E-02   .5726799   .8160737  -4
  -.5692887  -.5020598  -.6510349  -4
  -.230264   .4047272   .8849714  -4
  -.9146134   .3974664   7.418094E-02  -4
  -.0912809  -.185362   .9784216  -4
   .0102504   .2692332   .9630204  -4
  -.1943853   .4912166   .8490704  -4
   .7690569   .4881737  -.412599  -4
  -4.223768E-02   .203685   .978125  -4
   .5747393   .2459058   .7805159  -4
   .9514209   .2584242   .1673775  -4
   .1340317  -.2950375   .9460382  -4
   .7152348   .3500395  -.6049061  -4
  -.3804986   .7272811  -.5712118  -4
   .1296626  -.6080478   .7832404  -4
   .3765974  -.2461909   .8930646  -4
  -.5150516  -.7359223   .4394771  -4
  -.478379   4.621741E-02  -.8769364  -4
  -.6522379  -.5836155   .4837134  -4
   .7984093   .6006315  -4.224283E-02  -4
  -.1913203  -.7037477  -.6842044  -4
  -.2060018  -.571627   .7942328  -4
   .5749981  -.1826168  -.7975138  -4
   .1738261   .1230835  -.9770542  -4
  -.9868092   3.329284E-03   .1618536  -4
  -.1053591   .2336848   .9665872  -4
   .4663334   7.946539E-02   .8810326  -4
   .8965341   .2483601  -.3668023  -4
  -.6589674   .7171384   .2268799  -4
  -3.963259E-02   2.342163E-02  -.9989398  -4
  -.3045909   .1920022   .9329306  -4
   .6231373   .1581239  -.7659613  -4
   .1086427   .9925933   5.436336E-02  -4
  -1.283057E-02   .5135293   .8579761  -4
  -8.354162E-02   1.60599E-03  -.996503  -4
  -.1764033  -.2212053   .9591403  -4
   .5391644   .3382027  -.771311  -4
   .1321581  -.378793   .9159967  -4
   .4049444   2.388744E-02   .9140292  -4
  -.4249921   .5057163   .7507548  -4
  -.881301  -6.951186E-02   .4674148  -4
   2.451594E-02   .2733752   .961595  -4
  -.9375463   5.521358E-03  -.3478168  -4
   .4930864   .7364085   .4632151  -4
   .54877   .8137524  -.1914644  -4
  -.8951833   .4456726  -4.779998E-03  -4
   .5596271  -.8191139  -.125976  -4
   .9046124  -.34505  -.2502335  -4
   4.024075E-03   .8567628  -.5156949  -4
  -.9399434   .2782871  -.1976429  -4
   3.292904E-02  -.8901387  -.4544984  -4
   .8433426   .5104881  -.1678545  -4
   .6183364   .4651979   .6334438  -4
   .6508929   .4768085  -.5907555  -4
  -6.266827E-02   .6141328  -.7867106  -4
   .3286304  -.2063091  -.9216499  -4
  -.3594289  -.2715771  -.8927804  -4
  -.1409965   .1924064   .9711332  -4
   5.986279E-02   .9574586   .2822931  -4
   .346457   .849524  -.3978399  -4
  -.1278322  -.5816759   .8033131  -4
   .2076131  -.1668479   .9638768  -4
   .1616888  -.1734615   .9714772  -4
  -.1860456  -.244442  -.9516487  -4
   5.701464E-02  -5.796819E-03   .9983565  -4
  -.3187444  -.2866097  -.9034693  -4
   5.247262E-02   .1017977  -.9934203  -4
  -.6778905   .15055   .7195826  -4
   .8573133   .1606126   .4890988  -4
   .5038939   .4601983  -.7309641  -4
  -.8956648  -1.535923E-02   .4444645  -4
   .1052765  -.5932516   .7981036  -4
   .1780031   6.042154E-02   .9821731  -4
   .1173192   .3153759  -.9416869  -4
   .4123167   8.163893E-02   .9073753  -4
   .2625463   .4853683  -.8339587  -4
  -.4722891   .8652025   .1684268  -4
  -.5366412   .8044522  -.2547016  -4
  -7.292902E-02   .8394716   .5384874  -4
   .1021645   .2327291   .9671606  -4
  -.188453  -.9176269  -.3499234  -4
  -4.220307E-02   .2987178  -.9534079  -4
  -.9779645  -.2076185  -2.190783E-02  -4
   .3672826  -.9298491  -2.200031E-02  -4
   7.529914E-02   .1048489   .9916334  -4
  -.3520869   .3057968   .8846034  -4
  -.9703019  -1.578798E-03   .241892  -4
   .9742047  -3.672529E-02  -.2226578  -4
   .1297002   .1589494   .9787303  -4
  -.2577125   .8866194   .3840447  -4
  -.5389645  -.7767614   .3258205  -4
   .4534138   .5174788   .7256939  -4
  -.1675353   .9194844   .3556406  -4
  -.1890149   .4616633  -.8666835  -4
   .1537784  -.3899439  -.9079075  -4
  -.8519459  -.5138137   .1009142  -4
  -.1102658  -.9800703  -.1652382  -4
   .9496828  -.290365  -.1174342  -4
  -.2894175  -.25277  -.9232252  -4
   .4829913   .6811817  -.5501916  -4
  -1.188363E-02  -.9990988   4.074834E-02  -4
  -.7008904   .2926972  -.6504468  -4
   .931365   .2392888  -.2744088  -4
  -.7034613  -.4475559   .5521194  -4
   6.977204E-02   9.757975E-02  -.992779  -4
   .3546668   .8487781   .3921571  -4
   .5024801  -.4245217  -.7531899  -4
   .5480018   .4700025   .6919477  -4
   .1911639  -.2839704   .9395835  -4
  -.3942519   .7371874  -.5487441  -4
  -.1944472   .7851759   .5879533  -4
   .7125  -.633476   .3017481  -4
  -7.912966E-02   .2061059  -.975325  -4
   .3520635   .8750463  -.3321828  -4
   .2793348   .8311282  -.4808306  -4
  -.3743337  -5.296137E-02   .9257804  -4
   .5317916   .3988508  -.7470714  -4
   .2678037  -.7965322   .5420495  -4
   .8091183  -.5627722   .1691598  -4
  -.5276134  -.371985  -.7637089  -4
  -.3124289   .3601229  -.8790333  -4
  -.6148179   .4436071  -.6520826  -4
  -.4142392  -4.454179E-02  -.9090775  -4
   .3961658   .4457436   .8027237  -4
  -.2723761   .7191993  -.6391898  -4
   .0580999  -3.014756E-02  -.9978555  -4
  -.6464971   7.507072E-02   .759214  -4
   .5102623   .4183351   .7514174  -4
  -6.914862E-02  -.486607  -.8708801  -4
  -.1337712  -1.063305E-02  -.9909552  -4
