# Sphere
# by David Hochhauser <dhochhau@mcs.kent.edu>

-0.0	-29.6	-95.5	       0
-0.0	-29.6	-95.5	       2
-5.9	-29.0	-95.5	       2
-11.5	-27.3	-95.5	       2
-16.7	-24.4	-95.5	       2
-21.2	-20.6	-95.5	       2
-24.9	-16.0	-95.5	       2
-27.6	-10.7	-95.5	       2
-29.2	-5.0	-95.5	       2
-29.6	0.9	-95.5	       2
-28.8	6.7	-95.5	       2
-26.9	12.3	-95.5	       2
-23.9	17.4	-95.5	       2
-20.0	21.8	-95.5	       2
-15.3	25.4	-95.5	       2
-9.9	27.9	-95.5	       2
-4.2	29.3	-95.5	       2
1.7	29.6	-95.5	       2
7.6	28.6	-95.5	       2
13.1	26.6	-95.5	       2
18.1	23.4	-95.5	       2
22.4	19.4	-95.5	       2
25.8	14.5	-95.5	       2
28.2	9.1	-95.5	       2
29.4	3.3	-95.5	       2
29.5	-2.6	-95.5	       2
28.4	-8.4	-95.5	       2
26.2	-13.9	-95.5	       2
22.9	-18.8	-95.5	       2
18.7	-23.0	-95.5	       2
13.8	-26.2	-95.5	       2
8.3	-28.4	-95.5	       2
2.5	-29.5	-95.5	       2
-0.0	-29.6	-95.5	       2
-0.0	-56.5	-82.5	       0
-0.0	-56.5	-82.5	       2
-11.2	-55.4	-82.5	       2
-22.0	-52.1	-82.5	       2
-31.9	-46.6	-82.5	       2
-40.5	-39.4	-82.5	       2
-47.6	-30.5	-82.5	       2
-52.7	-20.5	-82.5	       2
-55.7	-9.6	-82.5	       2
-56.5	1.7	-82.5	       2
-55.0	12.8	-82.5	       2
-51.4	23.5	-82.5	       2
-45.7	33.3	-82.5	       2
-38.2	41.7	-82.5	       2
-29.1	48.4	-82.5	       2
-18.9	53.2	-82.5	       2
-8.0	55.9	-82.5	       2
3.3	56.4	-82.5	       2
14.4	54.6	-82.5	       2
25.0	50.7	-82.5	       2
34.6	44.7	-82.5	       2
42.8	36.9	-82.5	       2
49.3	27.7	-82.5	       2
53.8	17.4	-82.5	       2
56.2	6.3	-82.5	       2
56.3	-4.9	-82.5	       2
54.2	-16.0	-82.5	       2
49.9	-26.5	-82.5	       2
43.7	-35.9	-82.5	       2
35.7	-43.8	-82.5	       2
26.3	-50.0	-82.5	       2
15.8	-54.3	-82.5	       2
4.7	-56.3	-82.5	       2
-0.0	-56.5	-82.5	       2
-0.0	-78.4	-62.1	       0
-0.0	-78.4	-62.1	       2
-15.6	-76.8	-62.1	       2
-30.5	-72.2	-62.1	       2
-44.3	-64.7	-62.1	       2
-56.2	-54.6	-62.1	       2
-65.9	-42.3	-62.1	       2
-73.0	-28.4	-62.1	       2
-77.2	-13.3	-62.1	       2
-78.3	2.3	-62.1	       2
-76.3	17.8	-62.1	       2
-71.3	32.6	-62.1	       2
-63.4	46.1	-62.1	       2
-52.9	57.8	-62.1	       2
-40.4	67.2	-62.1	       2
-26.3	73.8	-62.1	       2
-11.1	77.6	-62.1	       2
4.6	78.2	-62.1	       2
20.0	75.8	-62.1	       2
34.7	70.3	-62.1	       2
48.0	62.0	-62.1	       2
59.3	51.2	-62.1	       2
68.3	38.4	-62.1	       2
74.6	24.1	-62.1	       2
77.9	8.8	-62.1	       2
78.1	-6.9	-62.1	       2
75.2	-22.2	-62.1	       2
69.2	-36.7	-62.1	       2
60.6	-49.7	-62.1	       2
49.5	-60.8	-62.1	       2
36.4	-69.4	-62.1	       2
21.9	-75.2	-62.1	       2
6.5	-78.1	-62.1	       2
-0.0	-78.4	-62.1	       2
-0.0	-93.2	-36.2	       0
-0.0	-93.2	-36.2	       2
-18.5	-91.4	-36.2	       2
-36.3	-85.9	-36.2	       2
-52.6	-76.9	-36.2	       2
-66.9	-65.0	-36.2	       2
-78.4	-50.4	-36.2	       2
-86.9	-33.8	-36.2	       2
-91.9	-15.8	-36.2	       2
-93.2	2.7	-36.2	       2
-90.8	21.2	-36.2	       2
-84.8	38.8	-36.2	       2
-75.4	54.9	-36.2	       2
-63.0	68.7	-36.2	       2
-48.1	79.9	-36.2	       2
-31.2	87.8	-36.2	       2
-13.2	92.3	-36.2	       2
5.4	93.1	-36.2	       2
23.8	90.1	-36.2	       2
41.3	83.6	-36.2	       2
57.0	73.7	-36.2	       2
70.6	60.9	-36.2	       2
81.3	45.7	-36.2	       2
88.7	28.7	-36.2	       2
92.6	10.5	-36.2	       2
92.9	-8.2	-36.2	       2
89.4	-26.4	-36.2	       2
82.4	-43.7	-36.2	       2
72.0	-59.2	-36.2	       2
58.9	-72.3	-36.2	       2
43.3	-82.6	-36.2	       2
26.0	-89.5	-36.2	       2
7.7	-92.9	-36.2	       2
-0.0	-93.2	-36.2	       2
-0.0	-99.8	-7.0	       0
-0.0	-99.8	-7.0	       2
-19.8	-97.8	-7.0	       2
-38.8	-91.9	-7.0	       2
-56.3	-82.3	-7.0	       2
-71.6	-69.5	-7.0	       2
-83.9	-53.9	-7.0	       2
-93.0	-36.1	-7.0	       2
-98.3	-17.0	-7.0	       2
-99.7	2.9	-7.0	       2
-97.1	22.7	-7.0	       2
-90.7	41.5	-7.0	       2
-80.7	58.7	-7.0	       2
-67.4	73.6	-7.0	       2
-51.4	85.5	-7.0	       2
-33.4	94.0	-7.0	       2
-14.1	98.8	-7.0	       2
5.8	99.6	-7.0	       2
25.5	96.4	-7.0	       2
44.1	89.5	-7.0	       2
61.0	78.9	-7.0	       2
75.5	65.2	-7.0	       2
86.9	48.9	-7.0	       2
94.9	30.7	-7.0	       2
99.1	11.2	-7.0	       2
99.4	-8.7	-7.0	       2
95.7	-28.3	-7.0	       2
88.1	-46.7	-7.0	       2
77.1	-63.3	-7.0	       2
63.0	-77.4	-7.0	       2
46.3	-88.3	-7.0	       2
27.9	-95.8	-7.0	       2
8.3	-99.4	-7.0	       2
-0.0	-99.8	-7.0	       2
-0.0	-97.4	22.8	       0
-0.0	-97.4	22.8	       2
-19.3	-95.4	22.8	       2
-37.9	-89.7	22.8	       2
-55.0	-80.4	22.8	       2
-69.8	-67.8	22.8	       2
-81.9	-52.6	22.8	       2
-90.8	-35.3	22.8	       2
-96.0	-16.5	22.8	       2
-97.3	2.8	22.8	       2
-94.8	22.1	22.8	       2
-88.5	40.5	22.8	       2
-78.7	57.3	22.8	       2
-65.8	71.8	22.8	       2
-50.2	83.4	22.8	       2
-32.6	91.7	22.8	       2
-13.7	96.4	22.8	       2
5.7	97.2	22.8	       2
24.9	94.1	22.8	       2
43.1	87.3	22.8	       2
59.6	77.0	22.8	       2
73.7	63.6	22.8	       2
84.9	47.7	22.8	       2
92.7	29.9	22.8	       2
96.8	10.9	22.8	       2
97.0	-8.5	22.8	       2
93.4	-27.6	22.8	       2
86.0	-45.6	22.8	       2
75.2	-61.8	22.8	       2
61.5	-75.5	22.8	       2
45.2	-86.2	22.8	       2
27.2	-93.5	22.8	       2
8.1	-97.0	22.8	       2
-0.0	-97.4	22.8	       2
-0.0	-86.3	50.5	       0
-0.0	-86.3	50.5	       2
-17.1	-84.6	50.5	       2
-33.6	-79.5	50.5	       2
-48.7	-71.2	50.5	       2
-61.9	-60.1	50.5	       2
-72.6	-46.6	50.5	       2
-80.4	-31.3	50.5	       2
-85.0	-14.7	50.5	       2
-86.3	2.5	50.5	       2
-84.0	19.6	50.5	       2
-78.5	35.9	50.5	       2
-69.8	50.8	50.5	       2
-58.3	63.6	50.5	       2
-44.5	73.9	50.5	       2
-28.9	81.3	50.5	       2
-12.2	85.4	50.5	       2
5.0	86.1	50.5	       2
22.1	83.4	50.5	       2
38.2	77.4	50.5	       2
52.8	68.3	50.5	       2
65.3	56.4	50.5	       2
75.2	42.3	50.5	       2
82.1	26.5	50.5	       2
85.7	9.7	50.5	       2
86.0	-7.6	50.5	       2
82.7	-24.5	50.5	       2
76.2	-40.4	50.5	       2
66.7	-54.8	50.5	       2
54.5	-66.9	50.5	       2
40.1	-76.4	50.5	       2
24.1	-82.9	50.5	       2
7.2	-86.0	50.5	       2
-0.0	-86.3	50.5	       2
-0.0	-67.5	73.8	       0
-0.0	-67.5	73.8	       2
-13.4	-66.2	73.8	       2
-26.3	-62.2	73.8	       2
-38.1	-55.7	73.8	       2
-48.4	-47.0	73.8	       2
-56.8	-36.5	73.8	       2
-62.9	-24.5	73.8	       2
-66.5	-11.5	73.8	       2
-67.5	2.0	73.8	       2
-65.7	15.3	73.8	       2
-61.4	28.1	73.8	       2
-54.6	39.7	73.8	       2
-45.6	49.8	73.8	       2
-34.8	57.8	73.8	       2
-22.6	63.6	73.8	       2
-9.5	66.8	73.8	       2
3.9	67.4	73.8	       2
17.2	65.3	73.8	       2
29.9	60.5	73.8	       2
41.3	53.4	73.8	       2
51.1	44.1	73.8	       2
58.8	33.1	73.8	       2
64.2	20.7	73.8	       2
67.1	7.6	73.8	       2
67.2	-5.9	73.8	       2
64.7	-19.1	73.8	       2
59.6	-31.6	73.8	       2
52.2	-42.8	73.8	       2
42.6	-52.4	73.8	       2
31.4	-59.8	73.8	       2
18.9	-64.8	73.8	       2
5.6	-67.3	73.8	       2
-0.0	-67.5	73.8	       2
-0.0	-42.7	90.4	       0
-0.0	-42.7	90.4	       2
-8.5	-41.8	90.4	       2
-16.6	-39.3	90.4	       2
-24.1	-35.2	90.4	       2
-30.6	-29.7	90.4	       2
-35.9	-23.1	90.4	       2
-39.8	-15.5	90.4	       2
-42.1	-7.3	90.4	       2
-42.7	1.2	90.4	       2
-41.6	9.7	90.4	       2
-38.8	17.8	90.4	       2
-34.5	25.1	90.4	       2
-28.8	31.5	90.4	       2
-22.0	36.6	90.4	       2
-14.3	40.2	90.4	       2
-6.0	42.3	90.4	       2
2.5	42.6	90.4	       2
10.9	41.3	90.4	       2
18.9	38.3	90.4	       2
26.1	33.8	90.4	       2
32.3	27.9	90.4	       2
37.2	20.9	90.4	       2
40.6	13.1	90.4	       2
42.4	4.8	90.4	       2
42.5	-3.7	90.4	       2
40.9	-12.1	90.4	       2
37.7	-20.0	90.4	       2
33.0	-27.1	90.4	       2
26.9	-33.1	90.4	       2
19.8	-37.8	90.4	       2
11.9	-41.0	90.4	       2
3.5	-42.5	90.4	       2
-0.0	-42.7	90.4	       2
0.0	15.8	98.7	       0
0.0	15.8	98.7	       2
3.1	15.5	98.7	       2
6.2	14.6	98.7	       2
8.9	13.1	98.7	       2
11.4	11.0	98.7	       2
13.3	8.6	98.7	       2
14.8	5.7	98.7	       2
15.6	2.7	98.7	       2
15.8	-0.5	98.7	       2
15.4	-3.6	98.7	       2
14.4	-6.6	98.7	       2
12.8	-9.3	98.7	       2
10.7	-11.7	98.7	       2
8.2	-13.6	98.7	       2
5.3	-14.9	98.7	       2
2.2	-15.7	98.7	       2
-0.9	-15.8	98.7	       2
-4.0	-15.3	98.7	       2
-7.0	-14.2	98.7	       2
-9.7	-12.5	98.7	       2
-12.0	-10.3	98.7	       2
-13.8	-7.8	98.7	       2
-15.1	-4.9	98.7	       2
-15.7	-1.8	98.7	       2
-15.8	1.4	98.7	       2
-15.2	4.5	98.7	       2
-14.0	7.4	98.7	       2
-12.2	10.0	98.7	       2
-10.0	12.3	98.7	       2
-7.4	14.0	98.7	       2
-4.4	15.2	98.7	       2
-1.3	15.8	98.7	       2
0.0	15.8	98.7	       2
