# Spiral
# by David Hochhauser <dhochhau@mcs.kent.edu>

0.0	0.0	0.0	0
0.0	0.0	0.0	1
0.2	2.5	5.0	1
1.0	4.9	10.0	1
2.2	7.2	15.0	1
3.9	9.2	20.0	1
6.0	11.0	25.0	1
8.5	12.4	30.0	1
11.3	13.4	35.0	1
14.3	13.9	40.0	1
17.6	14.0	45.0	1
21.0	13.5	50.0	1
24.5	12.5	55.0	1
28.0	10.9	60.0	1
31.3	8.7	65.0	1
34.5	5.9	70.0	1
37.4	2.7	75.0	1
40.0	-1.2	80.0	1
42.1	-5.5	85.0	1
43.8	-10.2	90.0	1
44.9	-15.4	95.0	1
45.5	-20.8	100.0	1
45.3	-26.5	105.0	1
44.5	-32.4	110.0	1
42.9	-38.3	115.0	1
40.5	-44.2	120.0	1
37.4	-50.1	125.0	1
33.5	-55.7	130.0	1
28.8	-61.0	135.0	1
23.4	-66.0	140.0	1
17.3	-70.4	145.0	1
10.6	-74.2	150.0	1
3.2	-77.4	155.0	1
-4.7	-79.9	160.0	1
-13.0	-81.5	165.0	1
-21.7	-82.2	170.0	1
-30.7	-81.9	175.0	1
-39.8	-80.7	180.0	1
-49.0	-78.4	185.0	1
-58.1	-75.1	190.0	1
-67.1	-70.8	195.0	1
-75.7	-65.4	200.0	1
-83.9	-58.9	205.0	1
-91.5	-51.5	210.0	1
-98.5	-43.1	215.0	1
-104.7	-33.8	220.0	1
-110.0	-23.7	225.0	1
-114.3	-12.9	230.0	1
-117.5	-1.5	235.0	1
-119.5	10.5	240.0	1
-120.4	22.8	245.0	1
-119.9	35.5	250.0	1
-118.0	48.2	255.0	1
-114.8	60.9	260.0	1
-110.3	73.5	265.0	1
-104.3	85.7	270.0	1
-97.0	97.4	275.0	1
-88.4	108.6	280.0	1
-78.5	118.9	285.0	1
-67.4	128.4	290.0	1
-55.1	136.8	295.0	1
-41.9	144.0	300.0	1
-27.8	149.9	305.0	1
-12.9	154.5	310.0	1
2.6	157.5	315.0	1
18.6	158.9	320.0	1
35.0	158.7	325.0	1
51.4	156.8	330.0	1
67.8	153.2	335.0	1
84.0	147.8	340.0	1
99.8	140.7	345.0	1
115.0	131.9	350.0	1
129.4	121.5	355.0	1
142.9	109.5	360.0	1
155.2	96.0	365.0	1
166.3	81.1	370.0	1
175.9	65.0	375.0	1
183.9	47.7	380.0	1
190.2	29.5	385.0	1
194.7	10.5	390.0	1
197.3	-9.1	395.0	1
197.9	-29.1	400.0	1
196.4	-49.3	405.0	1
192.8	-69.5	410.0	1
187.2	-89.5	415.0	1
179.5	-109.0	420.0	1
169.7	-127.9	425.0	1
157.9	-145.9	430.0	1
144.2	-162.8	435.0	1
128.7	-178.4	440.0	1
111.5	-192.6	445.0	1
92.7	-205.0	450.0	1
72.6	-215.6	455.0	1
51.3	-224.2	460.0	1
28.9	-230.7	465.0	1
5.8	-234.9	470.0	1
-17.8	-236.8	475.0	1
-41.8	-236.3	480.0	1
-65.9	-233.4	485.0	1
-89.8	-228.0	490.0	1
-113.2	-220.1	495.0	1
-136.0	-209.8	500.0	1
-157.8	-197.1	505.0	1
-178.5	-182.1	510.0	1
-197.7	-165.0	515.0	1
-215.2	-145.9	520.0	1
-230.9	-124.8	525.0	1
-244.5	-102.1	530.0	1
-255.9	-77.9	535.0	1
-264.9	-52.5	540.0	1
-271.3	-26.0	545.0	1
-275.0	1.2	550.0	1
-276.0	28.9	555.0	1
-274.2	56.8	560.0	1
-269.5	84.7	565.0	1
-262.0	112.1	570.0	1
-251.7	139.0	575.0	1
-238.6	164.8	580.0	1
-222.9	189.4	585.0	1
-204.6	212.5	590.0	1
-183.9	233.9	595.0	1
-161.0	253.2	600.0	1
-136.0	270.2	605.0	1
-109.3	284.8	610.0	1
-80.9	296.7	615.0	1
-51.3	305.7	620.0	1
-20.7	311.8	625.0	1
10.6	314.8	630.0	1
42.3	314.7	635.0	1
74.1	311.3	640.0	1
105.6	304.7	645.0	1
136.6	294.9	650.0	1
166.6	282.0	655.0	1
195.4	265.9	660.0	1
222.6	247.0	665.0	1
248.0	225.2	670.0	1
271.3	200.8	675.0	1
292.1	174.0	680.0	1
310.3	145.0	685.0	1
325.6	114.1	690.0	1
337.8	81.6	695.0	1
346.7	47.9	700.0	1
352.3	13.1	705.0	1
354.3	-22.3	710.0	1
352.8	-58.0	715.0	1
347.6	-93.5	720.0	1
338.9	-128.7	725.0	1
326.6	-163.0	730.0	1
310.8	-196.1	735.0	1
291.6	-227.7	740.0	1
269.3	-257.4	745.0	1
243.9	-284.9	750.0	1
215.6	-309.9	755.0	1
184.8	-332.0	760.0	1
151.7	-351.1	765.0	1
116.7	-366.9	770.0	1
80.0	-379.2	775.0	1
42.0	-387.7	780.0	1
3.1	-392.5	785.0	1
-36.3	-393.3	790.0	1
-75.9	-390.2	795.0	1
-115.2	-383.1	800.0	1
-153.8	-372.0	805.0	1
-191.3	-357.0	810.0	1
-227.4	-338.1	815.0	1
-261.6	-315.7	820.0	1
-293.6	-289.7	825.0	1
-323.0	-260.5	830.0	1
-349.5	-228.4	835.0	1
-372.8	-193.5	840.0	1
-392.6	-156.2	845.0	1
-408.6	-116.9	850.0	1
-420.7	-76.0	855.0	1
-428.7	-33.8	860.0	1
-432.4	9.2	865.0	1
-431.8	52.6	870.0	1
-426.8	96.0	875.0	1
-417.5	138.9	880.0	1
-403.8	180.9	885.0	1
-385.9	221.6	890.0	1
-363.9	260.5	895.0	1
-337.9	297.2	900.0	1
-308.3	331.2	905.0	1
-275.2	362.4	910.0	1
-238.9	390.1	915.0	1
-199.9	414.3	920.0	1
-158.4	434.5	925.0	1
-114.8	450.6	930.0	1
-69.6	462.3	935.0	1
-23.3	469.4	940.0	1
23.8	471.9	945.0	1
71.2	469.6	950.0	1
118.4	462.6	955.0	1
164.8	450.8	960.0	1
210.1	434.4	965.0	1
253.7	413.4	970.0	1
295.2	387.9	975.0	1
334.2	358.4	980.0	1
370.2	324.9	985.0	1
402.8	287.7	990.0	1
431.7	247.3	995.0	1
456.5	204.0	1000.0	1
476.9	158.2	1005.0	1
492.8	110.4	1010.0	1
503.8	60.9	1015.0	1
509.9	10.4	1020.0	1
510.9	-40.8	1025.0	1
506.7	-92.0	1030.0	1
497.4	-142.9	1035.0	1
483.0	-192.7	1040.0	1
463.5	-241.1	1045.0	1
439.2	-287.6	1050.0	1
410.3	-331.6	1055.0	1
376.9	-372.6	1060.0	1
339.4	-410.3	1065.0	1
298.1	-444.2	1070.0	1
253.5	-474.0	1075.0	1
205.9	-499.2	1080.0	1
155.7	-519.7	1085.0	1
103.5	-535.1	1090.0	1
49.8	-545.2	1095.0	1
-4.9	-550.0	1100.0	1
-60.0	-549.2	1105.0	1
-115.1	-542.9	1110.0	1
-169.5	-531.1	1115.0	1
-222.7	-513.8	1120.0	1
-274.1	-491.2	1125.0	1
-323.2	-463.5	1130.0	1
-369.4	-430.8	1135.0	1
-412.4	-393.5	1140.0	1
-451.6	-351.9	1145.0	1
-486.6	-306.4	1150.0	1
-517.0	-257.4	1155.0	1
-542.4	-205.3	1160.0	1
-562.6	-150.8	1165.0	1
-577.4	-94.3	1170.0	1
-586.4	-36.3	1175.0	1
-589.6	22.5	1180.0	1
-586.9	81.6	1185.0	1
-578.2	140.3	1190.0	1
-563.7	198.2	1195.0	1
-543.3	254.5	1200.0	1
-517.4	308.8	1205.0	1
-486.0	360.4	1210.0	1
-449.4	408.8	1215.0	1
-408.0	453.5	1220.0	1
-362.2	493.9	1225.0	1
-312.3	529.8	1230.0	1
-258.9	560.6	1235.0	1
-202.5	586.0	1240.0	1
-143.5	605.7	1245.0	1
-82.7	619.5	1250.0	1
-20.5	627.2	1255.0	1
