# Spring
# by David Hochhauser <dhochhau@mcs.kent.edu>

0.0	100.0	-149.3	       0
0.0	100.0	-149.3	       1
10.0	99.5	-148.6	       2
19.9	98.0	-147.9	       3
29.6	95.5	-147.2	       4
38.9	92.1	-146.5	       1
47.9	87.8	-145.8	       2
56.5	82.5	-145.1	       3
64.4	76.5	-144.4	       4
71.7	69.7	-143.7	       1
78.3	62.2	-143.0	       2
84.1	54.0	-142.3	       3
89.1	45.4	-141.6	       4
93.2	36.2	-140.9	       1
96.4	26.7	-140.2	       2
98.5	17.0	-139.5	       3
99.7	7.1	-138.8	       4
100.0	-2.9	-138.1	       1
99.2	-12.9	-137.4	       2
97.4	-22.7	-136.7	       3
94.6	-32.3	-136.0	       4
90.9	-41.6	-135.3	       1
86.3	-50.5	-134.6	       2
80.8	-58.9	-133.9	       3
74.6	-66.6	-133.2	       4
67.5	-73.7	-132.5	       1
59.8	-80.1	-131.8	       2
51.6	-85.7	-131.1	       3
42.7	-90.4	-130.4	       4
33.5	-94.2	-129.7	       1
23.9	-97.1	-129.0	       2
14.1	-99.0	-128.3	       3
4.2	-99.9	-127.6	       4
-5.8	-99.8	-126.9	       1
-15.8	-98.7	-126.2	       2
-25.6	-96.7	-125.5	       3
-35.1	-93.6	-124.8	       4
-44.3	-89.7	-124.1	       1
-53.0	-84.8	-123.4	       2
-61.2	-79.1	-122.7	       3
-68.8	-72.6	-122.0	       4
-75.7	-65.4	-121.3	       1
-81.8	-57.5	-120.6	       2
-87.2	-49.0	-119.9	       3
-91.6	-40.1	-119.2	       4
-95.2	-30.7	-118.5	       1
-97.8	-21.1	-117.8	       2
-99.4	-11.2	-117.1	       3
-100.0	-1.2	-116.4	       4
-99.6	8.7	-115.7	       1
-98.2	18.7	-115.0	       2
-95.9	28.4	-114.3	       3
-92.6	37.8	-113.6	       4
-88.3	46.9	-112.9	       1
-83.2	55.4	-112.2	       2
-77.3	63.5	-111.5	       3
-70.6	70.9	-110.8	       4
-63.1	77.6	-110.1	       1
-55.1	83.5	-109.4	       2
-46.5	88.6	-108.7	       3
-37.4	92.7	-108.0	       4
-27.9	96.0	-107.3	       1
-18.2	98.3	-106.6	       2
-8.3	99.7	-105.9	       3
1.7	100.0	-105.2	       4
11.7	99.3	-104.5	       1
21.5	97.7	-103.8	       2
31.2	95.0	-103.1	       3
40.5	91.4	-102.4	       4
49.4	86.9	-101.7	       1
57.8	81.6	-101.0	       2
65.7	75.4	-100.3	       3
72.9	68.5	-99.6	       4
79.4	60.8	-98.9	       1
85.0	52.6	-98.2	       2
89.9	43.9	-97.5	       3
93.8	34.7	-96.8	       4
96.8	25.1	-96.1	       1
98.8	15.3	-95.4	       2
99.9	5.4	-94.7	       3
99.9	-4.6	-94.0	       4
98.9	-14.5	-93.3	       1
97.0	-24.4	-92.6	       2
94.1	-33.9	-91.9	       3
90.2	-43.1	-91.2	       4
85.5	-51.9	-90.5	       1
79.8	-60.2	-89.8	       2
73.4	-67.9	-89.1	       3
66.3	-74.9	-88.4	       4
58.5	-81.1	-87.7	       1
50.1	-86.5	-87.0	       2
41.2	-91.1	-86.3	       3
31.9	-94.8	-85.6	       4
22.3	-97.5	-84.9	       1
12.4	-99.2	-84.2	       2
2.5	-100.0	-83.5	       3
-7.5	-99.7	-82.8	       4
-17.4	-98.5	-82.1	       1
-27.2	-96.2	-81.4	       2
-36.6	-93.0	-80.7	       3
-45.8	-88.9	-80.0	       4
-54.4	-83.9	-79.3	       1
-62.5	-78.1	-78.6	       2
-70.0	-71.4	-77.9	       3
-76.8	-64.1	-77.2	       4
-82.8	-56.1	-76.5	       1
-88.0	-47.6	-75.8	       2
-92.3	-38.5	-75.1	       3
-95.7	-29.1	-74.4	       4
-98.1	-19.4	-73.7	       1
-99.5	-9.5	-73.0	       2
-100.0	0.4	-72.3	       3
-99.5	10.4	-71.6	       4
-97.9	20.3	-70.9	       1
-95.4	30.0	-70.2	       2
-91.9	39.3	-69.5	       3
-87.5	48.3	-68.8	       4
-82.3	56.8	-68.1	       1
-76.2	64.8	-67.4	       2
-69.4	72.0	-66.7	       3
-61.8	78.6	-66.0	       4
-53.7	84.4	-65.3	       1
-45.0	89.3	-64.6	       2
-35.8	93.4	-63.9	       3
-26.3	96.5	-63.2	       4
-16.6	98.6	-62.5	       1
-6.6	99.8	-61.8	       2
3.4	99.9	-61.1	       3
13.3	99.1	-60.4	       4
23.2	97.3	-59.7	       1
32.7	94.5	-59.0	       2
42.0	90.7	-58.3	       3
50.9	86.1	-57.6	       4
59.2	80.6	-56.9	       1
67.0	74.3	-56.2	       2
74.0	67.2	-55.5	       3
80.4	59.5	-54.8	       4
85.9	51.2	-54.1	       1
90.6	42.3	-53.4	       2
94.4	33.1	-52.7	       3
97.2	23.5	-52.0	       4
99.1	13.7	-51.3	       1
99.9	3.7	-50.6	       2
99.8	-6.3	-49.9	       3
98.7	-16.2	-49.2	       4
96.6	-26.0	-48.5	       1
93.5	-35.5	-47.8	       2
89.5	-44.7	-47.1	       3
84.6	-53.4	-46.4	       4
78.8	-61.5	-45.7	       1
72.3	-69.1	-45.0	       2
65.0	-76.0	-44.3	       3
57.1	-82.1	-43.6	       4
48.6	-87.4	-42.9	       1
39.7	-91.8	-42.2	       2
30.3	-95.3	-41.5	       3
20.6	-97.8	-40.8	       4
10.8	-99.4	-40.1	       1
0.8	-100.0	-39.4	       2
-9.2	-99.6	-38.7	       3
-19.1	-98.2	-38.0	       4
-28.8	-95.8	-37.3	       1
-38.2	-92.4	-36.6	       2
-47.2	-88.1	-35.9	       3
-55.8	-83.0	-35.2	       4
-63.8	-77.0	-34.5	       1
-71.2	-70.2	-33.8	       2
-77.8	-62.8	-33.1	       3
-83.7	-54.7	-32.4	       4
-88.8	-46.1	-31.7	       1
-92.9	-37.0	-31.0	       2
-96.1	-27.5	-30.3	       3
-98.4	-17.8	-29.6	       4
-99.7	-7.9	-28.9	       1
-100.0	2.1	-28.2	       2
-99.3	12.1	-27.5	       3
-97.6	21.9	-26.8	       4
-94.9	31.6	-26.1	       1
-91.3	40.9	-25.4	       2
-86.7	49.8	-24.7	       3
-81.3	58.2	-24.0	       4
-75.1	66.0	-23.3	       1
-68.1	73.2	-22.6	       2
-60.5	79.6	-21.9	       3
-52.2	85.3	-21.2	       4
-43.5	90.1	-20.5	       1
-34.2	94.0	-19.8	       2
-24.7	96.9	-19.1	       3
-14.9	98.9	-18.4	       4
-5.0	99.9	-17.7	       1
5.0	99.9	-17.0	       2
15.0	98.9	-16.3	       3
24.8	96.9	-15.6	       4
34.3	93.9	-14.9	       1
43.5	90.0	-14.2	       2
52.3	85.2	-13.5	       3
60.6	79.6	-12.8	       4
68.2	73.1	-12.1	       1
75.2	66.0	-11.4	       2
81.4	58.1	-10.7	       3
86.8	49.7	-10.0	       4
91.3	40.8	-9.3	       1
94.9	31.5	-8.6	       2
97.6	21.9	-7.9	       3
99.3	12.0	-7.2	       4
100.0	2.0	-6.5	       1
99.7	-8.0	-5.8	       2
98.4	-17.9	-5.1	       3
96.1	-27.6	-4.4	       4
92.9	-37.1	-3.7	       1
88.7	-46.2	-3.0	       2
83.7	-54.8	-2.3	       3
77.8	-62.9	-1.6	       4
71.1	-70.3	-0.9	       1
63.7	-77.1	-0.2	       2
55.7	-83.0	0.5	       3
47.2	-88.2	1.2	       4
38.1	-92.4	1.9	       1
28.7	-95.8	2.6	       2
19.0	-98.2	3.3	       3
9.1	-99.6	4.0	       4
-0.9	-100.0	4.7	       1
-10.9	-99.4	5.4	       2
-20.7	-97.8	6.1	       3
-30.4	-95.3	6.8	       4
-39.8	-91.8	7.5	       1
-48.7	-87.3	8.2	       2
-57.2	-82.0	8.9	       3
-65.1	-75.9	9.6	       4
-72.4	-69.0	10.3	       1
-78.9	-61.5	11.0	       2
-84.6	-53.3	11.7	       3
-89.5	-44.6	12.4	       4
-93.5	-35.4	13.1	       1
-96.6	-25.9	13.8	       2
-98.7	-16.1	14.5	       3
-99.8	-6.2	15.2	       4
-99.9	3.8	15.9	       1
-99.0	13.8	16.6	       2
-97.2	23.6	17.3	       3
-94.3	33.2	18.0	       4
-90.6	42.4	18.7	       1
-85.9	51.3	19.4	       2
-80.3	59.6	20.1	       3
-74.0	67.3	20.8	       4
-66.9	74.3	21.5	       1
-59.1	80.6	22.2	       2
-50.8	86.1	22.9	       3
-41.9	90.8	23.6	       4
-32.7	94.5	24.3	       1
-23.1	97.3	25.0	       2
-13.2	99.1	25.7	       3
-3.3	99.9	26.4	       4
6.7	99.8	27.1	       1
16.7	98.6	27.8	       2
26.4	96.4	28.5	       3
35.9	93.3	29.2	       4
45.0	89.3	29.9	       1
53.7	84.3	30.6	       2
61.9	78.5	31.3	       3
69.4	72.0	32.0	       4
76.3	64.7	32.7	       1
82.3	56.8	33.4	       2
87.6	48.2	34.1	       3
92.0	39.3	34.8	       4
95.4	29.9	35.5	       1
97.9	20.2	36.2	       2
99.5	10.3	36.9	       3
100.0	0.3	37.6	       4
99.5	-9.6	38.3	       1
98.1	-19.5	39.0	       2
95.6	-29.2	39.7	       3
92.2	-38.6	40.4	       4
87.9	-47.6	41.1	       1
82.7	-56.2	41.8	       2
76.7	-64.2	42.5	       3
69.9	-71.5	43.2	       4
62.4	-78.1	43.9	       1
54.3	-84.0	44.6	       2
45.7	-89.0	45.3	       3
36.6	-93.1	46.0	       4
27.1	-96.3	46.7	       1
17.3	-98.5	47.4	       2
7.4	-99.7	48.1	       3
-2.6	-100.0	48.8	       4
-12.5	-99.2	49.5	       1
-22.4	-97.5	50.2	       2
-32.0	-94.7	50.9	       3
-41.3	-91.1	51.6	       4
-50.2	-86.5	52.3	       1
-58.6	-81.1	53.0	       2
-66.4	-74.8	53.7	       3
-73.5	-67.8	54.4	       4
-79.9	-60.1	55.1	       1
-85.5	-51.8	55.8	       2
-90.3	-43.1	56.5	       3
-94.1	-33.8	57.2	       4
-97.0	-24.3	57.9	       1
-98.9	-14.5	58.6	       2
-99.9	-4.5	59.3	       3
-99.8	5.5	60.0	       4
-98.8	15.4	60.7	       1
-96.8	25.2	61.4	       2
-93.8	34.8	62.1	       3
-89.8	43.9	62.8	       4
-85.0	52.7	63.5	       1
-79.3	60.9	64.2	       2
-72.8	68.5	64.9	       3
-65.6	75.5	65.6	       4
-57.8	81.6	66.3	       1
-49.3	87.0	67.0	       2
-40.4	91.5	67.7	       3
-31.1	95.1	68.4	       4
-21.4	97.7	69.1	       1
-11.6	99.3	69.8	       2
-1.6	100.0	70.5	       3
8.4	99.6	71.2	       4
18.3	98.3	71.9	       1
28.0	96.0	72.6	       2
37.5	92.7	73.3	       3
46.5	88.5	74.0	       4
55.1	83.4	74.7	       1
63.2	77.5	75.4	       2
70.6	70.8	76.1	       3
77.3	63.4	76.8	       4
83.3	55.4	77.5	       1
88.4	46.8	78.2	       2
92.6	37.7	78.9	       3
95.9	28.3	79.6	       4
98.3	18.6	80.3	       1
99.6	8.7	81.0	       2
100.0	-1.3	81.7	       3
99.4	-11.3	82.4	       4
97.7	-21.2	83.1	       1
95.1	-30.8	83.8	       2
91.6	-40.2	84.5	       3
87.1	-49.1	85.2	       4
81.8	-57.6	85.9	       1
75.6	-65.4	86.6	       2
68.7	-72.7	87.3	       3
61.1	-79.2	88.0	       4
52.9	-84.9	88.7	       1
44.2	-89.7	89.4	       2
35.0	-93.7	90.1	       3
25.5	-96.7	90.8	       4
15.7	-98.8	91.5	       1
5.7	-99.8	92.2	       2
-4.3	-99.9	92.9	       3
-14.2	-99.0	93.6	       4
-24.0	-97.1	94.3	       1
-33.6	-94.2	95.0	       2
-42.8	-90.4	95.7	       3
-51.6	-85.6	96.4	       4
-59.9	-80.1	97.1	       1
-67.6	-73.7	97.8	       2
-74.6	-66.6	98.5	       3
-80.9	-58.8	99.2	       4
-86.4	-50.4	99.9	       1
-91.0	-41.5	100.6	       2
-94.7	-32.2	101.3	       3
-97.4	-22.6	102.0	       4
-99.2	-12.8	102.7	       1
-100.0	-2.8	103.4	       2
-99.7	7.2	104.1	       3
-98.5	17.1	104.8	       4
-96.3	26.8	105.5	       1
-93.2	36.3	106.2	       2
-89.1	45.4	106.9	       3
-84.1	54.1	107.6	       4
-78.3	62.2	108.3	       1
-71.7	69.7	109.0	       2
-64.4	76.5	109.7	       3
-56.4	82.6	110.4	       4
-47.9	87.8	111.1	       1
-38.9	92.1	111.8	       2
-29.5	95.6	112.5	       3
-19.8	98.0	113.2	       4
-9.9	99.5	113.9	       1
0.1	100.0	114.6	       2
10.1	99.5	115.3	       3
20.0	98.0	116.0	       4
29.6	95.5	116.7	       1
39.0	92.1	117.4	       2
48.0	87.7	118.1	       3
56.5	82.5	118.8	       4
64.5	76.4	119.5	       1
71.8	69.6	120.2	       2
78.4	62.1	120.9	       3
84.2	54.0	121.6	       4
89.2	45.3	122.3	       1
93.2	36.2	123.0	       2
96.4	26.7	123.7	       3
98.6	16.9	124.4	       4
99.8	7.0	125.1	       1
100.0	-3.0	125.8	       2
99.2	-13.0	126.5	       3
97.4	-22.8	127.2	       4
94.6	-32.4	127.9	       1
90.9	-41.7	128.6	       2
86.3	-50.6	129.3	       3
80.8	-58.9	130.0	       4
74.5	-66.7	130.7	       1
67.5	-73.8	131.4	       2
59.8	-80.2	132.1	       3
51.5	-85.7	132.8	       4
42.7	-90.4	133.5	       1
33.4	-94.3	134.2	       2
23.8	-97.1	134.9	       3
14.0	-99.0	135.6	       4
4.1	-99.9	136.3	       1
-5.9	-99.8	137.0	       2
-15.9	-98.7	137.7	       3
-25.6	-96.7	138.4	       4
-35.2	-93.6	139.1	       1
-44.3	-89.6	139.8	       2
-53.1	-84.8	140.5	       3
-61.3	-79.0	141.2	       4
-68.8	-72.5	141.9	       1
-75.7	-65.3	142.6	       2
-81.9	-57.4	143.3	       3
-87.2	-49.0	144.0	       4
-91.6	-40.0	144.7	       1
-95.2	-30.7	145.4	       2
-97.8	-21.0	146.1	       3
-99.4	-11.1	146.8	       4
-100.0	-1.2	147.5	       1
-99.6	8.8	148.2	       2
-98.2	18.7	148.9	       3
-95.9	28.4	149.6	       4
-92.6	37.9	150.3	       1
0.0	100.0	-149.3	       0
