# Stars2000
# by Craig Kloeden <craig@raru.adelaide.edu.au>
# Shows the closest 2000 stars with our sun in the middle

# the sun
0	0	0	-10

# the stars
-0.4877706	-0.3619753	-1.1652499	-2
-0.5126564	-0.4158204	-1.1729124	-2
-0.5126564	-0.4158204	-1.1729124	-2
-0.0366406	-1.8186874	0.14491997	-2
-2.2170487	0.65584299	0.29686015	-2
-1.9671077	0.52141604	1.49515887	-2
-0.4734785	2.49685541	-0.7598641	-2
-0.4734785	2.49685541	-0.7598641	-2
2.36259884	1.05704773	-0.8516524	-2
2.36262138	1.05705781	-0.8515774	-2
0.53685697	-2.5952354	-1.1739378	-2
2.25602004	-0.2028328	2.18129687	-2
2.94704775	-1.1349556	-0.8812454	-2
1.98097198	2.5949126	-0.5537341	-2
-3.3146773	0.21507674	0.06377889	-2
1.90723137	-1.8311003	2.10309099	-2
1.90723137	-1.8311003	2.10309099	-2
1.61931475	-0.939156	-2.8818149	-2
-1.4204583	3.16497119	0.32517894	-2
-1.4204583	3.16497119	0.32517894	-2
0.32697822	-1.7542474	3.03546668	-2
0.32680215	-1.7540107	3.0356224	-2
2.55613311	0.17332594	2.45172732	-2
2.55588176	0.17386908	2.45195089	-2
2.804333	-0.7167705	-2.1139208	-2
3.13067804	1.48906703	-1.0071884	-2
-1.3322023	3.43833018	0.34715456	-2
2.23956691	-1.975602	-2.4236763	-2
0.60157856	2.69591195	-2.7620556	-2
1.9512193	-0.8462218	3.33158545	-2
1.9512193	-0.8462218	3.33158545	-2
-0.4632965	3.93644353	-0.1917727	-2
-0.4632965	3.93644353	-0.1917727	-2
-1.5393827	-3.6053992	-0.8718575	-2
4.08164655	0.84000728	0.37582177	-2
-4.2335132	-0.573334	0.69921011	-2
-4.2335132	-0.573334	0.69921011	-2
3.52092201	0.03789665	-2.7119585	-2
-2.5738825	1.36399907	3.43586319	-2
-0.4833142	-3.1295459	-3.377251	-2
2.42331113	-1.8555553	-3.5384279	-2
-0.1747001	-1.7124585	4.34430204	-2
-0.388292	-3.3388959	-3.2775793	-2
3.98931746	2.24480808	1.0429312	-2
4.42102172	-1.3815814	-1.1996076	-2
-2.0796412	0.15484817	-4.3836084	-2
-4.10459	1.9820273	1.66997507	-2
2.17436961	4.31699415	-0.6565441	-2
2.17436961	4.31699415	-0.6565441	-2
2.17627881	4.3160961	-0.6561226	-2
-4.2389289	-2.0491783	1.27582217	-2
2.29627109	-4.4897223	0.77481941	-2
0.06557161	-5.1228703	0.22458354	-2
0.06557161	-5.1228703	0.22458354	-2
3.48691178	-1.1893057	3.56728692	-2
-0.9796509	0.06607019	5.03333455	-2
-3.6449549	0.92513635	3.60348826	-2
-3.6445156	0.92558902	3.60381639	-2
-0.9788243	-4.6314984	-2.3634536	-2
-0.9788384	-4.6315654	-2.3633163	-2
-3.7490394	-3.5743233	-2.0082739	-2
-3.7493838	-3.5741313	-2.0079724	-2
-1.0208396	-4.924038	-2.5046826	-2
2.41367467	-3.865814	-3.3390108	-2
2.41367467	-3.865814	-3.3390108	-2
0.77841422	-1.8234966	5.32466056	-2
1.18098311	-1.9687276	-5.2328291	-2
1.31977605	-3.7730863	-4.0835183	-2
-0.197027	5.33087322	-2.1383345	-2
5.73332039	-0.3356013	0.21427155	-2
-1.0337845	1.94154007	-5.3454801	-2
1.85032699	-5.4875726	0.51463711	-2
1.8490771	-5.4878198	0.51649007	-2
3.05665128	0.62257722	4.90625062	-2
3.05665128	0.62257722	4.90625062	-2
-2.9353168	4.58615217	-2.1329892	-2
-0.2439256	-3.1700956	-4.9490439	-2
0.79371524	5.81628099	-0.3780649	-2
-2.7306392	-3.52561	-3.8892758	-2
-1.6938502	-5.6058821	-0.8471951	-2
-1.3255034	4.42866206	3.69361279	-2
-1.109838	4.84742729	3.27132021	-2
-2.5741625	5.39280612	0.38433489	-2
0.19221998	6.00525465	-0.4356017	-2
0.53220995	5.85744142	1.30265626	-2
-2.6895126	2.44333822	4.80483103	-2
-2.6897645	2.44285303	4.80493674	-2
2.30892606	-3.6132609	-4.3351406	-2
2.93864909	3.43869001	-4.2565843	-2
-4.8186588	-3.7506607	-1.3325055	-2
1.35058537	0.13688977	-6.1410586	-2
-1.8302634	-6.0732969	-0.9255452	-2
-1.8336185	-6.0732377	-0.9192714	-2
-1.8336185	-6.0732377	-0.9192714	-2
6.02114586	-0.8105242	2.17074289	-2
6.02114586	-0.8105242	2.17074289	-2
4.86924949	-3.8311481	1.94380699	-2
3.28774801	1.49658093	-5.4469809	-2
3.28774801	1.49658093	-5.4469809	-2
-4.2330842	-4.9055174	-0.8576362	-2
-0.9742231	-4.4557348	4.68144837	-2
-0.9742231	-4.4557348	4.68144837	-2
-3.4948534	5.52920167	1.03522931	-2
-5.8656091	1.64276652	2.59879196	-2
5.58560856	-1.630701	-3.3443707	-2
-4.7186464	-4.289249	2.23394841	-2
-4.7186464	-4.289249	2.23394841	-2
3.63074343	-0.7905238	5.69822548	-2
6.30497178	-1.8626313	1.92122872	-2
6.78039145	1.3717855	0.60806512	-2
5.40741918	4.28266718	0.80238803	-2
5.41067836	4.27820976	0.80419388	-2
-2.7892995	6.11820101	-2.0930145	-2
-2.7892995	6.11820101	-2.0930145	-2
-6.6494144	2.15037264	0.86860297	-2
-1.1276834	-5.7456384	-4.0910168	-2
-1.1285878	-5.7458243	-4.0905063	-2
-1.1285878	-5.7458243	-4.0905063	-2
3.0124611	0.23025372	-6.5291003	-2
-4.2612951	5.32372451	2.29268629	-2
2.30856754	-2.4691476	6.35066256	-2
0.07788119	-7.2358192	-0.3832459	-2
-1.9798305	-4.3771977	5.42498242	-2
-6.7741146	-2.953087	0.5102662	-2
5.80233037	-4.5102179	-1.2971655	-2
6.35732662	2.95715635	2.55565384	-2
5.40525332	4.17514352	3.14384582	-2
-1.2081791	-7.4732963	0.28685302	-2
2.35175866	7.14415851	0.90684619	-2
-1.0179076	-5.1467018	-5.5449997	-2
-1.0179076	-5.1467018	-5.5449997	-2
-2.6389188	-5.4578527	-4.6389275	-2
-2.6389188	-5.4578527	-4.6389275	-2
1.83047504	6.87138642	-2.7758073	-2
1.83047504	6.87138642	-2.7758073	-2
-6.9625477	-2.7936342	1.41075658	-2
6.83064477	-1.9060795	-2.9800648	-2
-7.0581141	3.05492818	0.14856758	-2
0.22046875	-2.2931513	7.40171768	-2
6.36112874	-1.8958311	-4.1203182	-2
-0.4682703	-6.8984083	3.63701006	-2
-0.4682703	-6.8984083	3.63701006	-2
-0.4672527	-6.8982652	3.63741233	-2
5.65455157	5.18673981	-1.767475	-2
-6.5657016	1.29061885	4.15042843	-2
-6.5657016	1.29061885	4.15042843	-2
4.37116937	1.27270023	6.4244302	-2
2.00287665	-2.6141338	7.15227102	-2
-0.7976525	-7.4792649	2.53229898	-2
5.5133209	4.67977347	3.42096667	-2
0.96372409	-6.2163082	5.04630865	-2
0.57695046	7.4910189	-3.1064392	-2
0.57815119	7.49237555	-3.1029423	-2
0.53654158	7.50043763	-3.0909156	-2
1.93508561	-0.589769	-7.9431628	-2
5.95207685	-0.011254	-5.6355012	-2
4.40887504	-5.31366	-4.4173586	-2
4.40887504	-5.31366	-4.4173586	-2
-6.1281217	4.54630647	-2.9939005	-2
1.95726567	-6.6341841	4.39805999	-2
1.95726567	-6.6341841	4.39805999	-2
-5.0589161	-0.7827849	-6.4881365	-2
-5.1632168	0.43318926	-6.5267088	-2
4.04187901	-6.2140498	-3.8069919	-2
-7.0132403	-2.195576	3.9291597	-2
-7.5576773	-2.5943275	-2.6014299	-2
2.20151251	-7.5407981	2.98432013	-2
2.19695512	-7.541494	2.98591962	-2
-3.3439373	0.62756292	7.68379512	-2
-0.7399585	7.80371292	3.40674421	-2
0.49975235	5.06274735	6.86805772	-2
2.75194198	-2.2618116	-7.850307	-2
-5.0584211	6.09199606	-3.4082629	-2
-7.6313745	3.99311998	-0.3652562	-2
-3.3810098	-0.7042772	7.89867473	-2
-0.1171464	2.28618029	-8.3889204	-2
-1.5168197	6.04429287	-6.0646608	-2
-1.5168197	6.04429287	-6.0646608	-2
1.29436882	8.47522574	1.45240726	-2
7.18282232	4.25707998	-2.6890685	-2
7.91748978	3.72428147	0.62437089	-2
3.50400629	1.71091109	7.85757463	-2
2.70396825	0.70937279	8.31457166	-2
3.2063494	0.98895484	-8.1887731	-2
-4.7724996	5.70784545	-4.7914987	-2
-7.8538932	0.70381983	4.01692804	-2
7.83650615	-4.2107067	-0.7605806	-2
6.39482842	4.13963921	-4.8095548	-2
-4.8968958	-6.9503731	-2.9790916	-2
5.06292368	7.28798471	-1.5538159	-2
-8.6971485	-1.7490459	1.56930143	-2
4.0717537	1.09356242	7.96160814	-2
-8.6086252	-0.837131	-2.7991836	-2
-6.9934495	5.42060381	-2.0864714	-2
-6.9934495	5.42060381	-2.0864714	-2
-7.4603491	0.70466322	5.14696853	-2
-7.1495636	0.30903125	5.60650373	-2
-5.3057493	3.62555948	-6.5476948	-2
8.00271004	-3.0712848	-3.2698327	-2
8.00271004	-3.0712848	-3.2698327	-2
-8.0455408	3.99675864	-1.8609562	-2
2.42633864	8.7987689	-0.9287145	-2
-5.9378156	4.44744365	5.3972729	-2
-5.9378156	4.44744365	5.3972729	-2
-6.7933931	-0.9356126	6.09445676	-2
4.15272854	1.10204575	8.10606593	-2
-8.9487417	-2.2990336	0.60692838	-2
5.17593608	-6.056674	-4.8857114	-2
6.09933373	7.06199199	0.51979597	-2
-2.3400344	-6.2009028	-6.8392982	-2
-7.9666497	0.97582928	-5.126715	-2
-7.9667263	0.97642678	-5.1264822	-2
-8.4275376	4.39800939	-0.5805855	-2
8.23888591	-4.773514	0.19308116	-2
-3.6804846	3.07736277	-8.3330309	-2
-4.0949305	-2.7495184	-8.2539218	-2
8.51091389	-4.2109773	-1.512464	-2
8.51091389	-4.2109773	-1.512464	-2
3.17571444	-8.9824704	-1.2983053	-2
3.17444579	-8.9830388	-1.2974745	-2
-2.0673784	9.35108329	-0.8594884	-2
-2.0674323	9.35132703	-0.8567024	-2
-1.3352839	-9.4760372	0.9366265	-2
-0.3363059	9.4531452	1.72640574	-2
-0.3363059	9.4531452	1.72640574	-2
-1.3672144	9.06256991	2.90793465	-2
-2.8183924	-7.6808434	5.0514197	-2
-2.8183924	-7.6808434	5.0514197	-2
-2.6323475	-7.5643857	5.32037109	-2
2.82576405	-0.288484	-9.283936	-2
-9.0206658	3.40862553	-1.1262742	-2
-7.1887821	-3.1712552	5.70299791	-2
-0.5406146	-7.0325997	6.67157473	-2
0.00183644	1.32909695	9.61733489	-2
-8.7007805	0.17276037	-4.5148001	-2
5.08653039	8.37822076	-0.222425	-2
5.08653039	8.37822076	-0.222425	-2
-8.1961651	-4.3717498	3.13488885	-2
-2.1656714	-8.8531575	3.6122453	-2
-8.7831257	2.06343306	-4.077812	-2
-2.44383	-9.5555839	-0.8649367	-2
0.34776876	9.28141298	3.42987361	-2
3.85675141	-7.9323866	4.4980345	-2
3.85675141	-7.9323866	4.4980345	-2
-9.2360731	1.67223505	-3.4494323	-2
-9.2360731	1.67223505	-3.4494323	-2
-9.9801143	0.51939692	0.35713474	-2
8.42286762	5.35821157	0.58725613	-2
9.21716786	1.49079194	3.58069211	-2
-6.2795312	-2.8397162	7.24592992	-2
-6.1880167	3.97708593	-6.9225312	-2
-9.9521365	-1.7153061	-0.2071327	-2
-9.9521365	-1.7153061	-0.2071327	-2
-9.4295519	1.69664417	3.19924228	-2
-9.4295519	1.69664417	3.19924228	-2
-4.6974524	-8.1953031	3.57786943	-2
-7.7720952	-2.7230181	5.84892384	-2
-7.7720952	-2.7230181	5.84892384	-2
3.06612786	7.13517511	6.45897338	-2
-7.7719303	0.53892293	-6.5901684	-2
-7.7725433	0.53839743	-6.5894882	-2
3.04919187	-9.7250262	0.49995025	-2
-8.8344995	-4.2446382	3.19629973	-2
3.33758432	9.16578938	3.33624076	-2
7.12733253	4.7174785	5.76439017	-2
-6.4116022	4.58109426	-6.8126772	-2
-5.2639024	6.19418526	-6.5139112	-2
7.73302956	5.25207379	-4.5960432	-2
6.14383267	-7.121886	-4.4765722	-2
-7.3079225	-6.8227008	2.92449334	-2
-6.9816413	-6.4924738	4.19667813	-2
-6.9816413	-6.4924738	4.19667813	-2
-8.4648923	0.42325868	6.05591363	-2
4.04292203	0.5203011	9.58601623	-2
4.04292203	0.5203011	9.58601623	-2
-10.356294	0.38201053	1.84505842	-2
-1.720064	-9.2580888	4.70448324	-2
-1.720064	-9.2580888	4.70448324	-2
-4.0054672	8.37255163	4.96584369	-2
5.82709529	4.04051705	7.77959987	-2
0.52747519	8.55269111	-6.3044961	-2
-9.5098952	3.30626863	-3.4356817	-2
3.76999479	9.73852693	-2.030187	-2
-5.8972196	-8.7443593	1.39011084	-2
7.45470317	0.08240578	7.58907352	-2
7.45119388	0.09862537	7.59232571	-2
7.45097304	0.09862244	7.59254248	-2
-1.5113103	-3.3575922	-10.102627	-2
7.60059885	-7.1812496	-2.506214	-2
-6.1180436	-8.2030042	3.30163927	-2
-6.1180436	-8.2030042	3.30163927	-2
0.29265079	-8.415513	6.68685684	-2
2.39012724	6.04576216	8.56484728	-2
-5.4901902	2.3521534	8.94123833	-2
2.73230686	-0.1198923	10.3990712	-2
2.73230686	-0.1198923	10.3990712	-2
-8.851818	-6.0543499	-1.7715447	-2
-9.4398897	-5.3689618	-0.4592788	-2
5.18267127	-9.5519183	-0.2213137	-2
2.4672646	-10.467861	1.57628986	-2
-8.5623746	-5.6342388	3.61791353	-2
-8.1942952	5.83504954	4.11751478	-2
-9.2289548	1.09367986	-5.8641605	-2
2.42127959	10.1536413	-3.434981	-2
-10.746807	-2.292474	-0.0939779	-2
-6.6751343	-8.0676565	3.33370994	-2
0.64739855	6.5100479	8.8293982	-2
-3.0260225	2.14551812	10.3439867	-2
-2.4266949	2.63131945	10.3896791	-2
-2.4268862	2.63114295	10.3896791	-2
1.29216581	1.45967197	10.8147023	-2
-5.2521682	0.86752886	-9.7528799	-2
-5.2521682	0.86752886	-9.7528799	-2
-6.4056405	-8.6738642	-2.681118	-2
-4.0811925	-10.325462	-0.4304063	-2
3.36171636	3.89058016	-9.9904927	-2
3.36231414	3.90617695	-9.9842036	-2
5.98093683	3.75244071	-8.7404393	-2
4.43561006	5.96348887	-8.4267348	-2
6.46353425	-4.0539123	-8.2484069	-2
-1.8857001	-3.8928079	10.3700471	-2
-1.8836877	-3.8900954	10.3714307	-2
6.42990267	5.04470867	-7.8954842	-2
9.90829878	5.12044356	-2.1767127	-2
-8.8868424	6.98593292	1.16283225	-2
11.0416914	0.63665997	2.60904591	-2
-10.159471	2.72459767	4.30036381	-2
-3.454096	8.47809957	6.73219531	-2
-3.4536526	8.47701131	6.73379298	-2
4.41887718	-1.7195173	-10.470708	-2
10.8923577	-1.4243371	-3.3833031	-2
-10.911209	-1.8552885	3.10199287	-2
-10.402552	-3.4991615	3.41492355	-2
-10.402552	-3.4991615	3.41492355	-2
5.80002713	8.54249606	5.05018602	-2
5.04266401	-8.6136599	5.70046795	-2
7.71697881	3.5466944	7.74520041	-2
5.73161178	2.52545291	9.6379275	-2
-6.1949748	-2.9449035	-9.3892433	-2
-6.0767123	7.85526075	-6.0478513	-2
-2.8783625	-11.220644	-1.010069	-2
-1.7622424	10.4745843	4.7313469	-2
-9.2372754	-4.6450238	5.32020262	-2
-9.2372754	-4.6450238	5.32020262	-2
5.21954982	5.47388888	8.83181174	-2
-2.9992714	1.34451924	-11.29623	-2
-1.0723289	-7.2290541	-9.2194931	-2
-8.8302361	1.18670277	-7.6828922	-2
-7.9836992	8.57396162	-1.0751256	-2
-4.8487376	10.6951844	-0.7148015	-2
-4.8456519	10.6966511	-0.7137775	-2
2.80980654	-11.360987	1.20047243	-2
-10.86689	3.45240001	2.89824142	-2
-2.9137059	-10.180858	5.12529251	-2
5.50342958	-6.3701631	8.21836061	-2
6.22129422	-1.0345774	9.93143061	-2
4.58649237	-5.5334573	-9.4904795	-2
5.09843725	6.72201689	-8.3990886	-2
-8.4790077	8.1642833	-1.7819008	-2
-11.073477	-4.3489404	-0.4348523	-2
-11.073477	-4.3489404	-0.4348523	-2
-7.8886138	8.75863116	1.66745793	-2
-7.8886138	8.75863116	1.66745793	-2
-8.2440972	-7.6285516	3.94516478	-2
-10.911557	1.84310315	4.38920986	-2
10.6244733	-0.0208612	5.37069774	-2
10.6244733	-0.0208612	5.37069774	-2
-7.0766323	-4.1076825	8.64710837	-2
-7.0766323	-4.1076825	8.64710837	-2
-5.5964281	-5.7015978	8.82587326	-2
-5.5964281	-5.7015978	8.82587326	-2
-7.5077578	-2.6438989	8.85254956	-2
-7.5077578	-2.6438989	8.85254956	-2
-1.1589226	5.76709387	10.3499657	-2
-2.8965479	-4.5781993	-10.761469	-2
1.54656182	6.27872902	-10.165866	-2
-0.9906285	-7.8970479	-9.045132	-2
1.91495574	-7.7767694	-9.0007736	-2
-2.6820133	7.78361537	-8.7966619	-2
-2.6820133	7.78361537	-8.7966619	-2
8.76822675	1.68122131	-8.090168	-2
8.76822675	1.68122131	-8.090168	-2
9.8510281	5.1509053	-4.6459168	-2
3.37301309	10.9613139	-3.6920866	-2
-11.676051	0.80964337	-2.8589207	-2
-9.3990803	-7.1041715	-2.5193573	-2
-11.946309	0.48416411	-1.4867414	-2
-1.1543198	11.3476505	3.8803991	-2
-1.1543198	11.3476505	3.8803991	-2
-4.639425	2.88544777	10.7382051	-2
3.93717357	3.64692649	-10.950756	-2
6.44919046	-3.1803888	-9.8495448	-2
6.44919046	-3.1803888	-9.8495448	-2
-5.7550888	-7.7421738	-7.4604397	-2
-8.0948751	8.70350427	-2.7280899	-2
-8.0948751	8.70350427	-2.7280899	-2
8.54267755	-8.592522	-1.3826388	-2
1.36759476	11.8803074	2.389235	-2
3.97511373	10.6840023	4.33255461	-2
-8.9692173	3.15416182	7.63707191	-2
-8.9692173	3.15416182	7.63707191	-2
-1.6469713	-8.944331	8.12446264	-2
1.25287728	-8.4251052	8.72744892	-2
1.2579786	-8.421521	8.73017399	-2
5.60875322	3.10631717	10.3736756	-2
1.06028868	-3.9126299	11.5016338	-2
-8.8224808	0.82555546	-8.5964294	-2
-11.665252	-1.3247911	-3.8187874	-2
-10.143973	6.54570014	-2.5826204	-2
-2.7075806	-12.038973	-0.3852751	-2
-2.7075806	-12.038973	-0.3852751	-2
-1.2451716	-12.258486	0.77160869	-2
-6.2002847	-10.131171	3.36632765	-2
-10.344721	2.37242468	6.30671486	-2
-10.344721	2.37242468	6.30671486	-2
-6.3089301	2.69641114	10.2636775	-2
10.4953757	2.35400957	-6.3683379	-2
-10.357974	-5.2255728	-4.6535743	-2
1.06823212	11.9889998	-3.3723529	-2
8.29291039	-8.8323398	-3.0769159	-2
8.29465446	-8.8329098	-3.0705719	-2
-9.7364672	7.46992912	-2.3772599	-2
-12.30353	0.09842325	-2.2053274	-2
12.4037982	-1.5477229	-0.0185437	-2
10.6534387	1.69766475	6.31444207	-2
-4.7191276	-8.4453269	7.9155725	-2
-4.7232013	-8.4425216	7.91613534	-2
2.25888788	7.74989313	9.54392906	-2
5.84563552	1.5176816	10.9441851	-2
5.42578892	-3.2622914	-10.961218	-2
6.60168115	-9.0310728	-5.9234751	-2
-9.4947404	6.64931789	-5.0859123	-2
10.2982313	-5.9937138	-4.2722188	-2
-6.9131035	10.2458828	-2.731467	-2
-12.228583	-3.2452054	-0.4005474	-2
2.60754723	-11.851586	3.60147748	-2
8.4835605	7.45298999	5.71945528	-2
6.34140841	5.35732485	9.55592157	-2
6.34140841	5.35732485	9.55592157	-2
0.4858445	5.87803319	11.2001209	-2
-3.4652583	0.73735357	12.152297	-2
-3.4652583	0.73735357	12.152297	-2
8.25311261	1.22116687	-9.7344802	-2
1.49794898	-12.033388	-4.1616034	-2
5.00184213	-11.762192	0.99882081	-2
3.86299593	12.1409353	1.42834617	-2
-12.588407	-1.4602394	1.94034525	-2
4.74459602	10.9161654	4.7635451	-2
8.21551514	-8.5708021	4.83858264	-2
-3.023176	3.87239028	11.8418842	-2
-3.5284067	2.50828057	12.0674809	-2
4.84292982	0.05917047	-12.050091	-2
-6.8771135	1.39760214	-10.92768	-2
3.97363172	11.7649392	-3.8024499	-2
-0.6824856	-12.896979	-1.3654005	-2
-11.800264	-5.349733	-0.8923604	-2
-5.3193693	11.8361333	0.52194653	-2
-12.13502	-4.0779917	2.18482014	-2
4.85211905	-9.9007623	6.8625079	-2
4.85211905	-9.9007623	6.8625079	-2
8.54834256	-0.5415609	9.76190147	-2
-4.7846195	-0.6437175	-12.240236	-2
-3.4907254	-6.407986	-10.949104	-2
-0.7031314	-8.1047076	-10.341647	-2
-7.4054734	-3.8324857	-10.178475	-2
6.10820954	6.63972008	-9.5777986	-2
-9.1007205	-1.3296793	-9.4095256	-2
6.96080349	7.62973563	-8.1525874	-2
10.4303511	-4.5127154	-6.6312524	-2
9.83564345	6.90299329	-5.3608893	-2
-11.688614	-3.5178734	-4.9123527	-2
6.91369744	11.0803594	-1.598986	-2
12.7775629	-2.7246968	-1.5621285	-2
-11.09816	7.02387531	-0.7914276	-2
-11.939997	-5.5286477	0.02947157	-2
-10.434877	7.40883076	3.05825084	-2
-12.696325	0.74781489	3.37259987	-2
8.20903246	-6.0402499	8.32210909	-2
8.20903246	-6.0402499	8.32210909	-2
-7.4708261	-3.8897566	10.1087528	-2
-7.5848436	-0.3256352	10.746834	-2
-7.5841953	-0.32616	10.7472756	-2
-3.5288784	3.93415009	12.0498885	-2
2.72659867	-4.7544936	-12.154725	-2
2.72659867	-4.7544936	-12.154725	-2
3.52374414	7.11802204	-10.709523	-2
-7.9252646	4.73534856	-9.6199555	-2
2.26656028	-10.160831	-8.3304922	-2
2.26656028	-10.160831	-8.3304922	-2
9.82848016	-7.1342587	-5.5027466	-2
-10.950509	-7.4279966	-1.6395477	-2
2.58630926	-13.051854	-0.8584929	-2
10.5777576	-5.8221856	5.65597814	-2
-8.3379628	-8.7302626	5.66019254	-2
7.17653231	-7.2933377	8.54877171	-2
7.17653231	-7.2933377	8.54877171	-2
6.42301304	6.77732163	9.51786236	-2
1.88851167	9.0760595	9.583087	-2
1.88851167	9.0760595	9.583087	-2
-1.8680374	8.82312435	9.82037687	-2
5.3745921	2.51192587	11.9407235	-2
-0.7778351	-5.0757691	12.3048133	-2
1.74027848	-7.3428125	-11.210228	-2
1.74027848	-7.3428125	-11.210228	-2
6.55264279	4.41288351	-10.963759	-2
6.80998604	-5.0729262	-10.512097	-2
-6.4256148	6.5463669	-9.9232675	-2
-2.8994977	-10.018195	-8.5932158	-2
-2.8994977	-10.018195	-8.5932158	-2
-5.9651391	-8.8631335	-8.2750627	-2
-5.9651391	-8.8631335	-8.2750627	-2
-10.093757	5.88552123	-6.7890646	-2
7.97261218	8.69676953	-6.5892592	-2
7.97261218	8.69676953	-6.5892592	-2
12.1024967	1.85104148	-5.7199565	-2
12.1024967	1.85104148	-5.7199565	-2
0.55302156	13.4280886	-1.412546	-2
2.53611865	13.2529056	-0.7370738	-2
2.53611865	13.2529056	-0.7370738	-2
-5.6104413	11.3456329	4.73436838	-2
7.55620147	-9.6512272	5.68966742	-2
9.23297246	7.97906644	5.80529073	-2
-8.0111374	8.76563082	6.44981211	-2
-8.0068107	8.76729595	6.45292075	-2
-9.8565919	2.79532884	8.81183379	-2
-7.0221185	7.18328054	9.03908263	-2
-7.0221185	7.18328054	9.03908263	-2
1.89063908	9.23092222	9.68660111	-2
1.89063908	9.23092222	9.68660111	-2
7.69068307	-5.1379412	-10.104781	-2
0.37885932	-9.9373445	-9.4211089	-2
-5.2254031	9.99527423	-7.7744001	-2
-5.2254031	9.99527423	-7.7744001	-2
11.3015433	4.27895238	-6.4511494	-2
5.83829889	-11.061618	-5.5862802	-2
9.83351449	8.45566874	-4.4108163	-2
-12.678336	5.02610875	1.28439152	-2
-12.935956	-3.364542	2.99875578	-2
-10.558341	-7.8974507	3.71528597	-2
12.3184934	-3.5905134	4.79735088	-2
-9.737336	-6.8055002	6.82063752	-2
-2.7394288	11.4398574	7.01974602	-2
-2.0658895	-11.363158	7.36630074	-2
5.47739798	10.0236995	7.56142857	-2
5.08070374	-5.9557524	11.2413124	-2
4.27420802	-4.9053747	12.0548781	-2
-1.0450214	7.18164129	-11.842023	-2
9.94449552	1.03424221	-9.6404821	-2
-3.0910159	-11.806735	-6.6293409	-2
2.05200995	13.7098577	-0.8547519	-2
0.29521885	-13.351606	3.81431654	-2
-10.037109	-8.7289711	3.99537798	-2
7.48333677	10.857847	4.35985911	-2
1.74419357	-12.732924	5.26611668	-2
10.5051166	1.7610952	8.91305846	-2
6.49887004	-1.9739914	12.1148499	-2
5.92362263	1.69111479	12.4479865	-2
1.69587818	-2.6014719	13.5372776	-2
12.0532623	3.00335383	-6.638665	-2
8.25807039	10.3447062	-4.8129479	-2
-11.85063	6.18329377	-4.4387609	-2
3.57047564	-13.213666	-3.3202204	-2
-11.035258	8.72946417	-0.6266364	-2
-11.035415	8.72958813	-0.6221338	-2
7.04643437	-12.170011	0.78212736	-2
13.954803	-1.3816012	1.31445526	-2
7.44206709	-11.514698	3.22498252	-2
11.6940863	-6.7924658	3.93495795	-2
10.0992702	-7.3543945	6.50313486	-2
-3.3195582	9.16809467	10.1636467	-2
-6.6636957	-5.1992296	11.2666016	-2
-6.3941825	4.52105346	11.7067351	-2
-1.8951951	-1.1980926	13.9048894	-2
0.8448645	-7.4586798	-12.15465	-2
-1.8984981	7.93067682	-11.729505	-2
6.86325609	5.80246823	-11.104427	-2
-1.4333373	9.07108158	-10.94268	-2
3.11129239	-9.4283742	-10.271652	-2
3.11129239	-9.4283742	-10.271652	-2
11.594307	-4.3397394	-7.1288099	-2
11.9971566	5.02364572	-5.9086751	-2
8.26943228	-10.101773	-5.8010254	-2
13.8700852	3.38116235	-0.5193279	-2
5.0533271	-13.340957	0.75097565	-2
6.71293888	-12.513022	1.56267486	-2
6.71293888	-12.513022	1.56267486	-2
1.86795906	13.9532574	2.42869529	-2
-13.92278	-1.9877035	2.507282	-2
-12.307861	-6.4777645	3.26134282	-2
13.2447394	2.85857339	4.5262192	-2
2.92802838	13.1351366	4.7933349	-2
-9.6884312	-8.7260545	5.83707956	-2
-10.508442	-0.892424	9.63625668	-2
-0.7359039	-6.7285334	12.5804018	-2
-6.1690034	-0.5600663	12.8728764	-2
-1.0832298	2.12328541	14.0854356	-2
7.72767622	-4.7548728	-11.301126	-2
7.72767622	-4.7548728	-11.301126	-2
9.59684785	3.16147096	-10.389748	-2
-2.83152	11.4630879	-8.4036517	-2
-2.83152	11.4630879	-8.4036517	-2
12.6641549	-2.9509249	-6.399412	-2
-9.7997089	-8.8884309	-5.9163124	-2
2.53537894	13.2490401	-5.298683	-2
2.53537894	13.2490401	-5.298683	-2
13.7403099	-1.799798	-4.2433315	-2
13.7403099	-1.799798	-4.2433315	-2
11.5384957	-7.7620763	-4.0809975	-2
-6.4698969	12.5017164	-3.4480102	-2
-6.4698969	12.5017164	-3.4480102	-2
10.9685894	8.97369105	-3.0338369	-2
10.9685894	8.97369105	-3.0338369	-2
-13.007338	5.87759408	-2.5108359	-2
-1.0616403	14.3567282	-1.6728797	-2
-14.198074	-1.791536	2.29048818	-2
5.81892804	12.3728574	4.80559347	-2
6.60401732	11.7162578	5.39976943	-2
12.7048824	0.2226887	6.96976513	-2
0.87558082	11.4994387	8.77710207	-2
-8.6996575	6.07555144	9.8714176	-2
0.66766395	-10.130144	10.3429042	-2
-7.1943114	-7.1411434	10.3579538	-2
-3.4220922	-7.7072531	11.7868056	-2
-1.4361548	-4.0838692	-14.054286	-2
8.84674043	0.5565897	-11.734091	-2
8.07012512	-6.5496471	-10.403783	-2
-9.5315561	5.83236744	-9.5601476	-2
-1.7170317	12.9910443	-6.6744337	-2
-3.3789802	12.7926938	-6.4181751	-2
-13.38278	-0.3407017	-6.0867572	-2
13.210257	2.87225204	-5.7881581	-2
-5.6462251	-12.43021	-5.4656663	-2
13.4003167	4.55422911	-3.9942465	-2
10.2760537	-9.8888673	-3.5883866	-2
10.2760537	-9.8888673	-3.5883866	-2
10.0899925	-10.620253	-1.2906521	-2
10.0899925	-10.620253	-1.2906521	-2
1.1051808	-14.65567	-0.5033949	-2
3.99102723	14.1471771	0.43883434	-2
14.2722427	-3.457214	0.78374431	-2
10.8763435	-9.615528	2.34739618	-2
-3.2432341	14.0015273	3.11482894	-2
-4.8455861	11.4944213	7.78858586	-2
-4.8436941	11.4922675	7.7929397	-2
-4.8436941	11.4922675	7.7929397	-2
-1.991499	10.4563276	10.1470507	-2
-7.3229247	-5.2960454	11.6013005	-2
-7.3229247	-5.2960454	11.6013005	-2
6.37487215	4.79291702	12.3552599	-2
2.17237566	-13.754681	-5.3718811	-2
9.06958263	-10.802324	-4.8805761	-2
9.06958263	-10.802324	-4.8805761	-2
-4.4601923	-14.24338	0.01953734	-2
1.87283447	14.7990448	0.49832573	-2
3.42435605	-14.486046	1.09354242	-2
-12.183505	-4.5088298	7.34848491	-2
-12.183505	-4.5088298	7.34848491	-2
7.75166095	8.82870858	9.20506504	-2
2.19856066	11.2104725	9.60516547	-2
-9.5876821	4.04753078	10.698664	-2
3.32422482	-4.880752	13.7074926	-2
5.08773601	3.1157333	-13.927494	-2
-3.7736068	-7.232329	-12.767978	-2
9.61932556	-3.5177938	-11.165198	-2
9.61932556	-3.5177938	-11.165198	-2
-9.1454889	4.71360286	-11.122497	-2
-9.1454889	4.71360286	-11.122497	-2
9.45194902	4.28842307	-11.038027	-2
-9.4593292	10.0746306	-6.2121542	-1
14.0346389	-0.4778382	-5.689335	-1
14.5726921	0.55451979	-4.1106088	-1
2.42888055	-14.698211	-2.7624411	-1
-13.908882	-5.5960349	-2.1898303	-1
13.7987596	6.10276716	-1.3850698	-1
14.0845458	-5.5776511	-0.2886671	-1
3.11453715	-14.806217	0.80221089	-1
12.0908748	-8.3007688	3.80472575	-1
-13.374231	-5.5603093	4.44756873	-1
-13.374231	-5.5603093	4.44756873	-1
-9.3025573	-8.9429345	7.94067397	-1
9.27746061	8.42458964	8.5160417	-1
-9.621045	7.45612591	9.02272866	-1
7.21320294	-9.4359	9.40752071	-1
-8.7201963	5.80649033	10.9458119	-1
-7.0035151	7.26502913	11.3021273	-1
-7.0035151	7.26502913	11.3021273	-1
-7.0035151	7.26502913	11.3021273	-1
4.28964652	8.16624335	12.0199565	-1
7.82914225	0.22210656	12.9700868	-1
-0.7930932	-7.0892009	13.3672056	-1
-0.7930932	-7.0892009	13.3672056	-1
5.21626647	-4.6169919	13.4551812	-1
4.24499149	5.34306322	-13.788315	-1
-1.7697116	-7.3244329	-13.412931	-1
4.29735326	8.07647751	-12.36888	-1
-6.6538989	-7.8194569	-11.457209	-1
8.35811276	6.37294087	-11.234478	-1
10.6777157	0.32079322	-11.071106	-1
10.7708675	3.88129051	-10.276668	-1
10.268199	5.13072825	-10.243321	-1
-9.2763834	7.19982359	-9.9396765	-1
-9.2763834	7.19982359	-9.9396765	-1
6.81210939	9.93952853	-9.5648761	-1
0.38178502	14.9112875	-3.7674476	-1
9.71276881	11.8385538	-1.4821209	-1
10.0538376	11.616706	-0.8114241	-1
0.54547769	15.3641568	0.57537628	-1
-14.860211	-2.3813286	3.19207182	-1
-0.2468159	14.8194204	4.12429129	-1
12.7220906	6.75496451	5.40414499	-1
-11.404596	-8.2403927	6.22230163	-1
-11.402504	-8.2426686	6.22312022	-1
-11.657933	-2.1940098	9.79616479	-1
-2.0811624	-3.0351976	14.9379468	-1
3.35174146	-0.3333175	15.0113506	-1
-1.3193894	0.55834981	15.317747	-1
3.49641929	7.1383936	-13.452101	-1
2.76608514	7.54677674	-13.399088	-1
2.76608514	7.54677674	-13.399088	-1
-10.825713	-6.4876128	-9.2117009	-1
11.2786346	7.23380712	-8.0377273	-1
14.0308602	2.91522975	-6.22712	-1
10.4795011	10.4978073	-4.9108782	-1
2.79331572	14.5797005	-4.8754841	-1
15.0124627	3.16476228	-2.9581867	-1
-14.942406	-3.7578942	-2.5967978	-1
-14.942406	-3.7578942	-2.5967978	-1
14.7320013	-4.806861	-2.0007124	-1
-12.152921	9.62653228	-1.9434506	-1
-12.15091	9.62925357	-1.9425483	-1
-10.486755	-11.578809	-0.3158644	-1
-10.486755	-11.578809	-0.3158644	-1
-15.619783	-0.3999252	-0.0554499	-1
-10.678625	11.3964676	0.47761856	-1
12.5607435	9.22256498	1.14570678	-1
12.5607435	9.22256498	1.14570678	-1
1.33560286	-15.473354	1.71233977	-1
-9.9064541	11.7903719	2.64384626	-1
-9.9003519	11.7952955	2.64474221	-1
-9.9003519	11.7952955	2.64474221	-1
-11.097757	10.2078898	4.09626734	-1
-11.097757	10.2078898	4.09626734	-1
2.49377659	14.7050693	4.65646219	-1
-5.8853703	-11.556922	8.7143901	-1
-5.0150882	-10.657605	10.2666923	-1
-11.014187	2.51331446	10.7940519	-1
-11.013881	2.5132446	10.7943805	-1
1.37964208	-9.5888712	12.2593132	-1
2.45759491	9.05846859	12.4917973	-1
8.09050599	1.73383883	13.2543631	-1
7.43001338	1.64946203	13.6460544	-1
5.49679796	-4.7203472	13.8435602	-1
-4.0982039	5.11615713	14.1834511	-1
-3.8541835	6.89154128	-13.769679	-1
-3.8582784	6.89062726	-13.76899	-1
-3.8582784	6.89062726	-13.76899	-1
9.48758121	2.24131222	-12.52655	-1
6.10492774	-9.0409964	-11.530064	-1
8.41584916	7.63548801	-11.082641	-1
-9.459724	8.38767065	-9.5975378	-1
-5.7490649	11.8244089	-8.8929037	-1
-5.7729877	11.8560673	-8.8350671	-1
-13.715309	0.91397525	-7.937699	-1
13.6751633	-3.8085279	-7.101912	-1
13.6751633	-3.8085279	-7.101912	-1
7.84051195	-12.616752	-5.5942901	-1
15.7665006	-0.4736766	-1.7734764	-1
15.6762361	2.24967142	-1.0708548	-1
15.6762361	2.24967142	-1.0708548	-1
11.0292584	11.4045223	0.49442952	-1
0.92386342	-15.38035	3.813588	-1
13.7555137	6.58438918	4.40270276	-1
-7.9342216	11.6493231	7.30024163	-1
-10.818013	-8.4900306	7.92730124	-1
-6.8641141	-11.8591	8.01235314	-1
-9.6721712	9.13985816	8.65241157	-1
12.0154174	0.75770053	10.3444557	-1
-5.3304611	-10.108337	11.016344	-1
9.63406311	5.77633996	11.2147605	-1
9.63406311	5.77633996	11.2147605	-1
4.69308849	8.96275774	12.2309453	-1
4.69308849	8.96275774	12.2309453	-1
-9.6013697	-1.7787865	12.514062	-1
-8.4337375	2.54228066	13.2045829	-1
1.93620775	-2.2175626	-15.858063	-1
-1.9876446	7.49423795	-14.143207	-1
-7.0034876	-8.28262	-11.937085	-1
-7.0034876	-8.28262	-11.937085	-1
11.6680576	-2.3288609	-10.889329	-1
3.48216365	-12.244505	-9.9041034	-1
-10.277866	-10.380022	-6.8385129	-1
-9.4262659	11.5423118	-6.1696995	-1
-9.4262659	11.5423118	-6.1696995	-1
-15.027617	3.13715181	-4.9470852	-1
-15.027986	3.13608825	-4.9466385	-1
-15.028252	3.14184671	-4.9421725	-1
3.22101686	15.1753981	-4.4132735	-1
-15.186636	-3.7243412	-3.9547435	-1
-11.865571	-10.349477	-3.4987415	-1
10.1737385	-12.442797	1.34776983	-1
10.1737385	-12.442797	1.34776983	-1
0.87501253	-15.272103	5.11291241	-1
9.8745759	-11.551433	5.40386801	-1
0.63074094	14.6915057	6.62619544	-1
-10.098604	-10.558358	6.832564	-1
11.1396983	4.83501186	10.6148209	-1
-2.7840027	-10.611987	11.8228466	-1
-5.2456201	-0.5883906	-15.520336	-1
-5.2456201	-0.5883906	-15.520336	-1
-7.4563823	3.45257312	-14.185403	-1
-7.4563823	3.45257312	-14.185403	-1
-2.6605177	-11.655373	-11.216839	-1
12.988234	-4.8496434	-8.7481599	-1
-2.7090171	14.3142427	-7.5171301	-1
6.93587656	-12.937614	-7.2976238	-1
-13.311931	-6.825502	-6.7043704	-1
-6.6392224	-14.490181	-3.8339185	-1
12.5692378	-9.8850957	-3.611469	-1
-10.102032	-12.643278	-2.6153469	-1
-10.105075	-12.64143	-2.6125229	-1
-10.135957	-12.634787	-2.5235081	-1
-7.3088214	-14.484708	-2.3490277	-1
-14.936985	-6.3493498	-2.3056017	-1
9.73286135	13.1912873	0.07009895	-1
-13.395465	-9.4407104	0.42197868	-1
-13.896655	-8.1110624	3.13643367	-1
3.16356937	-15.321181	4.89865485	-1
13.7866332	-7.2470994	5.11388871	-1
-12.00323	9.82307199	5.30785206	-1
-5.0168269	14.339179	6.1614087	-1
-5.0168269	14.339179	6.1614087	-1
-13.155226	-7.3672805	6.43480958	-1
0.31617791	-14.113739	8.33342391	-1
0.31617791	-14.113739	8.33342391	-1
-7.9242548	9.28768002	10.9402354	-1
-3.1995267	2.20514583	15.9262024	-1
7.46976987	1.8335995	-14.785782	-1
0.63460876	10.4505935	-12.967701	-1
1.24777528	12.1262164	-11.365598	-1
-6.4104768	-10.488321	-11.255212	-1
-7.3567579	10.5374979	-10.612169	-1
8.65804499	12.4341262	-6.943317	-1
-1.3208526	-15.433454	-6.1516456	-1
-2.8343579	-15.292827	-5.9895539	-1
-2.8343579	-15.292827	-5.9895539	-1
7.79251753	-14.270258	-3.6626911	-1
16.1151064	-2.8089135	-3.1925285	-1
-4.3759101	15.7968647	-3.0148573	-1
-16.614201	-1.2978409	0.25063972	-1
16.5418333	-1.9993407	0.38636266	-1
5.75156073	-15.264692	3.41871424	-1
-13.708029	6.79727141	6.60801941	-1
-13.708029	6.79727141	6.60801941	-1
-14.899295	-1.1584281	7.37888392	-1
-3.9852246	14.2295143	7.70829391	-1
-3.9852246	14.2295143	7.70829391	-1
-1.5811874	-14.644342	7.79884582	-1
-1.5904286	-14.640145	7.80484359	-1
-1.5904286	-14.640145	7.80484359	-1
14.6012506	-0.5992098	8.01394514	-1
-9.1793914	-11.050088	8.45063366	-1
-9.1793914	-11.050088	8.45063366	-1
-5.1809289	13.1694026	8.80361852	-1
-5.1809289	13.1694026	8.80361852	-1
11.4814966	-0.1945638	12.0795807	-1
6.92568218	6.50554428	13.6927612	-1
6.92481128	6.50472621	13.6935903	-1
5.70489842	0.59960901	15.6484342	-1
-0.480267	-5.3071768	15.7918367	-1
-0.480267	-5.3071768	15.7918367	-1
4.66686715	9.4340504	-13.28512	-1
-7.0312661	-9.8347615	-11.879147	-1
-1.6243454	12.1874232	-11.666345	-1
-8.1530781	10.1117416	-10.888314	-1
-14.453299	-5.5432784	-6.9028677	-1
-14.443977	-5.5686402	-6.9019668	-1
14.8032386	-6.6024391	-4.9545236	-1
14.8037188	-6.6013625	-4.9545236	-1
-4.379096	-15.889181	-3.9538354	-1
0.02562067	-16.776668	-2.4120779	-1
0.02562067	-16.776668	-2.4120779	-1
0.02562067	-16.776668	-2.4120779	-1
-10.890695	-12.91595	-1.3588169	-1
3.32873574	-16.318733	3.14544715	-1
12.1457604	10.9185115	4.53232727	-1
4.58970306	-15.565214	4.89224946	-1
3.8526512	15.5970217	5.40049751	-1
3.8526512	15.5970217	5.40049751	-1
-15.214462	-4.3495084	6.07266923	-1
-15.214462	-4.3495084	6.07266923	-1
-14.843181	0.01295311	8.18261578	-1
14.2838271	-1.1649329	9.04934226	-1
14.2766453	-1.162257	9.06101192	-1
-10.290149	-4.5617571	12.6719604	-1
-10.284812	-4.569239	12.6735973	-1
-10.284812	-4.569239	12.6735973	-1
5.09072425	-8.4793702	13.7644538	-1
-8.6698349	-0.3633738	14.5594404	-1
-1.9661966	-6.8288196	15.3875493	-1
6.05755951	0.27772076	15.8273252	-1
6.05755951	0.27772076	15.8273252	-1
3.00687784	-7.2413651	-15.355364	-1
9.35799607	5.08185851	-13.559812	-1
9.35799607	5.08185851	-13.559812	-1
-8.4649303	-8.4427981	-12.422962	-1
-11.818776	3.65852229	-12.008232	-1
-3.9464507	-13.196033	-10.370926	-1
11.1440974	11.1619411	-6.9631916	-1
4.01433763	15.3153568	-6.8257464	-1
5.56614371	-14.966909	-6.5019647	-1
-7.9171582	-14.098599	-5.984479	-1
16.1108347	2.91936354	-5.4022398	-1
-3.198399	-16.615559	-3.3104883	-1
-3.198399	-16.615559	-3.3104883	-1
-8.7154367	-14.676037	-2.433307	-1
16.5963258	-4.5052341	-1.2372183	-1
1.0371845	-17.20419	0.45383398	-1
-6.8493338	-15.665083	2.22658451	-1
-4.9379614	-16.126175	3.58174518	-1
-2.0056892	-16.706534	3.75962652	-1
8.36197709	-14.21709	5.0217094	-1
-6.4742883	-15.012089	5.47600801	-1
-6.4742883	-15.012089	5.47600801	-1
-5.0447834	-15.503226	5.60945701	-1
6.919151	14.7206132	5.71793404	-1
-15.733858	2.13196174	6.72059001	-1
-11.358824	9.96726868	8.30039376	-1
-11.358824	9.96726868	8.30039376	-1
-7.3676853	13.0955681	8.45512766	-1
-3.907908	14.5001204	8.4699844	-1
14.1368481	2.54786602	9.53539602	-1
-2.6216398	13.4090578	10.5161802	-1
12.7552901	1.7000309	11.4751185	-1
7.70714712	-6.1939375	14.1244786	-1
3.67610087	9.09676425	14.1774834	-1
-3.1795427	2.63073597	16.7402393	-1
-2.119378	1.76110419	17.0197715	-1
-1.3936473	0.71790376	-17.473717	-1
-2.3070395	1.83756867	-17.2942	-1
-4.8683732	4.20968653	-16.32072	-1
-4.8683732	4.20968653	-16.32072	-1
4.87090084	6.26258308	-15.647454	-1
4.87090084	6.26258308	-15.647454	-1
8.72022592	1.4631771	-15.152729	-1
8.44257273	-3.8638264	-14.885639	-1
8.55238176	-3.9782019	-14.792535	-1
-8.7901241	-6.3961709	-13.769936	-1
-4.0283861	10.2027123	-13.691793	-1
-7.0624818	-8.8575821	-13.396008	-1
10.4520541	-5.72925	-12.873177	-1
-9.0856997	-8.7918524	-12.163134	-1
-4.4317529	-11.842758	-12.161294	-1
-6.6411444	11.7083644	-11.25157	-1
-5.3273784	-12.570845	-11.017319	-1
4.76060371	13.1301349	-10.617186	-1
8.87025226	-12.138174	-9.0427747	-1
13.9439422	5.96918068	-8.8161095	-1
13.9439422	5.96918068	-8.8161095	-1
13.9439422	5.96918068	-8.8161095	-1
-14.468708	-5.4865166	-8.2669861	-1
8.96297573	13.3761042	-6.9665867	-1
16.2867604	3.02714914	-5.776351	-1
-15.745644	-6.1060156	-4.7518088	-1
-9.2080623	14.3384436	-4.1724157	-1
-9.2080623	14.3384436	-4.1724157	-1
-17.302329	2.72236525	1.00327414	-1
-17.302016	2.72360512	1.0053122	-1
16.0209806	-6.9439661	1.70233435	-1
-12.208396	-12.472245	1.78510642	-1
12.849806	-11.564942	2.98714412	-1
12.849806	-11.564942	2.98714412	-1
-0.7846528	17.2241161	3.24076694	-1
-15.959214	-6.3563208	3.56217743	-1
2.85738571	16.506712	5.21078057	-1
-14.993134	-7.3843094	5.33538405	-1
-14.993134	-7.3843094	5.33538405	-1
-1.7069318	-16.060587	6.85071977	-1
-1.7069318	-16.060587	6.85071977	-1
4.38366664	-15.543309	6.8540083	-1
-14.674049	-2.9121942	9.16405163	-1
5.1266561	-13.769836	9.58631524	-1
-13.869318	-3.4141185	10.1869637	-1
-13.869318	-3.4141185	10.1869637	-1
-6.5945318	-11.983021	10.9867099	-1
-10.077362	5.86320276	13.1094644	-1
-1.6502687	6.25522478	16.3075812	-1
7.16265917	1.34476873	-16.302268	-1
-4.5718277	7.30344692	-15.640782	-1
-8.8940289	2.74253393	-15.239776	-1
-1.1754915	-10.31049	-14.53231	-1
15.847226	0.4484199	-8.2182947	-1
14.2603402	7.0582249	-8.1055647	-1
3.67351297	-16.066242	-6.8743865	-1
-2.5288334	16.6719286	-5.8760377	-1
-16.423361	4.44033309	-5.4251904	-1
-1.5174514	-17.044706	-5.1040547	-1
-17.455986	1.1798276	-3.5738761	-1
-17.455986	1.1798276	-3.5738761	-1
1.45483022	-17.774582	-0.9075941	-1
-12.471781	12.6673991	1.69342953	-1
-12.469869	12.6691428	1.69446377	-1
12.6943371	12.122144	3.28381645	-1
-8.4992795	15.1043305	4.30086838	-1
15.1552028	7.24490186	6.05865058	-1
13.1743225	10.3920138	6.10895228	-1
10.4544779	12.5868911	7.15192864	-1
10.4544779	12.5868911	7.15192864	-1
-9.1188707	-13.134598	7.95012923	-1
-5.5440822	-14.232067	9.25134865	-1
12.1080944	8.16701286	10.2747249	-1
-5.6582612	-13.117324	10.7142856	-1
-7.0176788	-11.116973	12.0847476	-1
4.61732612	-10.481264	13.7003443	-1
4.61732612	-10.481264	13.7003443	-1
3.03492091	5.4968049	16.7167704	-1
3.89148063	-2.2930197	17.2764134	-1
-1.1423378	-2.9174004	17.5800984	-1
-4.1440648	-0.6147139	-17.692561	-1
7.85842535	4.30533375	-15.820465	-1
11.1096717	-6.1814478	-12.997798	-1
-5.5001313	11.6093856	-12.866568	-1
-3.5416248	12.7060765	-12.513607	-1
-5.92957	-12.808295	-11.461485	-1
11.6489065	9.34088194	-10.374428	-1
10.8443311	12.1056721	-8.1505236	-1
6.95095514	14.8134536	-7.9261381	-1
6.95095514	14.8134536	-7.9261381	-1
6.95095514	14.8134536	-7.9261381	-1
12.4008629	-12.17035	-5.3552808	-1
2.92909132	-17.441221	-4.2192532	-1
11.0196059	13.9720327	-3.7320825	-1
17.1443906	-4.81369	-3.6709823	-1
9.08723936	15.7474935	-0.1279897	-1
-5.0426559	17.4326203	1.11947435	-1
-17.89557	-1.836175	2.63721528	-1
17.867688	1.22592943	3.13379542	-1
13.4653051	11.6605857	3.64611446	-1
0.39407757	-17.477538	4.99582093	-1
11.6111709	12.7251437	5.81629444	-1
13.1277634	11.0643967	5.98488139	-1
1.92036652	16.8985423	6.42878784	-1
5.44949961	-15.009725	8.69419108	-1
-2.2448565	-15.675111	8.93472789	-1
-2.2448565	-15.675111	8.93472789	-1
9.19494606	-12.03193	10.0629761	-1
4.34931829	-14.435985	10.1618713	-1
14.6746909	-1.0712046	10.6810028	-1
12.9110075	-2.3240263	12.5889888	-1
-9.7461105	-2.7341556	15.1034954	-1
-9.7461105	-2.7341556	15.1034954	-1
-0.0322844	-2.300069	18.0357005	-1
-1.4398282	-3.3002149	-18.165085	-1
-2.5985519	7.91517848	-16.538813	-1
-8.3975695	2.07494827	-16.374073	-1
3.04570226	-9.9104668	-15.344093	-1
-8.7331172	-6.5510532	-14.958316	-1
9.99030286	5.48654026	-14.59543	-1
2.26803064	-11.493869	-14.341613	-1
-7.2616226	9.42515481	-14.190495	-1
-3.3121428	-13.434011	-12.308205	-1
-13.85964	-3.1149332	-11.880338	-1
7.84313168	12.49293	-11.19584	-1
4.00931646	-14.208054	-11.179957	-1
4.00931646	-14.208054	-11.179957	-1
-4.8015119	-14.543261	-10.410278	-1
-13.84702	7.11640141	-10.027548	-1
10.004605	12.3675257	-9.480877	-1
-9.4359121	13.015264	-9.1924593	-1
14.0067232	8.34278145	-8.7831968	-1
14.0089177	8.34408859	-8.7784539	-1
12.5425149	-10.820043	-8.2793015	-1
12.5425149	-10.820043	-8.2793015	-1
-13.23448	-11.92684	-5.053106	-1
-17.470025	3.95172748	-4.7028634	-1
2.42207682	-17.973126	-3.7463485	-1
-18.111393	3.53827088	-1.5469049	-1
-10.738135	15.0427378	-1.1590223	-1
2.62178598	18.2976055	-1.1219244	-1
-17.917496	-4.6129332	-0.7867771	-1
2.19686708	-18.378009	-0.5978325	-1
4.80549825	-17.882336	-0.2531715	-1
12.9195841	-13.264254	0.28064231	-1
10.6969604	15.0752911	1.11600984	-1
-18.028569	3.94322604	1.53509435	-1
16.9083923	-6.959069	2.93470095	-1
4.13297064	-17.707874	3.50493766	-1
-16.872293	-5.122174	5.65896686	-1
-16.872293	-5.122174	5.65896686	-1
-13.058193	10.0350002	8.46860068	-1
-15.784635	1.23765776	9.6045999	-1
-13.511002	7.94800433	9.85986305	-1
3.7081908	-15.11128	10.041583	-1
3.7081908	-15.11128	10.041583	-1
-11.986893	-9.0903057	10.7988698	-1
-4.8511747	-13.545701	11.6582556	-1
5.81048103	9.38200723	14.8711497	-1
-5.1755206	4.9106703	17.0890066	-1
-5.1755206	4.9106703	17.0890066	-1
-5.5929845	0.41235888	17.6488903	-1
-6.8381975	6.94747483	-16.154544	-1
2.08627708	-11.892544	-14.498707	-1
3.11152238	11.9239866	-14.287569	-1
9.90217025	-8.2477377	-13.781128	-1
-5.4394646	-11.765338	-13.710824	-1
11.9619726	5.54410647	-13.497101	-1
9.30961563	-9.7789069	-13.179594	-1
-14.283419	-4.4522083	-11.496062	-1
5.16707334	-14.550997	-10.842854	-1
-8.537807	14.0744855	-9.2202147	-1
16.8062433	-4.1565308	-7.5014057	-1
-6.8205734	16.084522	-7.124997	-1
-14.602713	11.5739675	-2.966767	-1
14.5845498	-11.743752	-2.3179397	-1
-15.538548	-10.579821	-1.6181999	-1
-15.538548	-10.579821	-1.6181999	-1
16.3329564	-8.0648618	4.91835231	-1
-17.753815	0.62126967	6.35717921	-1
-17.752101	0.61733201	6.36234651	-1
-0.6618965	-17.562598	6.86401386	-1
-8.3952407	-14.83602	8.08765104	-1
-3.849703	16.5977823	8.10500219	-1
8.68591511	14.5731677	8.25683437	-1
2.15479951	16.3031917	9.24988808	-1
-15.557988	-2.1404011	10.4577879	-1
-8.5880245	-11.634336	12.1196414	-1
-8.5880245	-11.634336	12.1196414	-1
-8.5895376	-11.625766	12.1267909	-1
-11.572041	6.72270199	13.3000296	-1
-11.107469	2.30024619	15.0774885	-1
-11.10661	2.3000683	15.0781484	-1
-10.174123	-0.5762442	15.87932	-1
-5.6724076	-5.922887	16.9923763	-1
-2.5328013	6.35926325	17.5824441	-1
-3.1367705	-1.7034228	18.5271874	-1
0.70196884	3.47225405	18.5323593	-1
-2.5236092	3.60911258	-18.719759	-1
3.7026663	-6.3767421	-17.760943	-1
-2.6066122	-7.9048001	-17.336187	-1
-8.3275805	-0.1550512	-17.333523	-1
0.2276891	-9.0209958	-16.982151	-1
-9.4760423	-3.039384	-16.455711	-1
-9.4760423	-3.039384	-16.455711	-1
-6.6495382	-7.488458	-16.417378	-1
8.44284535	-5.7467318	-16.294696	-1
8.44284535	-5.7467318	-16.294696	-1
-11.880055	1.69783423	-15.02682	-1
7.84585179	9.49384159	-14.769335	-1
7.84570889	9.49507473	-14.768618	-1
-4.680362	-11.664821	-14.555062	-1
3.52397847	13.7498944	-12.974808	-1
11.7905179	-8.3301433	-12.704962	-1
14.247423	-7.6380671	-10.416071	-1
8.6792052	15.7196511	-6.8838678	-1
-17.275578	5.36007762	-6.5305158	-1
-18.340398	-2.3725086	-5.2749103	-1
8.91623825	-16.232555	-5.1796248	-1
-4.5437964	18.1847308	-4.3003662	-1
-5.3635274	18.1700272	-3.3024771	-1
-15.182794	-11.461843	-2.8164873	-1
18.9809681	1.33698844	-2.7854944	-1
15.8339023	-10.583207	-2.6658854	-1
-12.128441	14.7741664	-2.1091672	-1
-9.0297641	16.973582	-0.4295842	-1
-2.6912137	-19.038463	-0.3434534	-1
-2.6912137	-19.038463	-0.3434534	-1
19.1587992	-1.6481028	0.21872121	-1
14.9266016	-12.067566	1.18071248	-1
-0.5915943	-19.180247	1.26166192	-1
-14.188728	-12.766249	2.35086277	-1
-3.454233	18.4204856	4.3101804	-1
-18.578673	1.13089585	4.8350436	-1
-18.578673	1.13089585	4.8350436	-1
-12.921023	13.2156457	5.31201831	-1
-12.921023	13.2156457	5.31201831	-1
7.24210707	16.9994321	5.32868282	-1
10.5148795	15.1453744	5.46613312	-1
10.5068964	15.1503332	5.46774196	-1
-0.511839	-18.229128	6.10414438	-1
-10.476722	14.4089503	7.24183097	-1
-13.075015	-11.083516	8.71913474	-1
-5.9304418	-14.918329	10.5875861	-1
-14.916816	-5.3287579	10.9048892	-1
7.8684563	13.6125584	11.0729092	-1
13.7026624	-3.6523995	12.9892529	-1
13.7026624	-3.6523995	12.9892529	-1
-11.535324	5.07666534	14.5254068	-1
-11.535324	5.07666534	14.5254068	-1
-9.3978816	7.24169922	15.1347706	-1
-9.3978816	7.24169922	15.1347706	-1
0.34500652	-11.624479	15.315878	-1
-0.082302	7.20818243	17.8286006	-1
3.96238179	5.8231776	17.8945188	-1
3.96238179	5.8231776	17.8945188	-1
3.96238179	5.8231776	17.8945188	-1
-4.2688541	2.30816077	18.6084107	-1
-4.2688541	2.30816077	18.6084107	-1
3.40275051	-2.4722429	-19.151374	-1
-6.4418679	-5.3307549	-17.735592	-1
-6.4418679	-5.3307549	-17.735592	-1
-1.9085173	9.04027129	-17.294418	-1
10.0356339	0.39649392	-16.840269	-1
5.83455651	-8.4432133	-16.707361	-1
2.76454488	10.5628507	-16.286476	-1
2.76454488	10.5628507	-16.286476	-1
-6.8163719	-10.43306	-15.137839	-1
13.7918953	2.28117265	-13.749389	-1
-15.552136	0.5487544	-11.928779	-1
-15.552136	0.5487544	-11.928779	-1
-14.872667	-5.2508691	-11.648948	-1
-1.0880019	-16.22011	-10.963124	-1
8.60856147	-14.249481	-10.359092	-1
8.60856147	-14.249481	-10.359092	-1
-14.32683	9.84962592	-9.0660148	-1
-14.32683	9.84962592	-9.0660148	-1
17.3576242	1.50842038	-8.99463	-1
7.77726736	15.78231	-8.6543992	-1
-17.66544	3.98107873	-7.519912	-1
-14.576729	11.0944442	-6.9927167	-1
-4.2870874	-18.386315	-5.2943471	-1
-4.2870874	-18.386315	-5.2943471	-1
-4.2870874	-18.386315	-5.2943471	-1
-13.730515	-13.494902	-3.718387	-1
-18.787353	4.27556638	-3.6360298	-1
-17.554361	8.02312022	-3.4553999	-1
0.65963892	19.33298	-3.2041506	-1
18.4609089	5.98792488	-2.7938178	-1
18.4623978	5.98544028	-2.7892996	-1
-17.627895	-8.4553314	-1.4934861	-1
-7.3196663	-18.135793	-1.4075969	-1
-19.442627	-2.3155249	-1.0432793	-1
-19.469795	-1.1425106	2.02177615	-1
-19.469795	-1.1425106	2.02177615	-1
15.080422	-12.022391	3.53677831	-1
-12.155473	14.8621081	3.97844681	-1
-8.7264167	-16.937333	4.63057458	-1
-8.7264167	-16.937333	4.63057458	-1
13.9606787	-12.718095	5.27402475	-1
-18.321227	4.408403	5.41889569	-1
-16.625023	8.01746884	6.61775045	-1
-10.463323	14.8648119	7.34997035	-1
9.13148723	-15.535756	7.72800376	-1
10.129979	14.6500248	8.19915357	-1
-17.158807	-1.2701007	9.40361632	-1
-16.631219	-1.602625	10.2615771	-1
-5.3751167	15.5553295	10.6585958	-1
-12.775218	-10.06364	10.9536644	-1
-2.098951	-16.06043	11.0509196	-1
-15.477411	-4.5295773	11.1534077	-1
-9.4898543	12.9129657	11.2988407	-1
-9.4898543	12.9129657	11.2988407	-1
-4.9080024	-14.847672	11.8289463	-1
12.1456412	-8.3085123	12.9583118	-1
8.9637735	-11.568182	13.0496647	-1
4.69100338	9.14078207	16.7004913	-1
-9.3151912	1.24566992	17.2087577	-1
-9.3151912	1.24566992	17.2087577	-1
3.33792123	3.43395832	19.0139957	-1
-1.6952535	-4.4047933	19.031283	-1
-1.6939392	-4.4023333	19.0319692	-1
-3.5332173	-0.5553932	19.2788416	-1
1.98314154	-1.4359947	19.4543283	-1
-5.7491016	5.66608645	-18.298724	-1
-11.820664	-3.2818636	-15.795609	-1
-9.5550695	-9.1230494	-15.015679	-1
12.0481197	7.09098526	-14.302473	-1
12.0481197	7.09098526	-14.302473	-1
-3.8998886	13.9639102	-13.776795	-1
-3.8998886	13.9639102	-13.776795	-1
15.8344169	-4.1885615	-11.477247	-1
-15.148664	-7.2932732	-10.83172	-1
-14.946763	-10.097542	-8.6390926	-1
-14.946763	-10.097542	-8.6390926	-1
1.95688413	-17.952625	-8.5949912	-1
12.0277711	-14.19312	-7.3408498	-1
13.3752541	-13.19363	-6.8578942	-1
13.3752541	-13.19363	-6.8578942	-1
18.7174569	-4.521026	-5.4052872	-1
-10.324124	16.4660431	-4.7203691	-1
-10.324124	16.4660431	-4.7203691	-1
18.2792658	6.70283056	-4.5760797	-1
18.2792658	6.70283056	-4.5760797	-1
18.4216122	6.32359571	-4.5449247	-1
17.2535274	9.43787807	-3.6389903	-1
-8.6362939	18.0219723	0.7892656	-1
11.0717964	16.6302625	0.92178894	-1
9.07729415	17.7927955	1.00953461	-1
15.260235	12.8844891	1.0560147	-1
15.260235	12.8844891	1.0560147	-1
-1.2696009	19.8798037	1.78368059	-1
-1.2623361	19.8796935	1.7900546	-1
-12.308512	15.5852795	2.36634625	-1
-12.308427	15.5851714	2.36750167	-1
14.2139085	-13.86472	2.3946506	-1
7.1528285	-18.174015	4.30606984	-1
7.1528285	-18.174015	4.30606984	-1
-19.413792	-1.8137794	4.45139096	-1
-5.4069223	-18.691901	4.62363846	-1
7.10536548	17.8210346	5.65017768	-1
7.10536548	17.8210346	5.65017768	-1
18.4308463	4.73223697	6.15709649	-1
18.8090724	-0.9555691	6.73094959	-1
-14.797696	11.4851656	7.00850696	-1
-14.702834	-10.831615	8.15492418	-1
-14.021081	10.9511855	9.13678377	-1
-14.021081	10.9511855	9.13678377	-1
15.4575208	8.06525856	9.7988088	-1
-15.782255	-6.5116903	10.417213	-1
-15.782255	-6.5116903	10.417213	-1
-15.716406	-5.5166415	11.0707382	-1
15.9315312	4.63984716	11.1650406	-1
14.3175272	-7.5314859	11.75947	-1
11.7797686	-10.532329	12.2599797	-1
11.7757796	-10.528762	12.2668735	-1
11.7757796	-10.528762	12.2668735	-1
14.4029691	-3.6099822	13.3986011	-1
14.4029691	-3.6099822	13.3986011	-1
-10.016041	9.32514087	14.5849468	-1
-13.634412	-0.9145601	14.6036431	-1
-11.500245	-5.2652231	15.492637	-1
-11.500245	-5.2652231	15.492637	-1
-1.4996067	12.0969363	15.8560813	-1
-1.4996067	12.0969363	15.8560813	-1
-10.373424	-3.3488587	16.7683398	-1
-5.2070309	-8.7449941	17.2166172	-1
2.50866838	4.12671063	19.4081643	-1
2.01384102	-4.2861006	19.431258	-1
-1.0625558	-1.8101776	-20.299972	-1
-1.0625558	-1.8101776	-20.299972	-1
-6.0673211	-4.8060264	-18.883441	-1
4.84311773	7.15101444	-18.490588	-1
-11.213483	4.67825025	-16.397146	-1
12.2601727	1.72760111	-16.223384	-1
13.2919824	0.21654209	-15.484539	-1
13.2919824	0.21654209	-15.484539	-1
-5.7639454	-12.223617	-15.29231	-1
13.6926092	-1.9965186	-15.0007	-1
4.00440772	-13.266725	-14.981767	-1
-14.187813	-0.4541323	-14.662686	-1
-14.19155	-0.4573513	-14.658969	-1
9.65623218	-11.001136	-14.220648	-1
-9.6515579	11.4649773	-13.852666	-1
-9.6515579	11.4649773	-13.852666	-1
-9.8078964	11.421199	-13.778825	-1
15.0793112	-3.0679206	-13.405106	-1
15.4330805	-5.2075528	-12.29618	-1
-2.9648368	-17.009658	-10.880068	-1
0.11699135	17.4861204	-10.522192	-1
0.11699135	17.4861204	-10.522192	-1
0.11699135	17.4861204	-10.522192	-1
-14.940735	-9.206586	-10.416709	-1
-17.516823	4.22832743	-9.580021	-1
-18.463012	-5.0408077	-7.0853422	-1
-18.463012	-5.0408077	-7.0853422	-1
14.5457974	-12.487454	-6.9984216	-1
19.8473586	1.7626009	-4.4125073	-1
-19.933858	3.02954222	-3.1556002	-1
11.529084	-16.67601	-2.3421221	-1
-4.3840738	-19.850412	-1.7987986	-1
-8.7789674	-18.364228	-1.4763059	-1
-12.215652	16.3389054	-0.5591494	-1
13.7693447	15.0551527	-0.4920879	-1
13.7693447	15.0551527	-0.4920879	-1
-5.0460961	-19.772591	0.27603902	-1
-11.497726	-16.698059	2.33917328	-1
13.1027806	15.3278372	3.14152405	-1
13.096032	15.3334834	3.14211045	-1
7.12698192	18.8072187	3.46255422	-1
7.12809953	18.8060407	3.46664942	-1
9.85593468	-17.022345	5.44012342	-1
12.2511356	-14.79812	6.88621392	-1
12.2487066	-14.795186	6.89683077	-1
3.60796237	-18.772641	7.14599017	-1
18.1838427	4.22454342	8.24595203	-1
-0.0626104	18.3181306	8.99648816	-1
0.0385776	-18.292476	9.04867134	-1
17.6361069	-0.9306994	10.2272264	-1
6.47786892	-16.148128	10.6662921	-1
15.6878444	-7.2156023	10.8775572	-1
15.6878444	-7.2156023	10.8775572	-1
7.48628347	-15.25893	11.296692	-1
7.48821321	-15.257251	11.2976808	-1
2.75364974	-14.475167	14.1202538	-1
-14.255616	1.49203699	14.5274179	-1
-14.255724	1.49100018	14.5274179	-1
8.08460794	11.6829164	14.6507067	-1
5.8584915	12.2710982	15.2181751	-1
3.13836315	12.3010761	15.9790122	-1
3.13836315	12.3010761	15.9790122	-1
3.13836315	12.3010761	15.9790122	-1
-10.972054	5.66815262	16.247483	-1
-2.6038042	-11.54616	16.6253124	-1
-2.6051643	-11.544366	16.6263451	-1
-2.5083087	-7.1559313	18.9471808	-1
-4.1646918	3.97465417	19.5793793	-1
-1.6759298	-0.5833472	20.3309024	-1
7.03368992	2.3562839	-19.467961	-1
7.03439844	2.35595232	-19.467746	-1
6.13127526	4.32714247	-19.434755	-1
8.35563435	2.74921291	-18.885222	-1
2.79588358	9.62872131	-18.261904	-1
-7.9048771	9.14846886	-16.96599	-1
-7.9048771	9.14846886	-16.96599	-1
-7.9048771	9.14846886	-16.96599	-1
-7.9048771	9.14846886	-16.96599	-1
11.3775898	-6.2473427	-16.29563	-1
11.3775898	-6.2473427	-16.29563	-1
11.3775898	-6.2473427	-16.29563	-1
12.5234426	3.62556109	-16.249464	-1
6.61076756	-11.585994	-16.002778	-1
-14.951558	-2.5042682	-14.290064	-1
12.3101636	11.4794133	-12.276373	-3
12.3101636	11.4794133	-12.276373	-3
-14.932544	7.99278364	-12.130991	-3
8.46297794	-15.093706	-11.601053	-3
-17.552397	4.25177696	-10.385669	-3
18.4276703	1.76491555	-9.5568002	-3
14.4377726	11.7891533	-9.3055348	-3
-11.127594	-15.502333	-8.3594682	-3
16.6969652	10.6832879	-6.411326	-3
-14.902824	-13.408754	-5.6689975	-3
5.76076757	-19.298478	-5.329981	-3
-20.143869	-2.4287583	-4.7277965	-3
-20.143869	-2.4287583	-4.7277965	-3
-7.7690435	-18.79865	-4.5032354	-3
19.7554475	-5.9269183	-2.9360385	-3
19.7561016	-5.9271146	-2.9312368	-3
-15.783428	13.4485914	-2.0112594	-3
4.82627957	20.1999472	-1.6418119	-3
-20.826185	0.12873628	-0.5289944	-3
7.97788904	-19.244492	0.17089468	-3
17.5247052	-11.263263	0.22361556	-3
16.0663801	13.2578438	0.35692613	-3
-15.773674	13.603464	0.40418733	-3
17.3009707	11.3718192	2.32045907	-3
17.3009707	11.3718192	2.32045907	-3
19.279538	-6.6196637	4.30184341	-3
19.279538	-6.6196637	4.30184341	-3
18.305789	8.92503422	4.38956063	-3
19.3592106	5.44314791	5.44237949	-3
19.3592106	5.44314791	5.44237949	-3
-13.592282	14.5038733	6.23810194	-3
-14.381476	-13.637576	6.41997407	-3
19.2649912	-3.9034607	6.90286163	-3
17.5537933	-7.9627538	7.90476323	-3
17.5537933	-7.9627538	7.90476323	-3
10.6488121	15.8023819	8.42103996	-3
10.7755528	15.5739709	8.68131793	-3
-16.460246	-7.2355388	10.5230074	-3
-16.460246	-7.2355388	10.5230074	-3
-16.070609	-4.9362902	12.3042651	-3
10.3093643	-12.642407	12.958123	-3
-9.5207756	11.3497704	14.648001	-3
10.3309613	-10.25163	14.9064317	-3
10.3309613	-10.25163	14.9064317	-3
14.2019069	-2.7648586	14.9895893	-3
-13.245203	3.83138045	15.6176667	-3
-12.951333	-3.6821572	15.8975181	-3
-13.007904	0.8877404	16.2490846	-3
-5.1871672	-10.633306	17.1479587	-3
10.1496463	-5.1594224	17.4468172	-3
-10.350099	4.36673217	17.545184	-3
-3.6111557	8.72348355	18.5711275	-3
-6.9206459	-5.7015598	18.8048734	-3
-0.1129654	-0.4602017	20.8279102	-3
-3.3738763	-6.0772501	-20.109145	-3
0.46868875	7.19893711	-20.016227	-3
6.25088651	-3.6119821	-20.014338	-3
6.25088651	-3.6119821	-20.014338	-3
8.76421729	4.91824936	-18.75348	-3
7.61268784	-6.6888907	-18.708272	-3
6.54605496	-8.0897173	-18.558	-3
-11.521058	1.60380304	-17.815351	-3
9.14085091	-7.448457	-17.710422	-3
-0.2891477	-13.207412	-16.678561	-3
-6.2757478	12.0942261	-16.341309	-3
13.3562168	4.58696668	-15.914299	-3
-3.0728928	14.3033115	-15.448829	-3
-11.828507	-8.7566292	-15.365597	-3
7.46155044	-12.826663	-15.247809	-3
-10.246409	11.8950412	-14.360112	-3
7.71488252	14.1134427	-13.927851	-3
0.13334997	16.9783067	-12.822364	-3
-3.4153221	17.7703113	-11.191305	-3
-14.573979	-12.570676	-9.0703334	-3
-14.575092	-12.569788	-9.0697752	-3
2.31883027	19.3743892	-8.4823215	-3
19.3542664	3.61039947	-8.0666658	-3
10.8273825	-17.531026	-5.3032639	-3
17.454791	-11.059349	-5.0709732	-3
19.3937261	-7.3556906	-4.7403492	-3
19.3937261	-7.3556906	-4.7403492	-3
19.3995291	-7.3465978	-4.7306954	-3
-10.298599	-18.144171	-4.1739226	-3
-10.298599	-18.144171	-4.1739226	-3
8.34335077	-19.180764	-3.8962153	-3
8.34335077	-19.180764	-3.8962153	-3
20.5583775	-4.2511989	-3.4603655	-3
20.5582514	-4.2542912	-3.4573131	-3
20.5582514	-4.2542912	-3.4573131	-3
-19.53066	-7.8413779	-3.124069	-3
18.5380082	-9.995605	-3.0205696	-3
18.5380082	-9.995605	-3.0205696	-3
18.5636621	-9.9885377	-2.8832744	-3
12.3477837	17.2816958	-1.2525713	-3
-20.081154	-6.953723	-1.0424486	-3
-14.356206	-15.699108	-0.3620464	-3
-20.277343	6.44371484	0.04022913	-3
-18.59619	10.2691773	1.19139951	-3
-19.303006	-8.4416355	2.97093626	-3
9.55557462	-18.626443	3.80004054	-3
9.55557462	-18.626443	3.80004054	-3
-20.602386	3.51083692	3.9886612	-3
-20.602386	3.51083692	3.9886612	-3
0.61264692	20.6422247	5.12024733	-3
-13.805215	14.3290465	7.5357935	-3
-1.6247988	-19.710153	7.84624772	-3
13.8690725	13.0049591	9.55057983	-3
13.8660324	13.0077943	9.55113291	-3
13.8660324	13.0077943	9.55113291	-3
-12.942919	-13.199581	10.5330731	-3
8.90604991	-16.197254	10.5368371	-3
13.6878562	12.0780871	10.929598	-3
17.1053609	3.02255002	12.2867622	-3
17.3175449	-0.9871518	12.321602	-3
17.1303455	0.4560536	12.6109867	-3
-8.7221219	11.9902955	15.2594597	-3
12.9491298	-4.4471595	16.2860836	-3
9.810914	6.54719036	17.70802	-3
0.54561936	-9.1838194	19.1847197	-3
-7.6910877	-4.063632	19.417203	-3
-5.3855214	-6.0899013	19.6622219	-3
7.12263472	-3.5073447	19.7398155	-3
-0.6610649	-6.5746342	20.224512	-3
-0.4879079	-6.4952852	20.2550469	-3
-0.486743	-6.4924183	20.255994	-3
-0.6281154	3.78048645	20.9286192	-3
-1.0608194	-5.4153795	-21.027049	-3
4.47840254	-4.3178252	-20.829997	-3
4.47840254	-4.3178252	-20.829997	-3
0.2695727	9.83013644	-19.387734	-3
-12.207911	0.40053445	-17.983185	-3
-12.207911	0.40053445	-17.983185	-3
4.51217696	13.1758639	-16.692074	-3
-12.06908	7.17797181	-16.595255	-3
14.6619789	-1.7440096	-15.955353	-3
-4.5556124	14.203265	-15.814618	-3
15.0464799	1.24145231	-15.641314	-3
11.8552189	-10.379983	-14.976589	-3
14.4672212	-7.4032511	-14.438831	-3
-5.2319091	15.5650228	-14.2459	-3
-15.415015	8.22508988	-12.934979	-3
-17.943191	0.06132887	-12.273003	-3
-17.943191	0.06132887	-12.273003	-3
-15.819308	-8.7432375	-12.078648	-3
2.01076221	18.9586938	-10.445728	-3
-16.336885	-10.397725	-9.8783585	-3
-19.432387	-6.4329191	-7.3204073	-3
12.3006311	-16.620821	-6.710534	-3
12.3006311	-16.620821	-6.710534	-3
-18.948507	8.99572378	-5.7113498	-3
1.40335254	20.9670766	-5.5678336	-3
-19.804148	-7.3192285	-5.1781337	-3
17.3622736	-12.223171	-4.6619756	-3
19.8948255	-8.3749343	-2.5777627	-3
-17.89373	-12.107376	-2.4112942	-3
-21.055559	-4.8965541	-2.29688	-3
15.2144781	15.3679364	-2.2214084	-3
21.6263632	-1.9285162	-1.0815301	-3
-21.69247	-0.9423722	-1.0663704	-3
20.5476005	7.08513629	-0.4306125	-3
20.5476595	7.08515664	-0.4274501	-3
16.3734677	-14.30027	-0.0177065	-3
6.75242186	-20.648891	0.78522632	-3
6.75241476	-20.648869	0.78585808	-3
-12.337476	-17.870285	1.01394516	-3
-12.337476	-17.870285	1.01394516	-3
-21.553085	1.95674337	2.05527317	-3
-7.7308064	-20.209694	2.09555977	-3
-11.133435	18.4530711	2.84943362	-3
-11.133435	18.4530711	2.84943362	-3
-7.9016602	19.4838265	5.52564375	-3
20.4008474	4.18305452	6.23666163	-3
-20.094553	5.41879141	6.27965876	-3
-20.094553	5.41879141	6.27965876	-3
19.5577497	-6.6611753	6.76103842	-3
-19.253547	-5.5163202	8.45337884	-3
-16.11609	11.8799975	8.46910639	-3
11.2384633	16.2581749	9.05301947	-3
11.5034629	15.930402	9.29952164	-3
-6.071841	18.350598	9.9487068	-3
-16.596526	9.81515799	10.0402429	-3
15.7374681	-10.826176	10.378559	-3
15.7374681	-10.826176	10.378559	-3
-18.861553	-2.410644	10.5365593	-3
-18.999222	0.63303537	10.5459611	-3
9.54733167	-16.278457	10.791143	-3
-10.383234	15.5273833	11.121029	-3
16.4685081	-8.5836209	11.3003612	-3
11.8650536	-13.627152	12.0875851	-3
11.8650536	-13.627152	12.0875851	-3
-8.6034559	-15.649628	12.3958923	-3
15.1008919	9.35534967	12.5311198	-3
-0.2164959	17.7195547	12.5920204	-3
8.23224721	15.0468965	13.3570011	-3
-10.295006	-13.668138	13.40833	-3
-15.164579	-7.169613	13.8282559	-3
13.5959046	-8.6726705	14.5782246	-3
13.5959046	-8.6726705	14.5782246	-3
8.81081586	-13.288582	14.7774008	-3
8.34822813	-13.286742	15.0452004	-3
8.34822813	-13.286742	15.0452004	-3
12.9935864	8.68203679	15.1121613	-3
0.94193009	-15.290924	15.4236468	-3
-12.611954	-8.4655656	15.5518897	-3
-14.533597	1.62057291	16.0852967	-3
-14.533597	1.62057291	16.0852967	-3
-14.236962	-0.7886999	16.4096108	-3
13.8901005	-3.0634686	16.4398521	-3
6.53506769	-11.973728	16.9266416	-3
-5.7870272	-12.110082	17.1010142	-3
-9.3064755	-8.810958	17.5597552	-3
-5.6066159	-9.8045776	18.5748374	-3
5.63016417	8.90030591	19.0177358	-3
-5.1409424	-8.8939143	19.1587439	-3
-6.0773738	8.23938533	19.1772398	-3
-3.8863384	6.3929512	20.4111493	-3
1.54994236	-4.840806	21.1365263	-3
-1.4053922	-3.8974009	21.3406562	-3
-1.6921412	-3.0516568	21.4572253	-3
1.57001501	10.8448655	-19.332618	-3
11.6720697	2.11679057	-18.791172	-3
11.6720697	2.11679057	-18.791172	-3
11.8770065	-4.741449	-18.17365	-3
2.4635956	12.9146206	-17.91562	-3
9.83417321	8.89755563	-17.831116	-3
-11.343946	7.4350581	-17.602868	-3
-11.343946	7.4350581	-17.602868	-3
9.35522685	-11.754112	-16.375187	-3
15.2668342	-2.4920605	-15.954297	-3
-7.9984135	-13.426342	-15.798256	-3
-11.519473	10.6453843	-15.741783	-3
-11.520247	10.6445466	-15.741783	-3
15.9172245	1.02583372	-15.473067	-3
-1.8324249	-16.272338	-15.02263	-3
9.3861583	-13.521691	-14.929504	-3
-13.982967	-9.6447021	-14.327684	-3
1.49542809	-19.215588	-11.06124	-3
15.9548377	-11.565298	-10.271962	-3
13.6794344	-14.43823	-9.9114467	-3
-17.077057	-10.211976	-9.8952435	-3
-14.931634	-13.291918	-9.7055337	-3
-14.931634	-13.291918	-9.7055337	-3
-3.2322255	-20.020935	-9.0852104	-3
19.2389278	-7.7762865	-7.9510501	-3
8.64672674	-19.709475	-5.5314446	-3
-6.9499548	20.4202258	-5.3421605	-3
-20.228716	7.96320554	-4.6057121	-3
22.0684577	-0.9570979	-2.427614	-3
-0.2096475	-22.175181	-1.4295352	-3
-7.7264932	-20.80833	-1.0681161	-3
18.7101689	11.9464898	-1.0183977	-3
18.7101689	11.9464898	-1.0183977	-3
-17.874602	-13.1803	-0.7774827	-3
-17.874602	-13.1803	-0.7774827	-3
-16.478266	14.8002509	1.80152591	-3
0.30441456	-22.146754	1.80410316	-3
18.5046594	-12.124491	2.09772921	-3
18.4812117	-12.155284	2.12604289	-3
12.3160002	17.9338575	4.52979776	-3
21.3602033	1.28617803	5.9927985	-3
-18.543996	-10.659682	6.02640447	-3
-18.543996	-10.659682	6.02640447	-3
20.3774379	6.03768409	6.4909604	-3
20.7769562	-1.971623	7.63262502	-3
20.7769562	-1.971623	7.63262502	-3
11.2696791	16.8875269	9.03503975	-3
6.6965965	18.5201816	10.2948842	-3
-17.067596	-7.2271932	12.259324	-3
17.3565992	5.21686152	12.8591987	-3
-15.843562	8.73860142	12.9013394	-3
-16.673638	2.27412287	14.5135914	-3
12.2210317	-5.0080578	17.8715392	-3
12.2210317	-5.0080578	17.8715392	-3
12.2205508	-5.0078608	17.8719233	-3
5.09671001	-10.653556	18.8242257	-3
7.87140225	8.7638421	18.8430961	-3
7.87076492	8.76441448	18.8430961	-3
11.7223754	0.18585519	18.8779645	-3
11.7223754	0.18585519	18.8779645	-3
-7.7975804	7.1191294	19.5535651	-3
9.57227263	-2.3858962	19.9124401	-3
7.15756619	4.62969889	20.522215	-3
-3.2253785	6.74824919	20.9256837	-3
4.97158412	-3.9292566	21.2995415	-3
-3.5865424	3.23122697	21.6915204	-3
-3.5865424	3.23122697	21.6915204	-3
-2.5448376	1.11754708	22.0476997	-3
-5.9271255	5.30566979	-21.28965	-3
-8.6120204	-0.5588011	-21.025009	-3
8.73610989	-3.3980188	-20.704203	-3
3.99614937	9.04978687	-20.461239	-3
8.69716183	-8.7351934	-19.094134	-3
13.3845671	-4.5076555	-17.806307	-3
10.7907307	-9.2664849	-17.726324	-3
13.8073797	-6.2935983	-16.919724	-3
11.9246716	9.49381018	-16.858231	-3
1.10688797	-15.829236	-16.270841	-3
11.7746481	-12.025624	-15.273251	-3
16.1102617	-5.286401	-15.134186	-3
-0.735593	16.9896066	-15.077876	-3
16.831103	4.69668971	-14.532214	-3
17.7511134	3.54165307	-13.743538	-3
1.13112302	-18.168433	-13.607306	-3
1.13112302	-18.168433	-13.607306	-3
17.0706476	-7.0156895	-13.262852	-3
13.4352648	-13.606354	-12.283768	-3
-0.3715263	-19.647097	-11.418569	-3
5.52878456	-19.339538	-10.580406	-3
7.48006643	-18.800557	-10.349775	-3
7.48006643	-18.800557	-10.349775	-3
19.706643	5.46359246	-9.9160246	-3
-2.2419951	20.3348519	-9.8993648	-3
-2.2419951	20.3348519	-9.8993648	-3
3.03705098	-20.250858	-9.8594752	-3
-14.889512	14.0762097	-9.8332562	-3
-14.889512	14.0762097	-9.8332562	-3
-9.9422465	17.9455197	-9.779582	-3
-8.7246977	-18.735069	-9.4555282	-3
5.61050256	-20.339911	-8.4463269	-3
15.3306453	-14.586426	-8.2908177	-3
-20.339552	6.34967185	-7.9066072	-3
-21.539061	-0.3085948	-7.245951	-3
-14.17268	-16.251219	-7.1807513	-3
-19.307684	-9.7477267	-6.9803524	-3
-7.5242184	-20.308827	-6.8896928	-3
21.7080894	-0.1073495	-6.7288555	-3
-14.919745	-15.925007	-6.3502375	-3
-14.926044	-15.931731	-6.3184905	-3
9.31223082	-19.811932	-6.1073631	-3
15.3808458	-16.19859	-4.1911138	-3
7.84257518	21.0131802	-3.6702096	-3
7.84257518	21.0131802	-3.6702096	-3
4.90247589	21.8950171	-3.6199617	-3
-18.989179	-12.200589	-2.6621165	-3
5.3433686	21.9958324	-2.0400824	-3
17.7465043	14.1351809	-1.3373151	-3
-22.274874	4.46106704	-0.6775368	-3
16.0051436	-16.13369	-0.2637762	-3
-22.517194	2.78471211	1.32345498	-3
-19.112723	12.221138	1.37031117	-3
-1.4545839	-22.595479	1.96434928	-3
-21.682768	-6.4553302	2.1717344	-3
18.3361843	13.2467835	2.19937233	-3
-22.602405	-0.7465081	2.25924318	-3
-22.602405	-0.7465081	2.25924318	-3
19.9441656	-10.639875	2.35658174	-3
-17.676223	-13.538952	4.55830058	-3
1.99297208	21.8287256	6.00541136	-3
-20.809903	-6.1724053	6.73643236	-3
20.2124964	7.57390105	7.11485624	-3
20.2093919	-7.4740101	7.22840345	-3
19.757848	-8.5551024	7.27790014	-3
-16.375955	-13.77356	7.65815294	-3
-16.375955	-13.77356	7.65815294	-3
-16.380234	-13.762927	7.66811126	-3
-20.131018	-6.8449905	8.02610716	-3
-13.650262	-16.214993	8.20210553	-3
17.8857441	10.7840493	8.96295744	-3
11.3245201	17.4493419	9.15455497	-3
11.7536135	16.9875679	9.47656437	-3
6.4806697	-19.586179	9.53481368	-3
19.5252088	6.52357159	9.63012989	-3
12.226423	-16.215195	10.2035383	-3
12.226423	-16.215195	10.2035383	-3
-10.306822	-17.244203	10.6271851	-3
18.4705444	-5.8680733	11.8715993	-3
-10.181063	16.2116656	12.2498175	-3
-17.267831	-5.9191155	13.5394333	-3
9.13742829	-15.307923	14.0962781	-3
2.64985949	-16.512865	15.389402	-3
15.6415887	-1.7061261	16.4000001	-3
-9.4030937	-12.245129	16.6783936	-3
-9.3864845	-12.251142	16.6833329	-3
-5.387735	13.6513537	17.3534729	-3
-11.759222	-7.8128085	17.810415	-3
-11.755497	-7.812798	17.8128788	-3
10.9604408	-7.7616216	18.3345611	-3
-3.1742841	-12.798744	18.5107063	-3
-3.1742841	-12.798744	18.5107063	-3
-3.1742841	-12.798744	18.5107063	-3
-5.1492247	-8.547206	20.419621	-3
-8.6167489	0.8467776	21.0134426	-3
-0.9307344	6.94087363	21.6214748	-3
4.12218145	-4.4179212	21.9093532	-3
3.64089424	-4.4147952	21.9950821	-3
-5.1272137	1.60022207	22.0835037	-3
0.31534417	3.82199074	-22.937419	-3
5.37646219	8.23176492	-21.075197	-3
-5.4220578	10.5823428	-19.986184	-3
-12.767186	7.56052153	-17.907253	-3
8.44318957	-12.277264	-17.855351	-3
-6.5433546	-13.428255	-17.824105	-3
-1.5473522	-15.059096	-17.653939	-3
14.6045676	-4.5569733	-17.514932	-3
-15.096979	6.77693528	-16.339724	-3
-16.330431	-3.783939	-16.119277	-3
16.3913385	5.34036894	-15.608867	-3
5.98919747	16.2235296	-15.548596	-3
5.98919747	16.2235296	-15.548596	-3
14.7036608	-9.8324072	-15.09829	-3
-3.7680428	-17.79724	-14.487661	-3
-3.7680428	-17.79724	-14.487661	-3
18.5649294	-5.8757718	-12.714202	-3
18.5649294	-5.8757718	-12.714202	-3
19.4039934	-1.9353507	-12.671689	-3
-19.890268	-2.3233728	-11.824187	-3
-12.218295	-16.509567	-10.907782	-3
-12.218295	-16.509567	-10.907782	-3
10.0085574	17.9756757	-10.841406	-3
-1.5800025	22.5244696	-5.5663359	-3
22.5398514	1.51849955	-5.5210047	-3
22.5920869	-1.3982829	-5.336164	-3
19.0349268	-12.467973	-4.8014011	-3
-22.772433	-0.6841577	-4.6669513	-3
-22.772469	-0.687474	-4.6662884	-3
20.3918311	10.2708914	-4.4174936	-3
20.3840066	10.2892613	-4.4108514	-3
1.61277878	-23.039731	-2.7206608	-3
-19.328948	-12.718891	-2.3353371	-3
16.8267127	-15.942392	-1.8799245	-3
16.8267127	-15.942392	-1.8799245	-3
22.9757825	-3.1336743	-1.7679752	-3
19.9136882	-11.88272	-1.7544838	-3
22.9687939	-3.58655	-0.6351392	-3
17.9898328	14.7376204	-0.0263837	-3
17.9898328	14.7376204	-0.0263837	-3
22.8487245	4.28806244	0.61688075	-3
-20.662986	10.5813702	1.38124301	-3
20.1250445	11.5568394	1.5014255	-3
20.1249688	11.5567959	1.5027757	-3
8.75119411	21.4396895	2.14208949	-3
20.4160238	-10.61659	3.36247407	-3
17.4051024	14.896035	4.00034793	-3
21.5164182	-6.8943608	5.50851787	-3
-15.860389	-15.743176	6.43682401	-3
-16.838482	-14.496167	6.86723318	-3
20.5997539	5.99777983	8.97268138	-3
20.5997539	5.99777983	8.97268138	-3
-20.478255	-3.5817009	10.4232775	-3
-20.478255	-3.5817009	10.4232775	-3
-11.954099	16.433292	11.3083451	-3
16.732891	-10.400119	12.3563798	-3
8.47603195	-17.446011	12.8306587	-3
8.47603195	-17.446011	12.8306587	-3
-8.6945935	-17.21237	12.9988695	-3
-8.6945935	-17.21237	12.9988695	-3
-9.5657216	-15.604744	14.3464686	-3
-17.462869	-0.6339763	15.345309	-3
16.0027463	-5.9593175	15.7870478	-3
15.5196385	2.1615809	17.1843133	-3
5.49315541	-14.116508	17.6460104	-3
-4.5258653	-10.08227	20.4620771	-3
-4.5258653	-10.08227	20.4620771	-3
-0.3435477	7.639058	21.9626729	-3
0.83969734	5.8091399	-23.074685	-3
-6.158932	0.53838537	-22.992825	-3
1.16449208	10.8071623	-21.183519	-3
-0.8303349	12.1667528	-20.449278	-3
-0.8303349	12.1667528	-20.449278	-3
-10.379403	7.32412402	-20.137465	-3
-10.379403	7.32412402	-20.137465	-3
-3.7638249	-12.802128	-19.718809	-3
-9.98956	-10.764167	-18.74123	-3
-9.9851497	-10.771976	-18.739093	-3
-16.566661	6.81278652	-15.685151	-3
-9.8223842	15.2462261	-15.426135	-3
-10.749433	15.834644	-14.163546	-3
-9.5331453	17.0662969	-13.592385	-3
19.6468795	-3.807106	-12.899549	-3
-9.8266217	-17.45428	-12.871593	-3
-9.8266217	-17.45428	-12.871593	-3
-9.8266217	-17.45428	-12.871593	-3
16.73068	11.6263213	-12.320929	-3
-19.535429	5.98811831	-12.223	-3
-6.7124304	-19.379784	-12.093781	-3
15.82756	13.1014531	-12.030485	-3
20.898253	3.87011846	-10.732078	-3
21.4399936	3.59103013	-9.7120269	-3
-8.9562887	-20.175354	-8.9236916	-3
20.4112159	-8.7658342	-8.5694054	-3
-22.775416	0.6494357	-6.9102067	-3
-20.240026	11.1251316	-5.7849011	-3
11.7649122	-19.929749	-5.5932314	-3
-11.533591	-20.30623	-4.6395679	-3
-11.533591	-20.30623	-4.6395679	-3
-11.533658	-20.306348	-4.6388884	-3
22.6528937	6.01159576	-4.1951657	-3
-18.562584	-14.359737	-4.0150617	-3
20.9433107	-10.699942	-3.7123119	-3
-19.564079	-13.250028	-2.9284557	-3
-12.732279	19.9057199	-2.9229572	-3
-14.83538	18.4185539	-2.7496672	-3
8.8788906	-21.92093	-2.7441638	-3
-18.628779	14.6725699	-2.1392922	-3
-23.193075	-5.2072933	-1.362965	-3
21.5287561	-10.145966	-0.6814158	-3
6.79859641	22.7872783	1.18799152	-3
22.8968419	-6.1334055	2.2379137	-3
-8.3596515	-22.171926	2.3268464	-3
-23.27063	4.0073371	3.05144804	-3
-15.688604	-17.616239	3.22926148	-3
15.7389658	17.4901211	3.64320063	-3
-1.3830809	23.2228494	5.06741012	-3
-11.7673	20.053536	5.1262685	-3
-11.7673	20.053536	5.1262685	-3
-11.7673	20.053536	5.1262685	-3
20.824794	-10.297908	5.21280521	-3
-5.1954688	22.5864643	5.45445004	-3
-5.1954688	22.5864643	5.45445004	-3
-22.300516	5.23909409	6.49085327	-3
-7.3535527	21.595771	6.81470684	-3
-7.3535527	21.595771	6.81470684	-3
-22.746411	-1.0743515	6.95261339	-3
-12.126159	19.1539207	7.27845243	-3
-12.126159	19.1539207	7.27845243	-3
-12.126159	19.1539207	7.27845243	-3
-19.558117	11.1369102	7.76798438	-3
6.9928034	-21.368195	7.83538281	-3
6.99230704	-21.366678	7.8399607	-3
-9.142194	20.5216538	7.88506859	-3
-12.478901	-18.555986	8.17586104	-3
-12.478901	-18.555986	8.17586104	-3
-21.452935	2.52172233	10.0152281	-3
-0.5528085	21.2883876	10.6485327	-3
-15.401111	14.6342778	10.7487668	-3
3.28964426	-20.585862	11.5018608	-3
-15.606426	-12.914583	12.5118065	-3
-7.3775544	18.7730379	12.6505742	-3
11.6485782	16.1313628	13.0760106	-3
11.6485782	16.1313628	13.0760106	-3
-9.9975362	-17.165999	13.1251681	-3
-18.781273	4.17947295	14.0245532	-3
-14.248139	11.5036438	15.2167342	-3
-16.308817	8.30228928	15.2311118	-3
-16.308488	8.29316383	15.2364346	-3
10.0287351	14.8147003	15.7111876	-3
10.0287351	14.8147003	15.7111876	-3
-16.139816	7.59338745	15.7714642	-3
-17.642878	2.46907891	15.7963536	-3
-17.642878	2.46907891	15.7963536	-3
9.51761833	14.4823028	16.3269758	-3
-1.1224021	-16.237751	17.3772252	-3
4.67518078	-14.652957	18.1748683	-3
4.67608573	-14.652113	18.1753157	-3
9.82157154	10.8079684	18.8047027	-3
-9.5495723	-9.2245991	19.7637226	-3
-12.625345	3.4519299	19.8891211	-3
-4.2177766	-12.310353	19.9388531	-3
8.4207626	-9.6770257	20.0583703	-3
8.78304613	-8.281549	20.5223375	-3
-5.0338094	-8.4764969	21.6726107	-3
-8.8486153	4.10035334	21.7205295	-3
-3.4135601	-6.934724	22.51998	-3
-6.2127418	-1.9608571	22.9008552	-3
-5.7408356	-2.4976757	22.9716502	-3
5.25980195	1.85828995	23.1467823	-3
-1.5246452	6.26821164	-23.521625	-3
6.93731783	-6.0314042	-22.591539	-3
10.8597758	1.45221879	-21.790782	-3
10.8597758	1.45221879	-21.790782	-3
12.4901464	-2.5118393	-20.798287	-3
10.9202495	-9.4677602	-19.646667	-3
10.9209381	-9.4669659	-19.646667	-3
-6.9284593	-13.023681	-19.423234	-3
14.5838003	2.55293137	-19.382393	-3
-0.2281181	17.2344282	-17.257007	-3
2.49031663	-17.263814	-17.048194	-3
12.9015422	-11.978367	-16.880486	-3
17.863385	1.86307105	-16.501827	-3
-17.597096	4.11656243	-16.379194	-3
19.9892915	5.97648216	-12.632963	-3
19.4089872	8.52163331	-12.064611	-3
-4.7835804	20.9001767	-11.626772	-3
-21.446636	-0.2464343	-11.61305	-3
-20.060391	-7.8178587	-11.460527	-3
22.2592695	0.48245994	-9.9586148	-3
14.3906536	-17.341322	-9.3311029	-3
7.75867018	-21.206342	-9.218241	-3
-1.9790861	-23.045657	-7.7371045	-3
23.3435467	-0.5416286	-7.0475046	-3
23.3443265	-0.543345	-7.044789	-3
23.4901257	-2.0413498	-6.2392903	-3
23.4901257	-2.0413498	-6.2392903	-3
8.4772879	22.0505327	-6.0655958	-3
8.4772879	22.0505327	-6.0655958	-3
-10.449626	21.25595	-5.8199456	-3
-14.983215	18.4368424	-5.519779	-3
23.8452612	4.01707268	-3.1856711	-3
23.8452612	4.01707268	-3.1856711	-3
2.48013999	24.0682893	-3.0737943	-3
-24.173233	-1.3250438	-2.9632631	-3
-24.173233	-1.3250438	-2.9632631	-3
-18.571368	-15.640853	-2.3129783	-3
-17.604329	-16.788805	-1.7622356	-3
19.1245983	15.0518271	-1.6043988	-3
-15.656648	-18.689208	0.68172363	-3
0.78622743	-24.341546	1.32395218	-3
0.78622743	-24.341546	1.32395218	-3
-9.280106	-22.510578	1.42666336	-3
11.4750604	-21.457067	1.67306311	-3
21.0182791	12.1532578	2.32639742	-3
9.41934004	-22.285136	3.08716751	-3
22.9335253	-7.2455838	4.05423107	-3
22.9321703	-7.2341525	4.08221272	-3
-22.951826	-7.1157528	4.17870708	-3
-22.950716	-7.1135791	4.18849253	-3
21.8644871	-9.5466795	5.06823166	-3
21.8644871	-9.5466795	5.06823166	-3
-20.935445	11.4005533	5.15910815	-3
-20.935445	11.4005533	5.15910815	-3
-20.924774	11.41448	5.17158918	-3
-20.924774	11.41448	5.17158918	-3
-23.691521	-0.9808877	5.71240416	-3
-22.015301	-8.6702082	5.91910852	-3
5.20117096	-21.755021	9.72361764	-3
-18.689777	-11.691902	10.4342468	-3
21.9712077	-0.060716	10.5898159	-3
-13.049277	-17.406354	11.0280126	-3
-8.6254111	19.6453527	11.5993214	-3
21.0474609	-3.9516002	11.6735214	-3
5.18625964	-20.452114	12.2350161	-3
6.47228422	-18.306779	14.7598526	-3
15.4767605	-9.6787799	16.1763086	-3
-11.182226	14.2933038	16.2954334	-3
17.8185694	-2.2707588	16.499215	-3
5.25492091	16.1849975	17.4732229	-3
4.0014656	-12.447554	20.5895245	-3
12.2503856	2.92221955	20.8870903	-3
-3.0535435	-11.939616	21.0476436	-3
-3.052372	-11.938652	21.0483605	-3
-0.9087285	-10.257925	22.1095237	-3
8.79475674	4.00182396	22.3946314	-3
-8.0542713	2.3730471	22.8993279	-3
-1.2744823	7.44624647	23.1907517	-3
5.38535811	-3.4750624	23.5330346	-3
-5.7131327	-2.4211593	23.5877078	-3
4.0431242	1.40631664	24.0116071	-3
2.92368629	-2.7128975	24.0618807	-3
-5.6882209	-3.4110755	-24.104122	-3
-0.4966325	10.4824654	-22.690775	-3
-10.231714	-6.2976696	-21.923763	-3
-0.2996374	12.6755187	-21.546263	-3
5.33544699	-11.667074	-21.457222	-3
5.33544699	-11.667074	-21.457222	-3
12.790402	-2.5045478	-21.333843	-3
5.55282342	12.357996	-21.010618	-3
5.55307401	12.3585537	-21.010224	-3
-0.2017973	14.2293626	-20.554428	-3
-15.685312	0.55459558	-19.459275	-3
-1.8708417	-16.169212	-18.975155	-3
-1.8709052	-16.169761	-18.974682	-3
-16.429698	-1.7377037	-18.762873	-3
-4.7111941	16.2160362	-18.43488	-3
11.5713316	13.0121243	-17.938476	-3
3.90978548	17.3549707	-17.564697	-3
17.7622674	-4.1674651	-17.091931	-3
17.7622674	-4.1674651	-17.091931	-3
8.33208288	16.9516959	-16.377314	-3
13.9664139	-12.908537	-16.226798	-3
-17.986423	-7.5977624	-15.612899	-3
11.6231222	-16.049341	-15.242103	-3
11.6231222	-16.049341	-15.242103	-3
15.6036535	15.5311993	-11.845161	-3
-9.6582792	-19.809719	-11.802232	-3
-14.116864	18.1339106	-9.842532	-3
5.19662372	-22.464326	-9.6617378	-3
22.4505916	-5.2605716	-9.6590538	-3
22.4505916	-5.2605716	-9.6590538	-3
-11.508793	-20.160026	-9.2801434	-3
-11.508793	-20.160026	-9.2801434	-3
18.8178506	14.0114977	-8.6351857	-3
-7.9307365	22.6466285	-7.0166685	-3
-7.642634	22.8469473	-6.6788578	-3
-23.725637	4.83242617	-6.2242906	-3
8.69977471	22.8322662	-5.2916483	-3
18.3405434	16.1788483	-5.183564	-3
12.0328493	-21.471545	-4.3798719	-3
24.1659295	4.852592	-4.1785408	-3
-22.065617	11.334102	-3.1059117	-3
3.3180171	-24.594464	-3.0171375	-3
-24.836417	-1.069905	-2.6472005	-3
24.9270767	-0.2537933	-1.8911467	-3
-24.932922	0.70006854	-1.6909505	-3
-24.932922	0.70006854	-1.6909505	-3
-16.742119	-18.499101	-1.5762962	-3
-9.9080446	22.9144257	-1.3265542	-3
21.3685586	12.9710122	-0.3708689	-3
21.3705543	12.9679706	-0.3621423	-3
-22.9754	-9.8551811	-0.0799949	-3
12.315311	21.7561623	0.05017822	-3
-24.981007	0.80688201	0.54609906	-3
19.8928526	15.1154642	0.89283685	-3
19.1288986	16.0368338	1.38028953	-3
22.782776	-10.133621	1.80411892	-3
22.782776	-10.133621	1.80411892	-3
-0.4386133	-24.920437	1.94407731	-3
7.15224337	23.8712005	2.00279849	-3
0.53601352	-24.64734	4.1498574	-3
0.53601352	-24.64734	4.1498574	-3
10.5064656	-22.2685	4.32759656	-3
16.3277295	-18.296354	4.86299242	-3
16.3277295	-18.296354	4.86299242	-3
17.6574911	16.6759813	5.92660578	-3
-20.634496	-11.72004	7.86499958	-3
-22.848463	4.91392973	8.87699434	-3
-17.10709	-15.331359	9.86391907	-3
-16.794151	-15.594713	9.98806342	-3
-21.882023	4.47183769	11.232975	-3
21.235283	-6.2196905	11.6352141	-3
21.235283	-6.2196905	11.6352141	-3
17.8408428	12.8101118	11.9417488	-3
21.6037613	-3.4764777	12.0909718	-3
16.7504241	13.5058352	12.7285392	-3
-9.9505313	19.0403552	12.784827	-3
-20.225475	-4.5271072	13.9798227	-3
-10.529011	17.7888209	14.0605039	-3
-20.426247	-2.9495328	14.1091703	-3
18.997346	8.02316523	14.1325745	-3
13.1830172	-15.565521	14.4541552	-3
-15.844317	11.8135749	15.3100316	-3
-8.2505313	-17.336517	16.0116801	-3
-8.2505313	-17.336517	16.0116801	-3
14.7233138	12.2543103	16.0641187	-3
13.0996639	13.67214	16.3239515	-3
-16.719193	-7.002363	17.2173027	-3
12.4300011	-11.691274	18.2704459	-3
12.6459574	10.5705369	18.7974336	-3
7.98003359	13.457737	19.4989327	-3
6.21388795	-11.268056	21.43405	-3
6.2200557	-11.261804	21.4355472	-3
-12.330314	-0.7478542	21.7348584	-3
-12.024134	-2.4727568	21.77856	-3
-7.3391144	-7.5976637	22.6586166	-3
-7.6710949	-6.5247667	22.8819082	-3
9.02145312	-2.2855711	23.2032228	-3
4.00832008	7.50166368	23.508688	-3
-7.7748561	-1.6555516	23.7025476	-3
5.48050247	-0.2504657	24.3905998	-3
3.43403333	0.90517376	24.746476	-3