# Display this File is with Rotater 2.3 for Macintosh
# Set "Perspective" to None.
#
# You see ten snapshots of a satellite in an orbit
# (green curve) inclined 30 degrees to the ecliptic.
# Your opening view is from the Sun.
#
# All points in each yellow arc are the same distance
# from the Sun. Each arc is the intersection of a
# plane at a fixed distances from the sun along the
# sun-earth line with a sphere whose radius is the
# satellite orbit radius. Note that the wing axes
# (purple lines) are each tangent to the yellow arcs.
# Note that if you rotate the scene about +Z (hold
# down the "z" key), that the solar wings are all
# normal to the sun-earth line.
#
#                        Richard A. Fowell, 3/1/95

   1   0   0  -4
   9.9955243e-01   0   2.9915466e-02  -4
   9.9821013e-01   0   5.9804154e-02  -4
   9.9597429e-01   0   8.9639309e-02  -4
   9.9284693e-01   0   1.1939422e-01  -4
   9.8883083e-01   0   1.4904227e-01  -4
   9.8392959e-01   0   1.7855689e-01  -4
   9.7814760e-01   0   2.0791169e-01  -4
   9.7149004e-01   0   2.3708038e-01  -4
   9.6396286e-01   0   2.6603685e-01  -4
   9.5557281e-01   0   2.9475517e-01  -4
   9.4632738e-01   0   3.2320966e-01  -4
   9.3623487e-01   0   3.5137482e-01  -4
   9.2530430e-01   0   3.7922546e-01  -4
   9.1354546e-01   0   4.0673664e-01  -4
   9.0096887e-01   0   4.3388374e-01  -4
   8.8758579e-01   0   4.6064245e-01  -4
   8.7340820e-01   0   4.8698882e-01  -4
   8.5844879e-01   0   5.1289928e-01  -4
   8.4272096e-01   0   5.3835062e-01  -4
   8.2623877e-01   0   5.6332006e-01  -4
   8.0901699e-01   0   5.8778525e-01  -4
   7.9107103e-01   0   6.1172430e-01  -4
   7.7241696e-01   0   6.3511577e-01  -4
   7.5307147e-01   0   6.5793873e-01  -4
   7.3305187e-01   0   6.8017274e-01  -4
   7.1237610e-01   0   7.0179790e-01  -4
   6.9106265e-01   0   7.2279486e-01  -4
   6.6913061e-01   0   7.4314483e-01  -4
   6.4659960e-01   0   7.6282957e-01  -4
   6.2348980e-01   0   7.8183148e-01  -4
   5.9982189e-01   0   8.0013355e-01  -4
   5.7561707e-01   0   8.1771939e-01  -4
   5.5089698e-01   0   8.3457325e-01  -4
   5.2568377e-01   0   8.5068007e-01  -4
   5.0000000e-01   0   0.866  -4
   4.7386866e-01   0   8.8059553e-01  -4
   4.4731315e-01   0   8.9437741e-01  -4
   4.2035723e-01   0   9.0735869e-01  -4
   3.9302503e-01   0   9.1952777e-01  -4
   3.6534102e-01   0   9.3087375e-01  -4
   3.3732999e-01   0   9.4138647e-01  -4
   3.0901699e-01   0   9.5105652e-01  -4
   2.8042739e-01   0   9.5987524e-01  -4
   2.5158676e-01   0   9.6783475e-01  -4
   2.2252093e-01   0   9.7492791e-01  -4
   1.9325592e-01   0   9.8114838e-01  -4
   1.6381791e-01   0   9.8649059e-01  -4
   1.3423327e-01   0   9.9094976e-01  -4
   1.0452846e-01   0   9.9452190e-01  -4
   7.4730094e-02   0   9.9720380e-01  -4
   4.4864830e-02   0   9.9899307e-01  -4
   1.4959407e-02   0   9.9988810e-01  -4
  -1.4959407e-02   0   9.9988810e-01  -4
  -4.4864830e-02   0   9.9899307e-01  -4
  -7.4730094e-02   0   9.9720380e-01  -4
  -1.0452846e-01   0   9.9452190e-01  -4
  -1.3423327e-01   0   9.9094976e-01  -4
  -1.6381791e-01   0   9.8649059e-01  -4
  -1.9325592e-01   0   9.8114838e-01  -4
  -2.2252093e-01   0   9.7492791e-01  -4
  -2.5158676e-01   0   9.6783475e-01  -4
  -2.8042739e-01   0   9.5987524e-01  -4
  -3.0901699e-01   0   9.5105652e-01  -4
  -3.3732999e-01   0   9.4138647e-01  -4
  -3.6534102e-01   0   9.3087375e-01  -4
  -3.9302503e-01   0   9.1952777e-01  -4
  -4.2035723e-01   0   9.0735869e-01  -4
  -4.4731315e-01   0   8.9437741e-01  -4
  -4.7386866e-01   0   8.8059553e-01  -4
  -0.5   0   0.866  -4
  -5.2568377e-01   0   8.5068007e-01  -4
  -5.5089698e-01   0   8.3457325e-01  -4
  -5.7561707e-01   0   8.1771939e-01  -4
  -5.9982189e-01   0   8.0013355e-01  -4
  -6.2348980e-01   0   7.8183148e-01  -4
  -6.4659960e-01   0   7.6282957e-01  -4
  -6.6913061e-01   0   7.4314483e-01  -4
  -6.9106265e-01   0   7.2279486e-01  -4
  -7.1237610e-01   0   7.0179790e-01  -4
  -7.3305187e-01   0   6.8017274e-01  -4
  -7.5307147e-01   0   6.5793873e-01  -4
  -7.7241696e-01   0   6.3511577e-01  -4
  -7.9107103e-01   0   6.1172430e-01  -4
  -8.0901699e-01   0   5.8778525e-01  -4
  -8.2623877e-01   0   5.6332006e-01  -4
  -8.4272096e-01   0   5.3835062e-01  -4
  -8.5844879e-01   0   5.1289928e-01  -4
  -8.7340820e-01   0   4.8698882e-01  -4
  -8.8758579e-01   0   4.6064245e-01  -4
  -9.0096887e-01   0   4.3388374e-01  -4
  -9.1354546e-01   0   4.0673664e-01  -4
  -9.2530430e-01   0   3.7922546e-01  -4
  -9.3623487e-01   0   3.5137482e-01  -4
  -9.4632738e-01   0   3.2320966e-01  -4
  -9.5557281e-01   0   2.9475517e-01  -4
  -9.6396286e-01   0   2.6603685e-01  -4
  -9.7149004e-01   0   2.3708038e-01  -4
  -9.7814760e-01   0   2.0791169e-01  -4
  -9.8392959e-01   0   1.7855689e-01  -4
  -9.8883083e-01   0   1.4904227e-01  -4
  -9.9284693e-01   0   1.1939422e-01  -4
  -9.9597429e-01   0   8.9639309e-02  -4
  -9.9821013e-01   0   5.9804154e-02  -4
  -9.9955243e-01   0   2.9915466e-02  -4
  -1   0   1.2251485e-16  -4
   9.8480775e-01  -0.17365   0  -4
   9.8435847e-01  -0.17365   2.9744176e-02  -4
   9.8301102e-01  -0.17365   5.9461212e-02  -4
   9.8076665e-01  -0.17365   8.9123995e-02  -4
   9.7762740e-01  -0.17365   1.1870546e-01  -4
   9.7359612e-01  -0.17365   1.4817861e-01  -4
   9.6867651e-01  -0.17365   1.7751656e-01  -4
   9.6287305e-01  -0.17365   2.0669254e-01  -4
   9.5619103e-01  -0.17365   2.3567992e-01  -4
   9.4863655e-01  -0.17365   2.6445227e-01  -4
   9.4021651e-01  -0.17365   2.9298331e-01  -4
   9.3093859e-01  -0.17365   3.2124704e-01  -4
   9.2081124e-01  -0.17365   3.4921764e-01  -4
   9.0984373e-01  -0.17365   3.7686961e-01  -4
   8.9804604e-01  -0.17365   4.0417771e-01  -4
   8.8542895e-01  -0.17365   4.3111703e-01  -4
   8.7200396e-01  -0.17365   4.5766298e-01  -4
   8.5778333e-01  -0.17365   4.8379135e-01  -4
   8.4278003e-01  -0.17365   5.0947829e-01  -4
   8.2700776e-01  -0.17365   5.3470037e-01  -4
   8.1048089e-01  -0.17365   5.5943457e-01  -4
   7.9321452e-01  -0.17365   5.8365832e-01  -4
   7.7522439e-01  -0.17365   6.0734953e-01  -4
   7.5652693e-01  -0.17365   6.3048657e-01  -4
   7.3713919e-01  -0.17365   6.5304834e-01  -4
   7.1707886e-01  -0.17365   6.7501424e-01  -4
   6.9636424e-01  -0.17365   6.9636424e-01  -4
   6.7501424e-01  -0.17365   7.1707886e-01  -4
   6.5304834e-01  -0.17365   7.3713919e-01  -4
   6.3048657e-01  -0.17365   7.5652693e-01  -4
   6.0734953e-01  -0.17365   7.7522439e-01  -4
   5.8365832e-01  -0.17365   7.9321452e-01  -4
   5.5943457e-01  -0.17365   8.1048089e-01  -4
   5.3470037e-01  -0.17365   8.2700776e-01  -4
   5.0947829e-01  -0.17365   8.4278003e-01  -4
   4.8379135e-01  -0.17365   8.5778333e-01  -4
   4.5766298e-01  -0.17365   8.7200396e-01  -4
   4.3111703e-01  -0.17365   8.8542895e-01  -4
   4.0417771e-01  -0.17365   8.9804604e-01  -4
   3.7686961e-01  -0.17365   9.0984373e-01  -4
   3.4921764e-01  -0.17365   9.2081124e-01  -4
   3.2124704e-01  -0.17365   9.3093859e-01  -4
   2.9298331e-01  -0.17365   9.4021651e-01  -4
   2.6445227e-01  -0.17365   9.4863655e-01  -4
   2.3567992e-01  -0.17365   9.5619103e-01  -4
   2.0669254e-01  -0.17365   9.6287305e-01  -4
   1.7751656e-01  -0.17365   9.6867651e-01  -4
   1.4817861e-01  -0.17365   9.7359612e-01  -4
   1.1870546e-01  -0.17365   9.7762740e-01  -4
   8.9123995e-02  -0.17365   9.8076665e-01  -4
   5.9461212e-02  -0.17365   9.8301102e-01  -4
   2.9744176e-02  -0.17365   9.8435847e-01  -4
   6.0326785e-17  -0.17365   9.8480775e-01  -4
  -2.9744176e-02  -0.17365   9.8435847e-01  -4
  -5.9461212e-02  -0.17365   9.8301102e-01  -4
  -8.9123995e-02  -0.17365   9.8076665e-01  -4
  -1.1870546e-01  -0.17365   9.7762740e-01  -4
  -1.4817861e-01  -0.17365   9.7359612e-01  -4
  -1.7751656e-01  -0.17365   9.6867651e-01  -4
  -2.0669254e-01  -0.17365   9.6287305e-01  -4
  -2.3567992e-01  -0.17365   9.5619103e-01  -4
  -2.6445227e-01  -0.17365   9.4863655e-01  -4
  -2.9298331e-01  -0.17365   9.4021651e-01  -4
  -3.2124704e-01  -0.17365   9.3093859e-01  -4
  -3.4921764e-01  -0.17365   9.2081124e-01  -4
  -3.7686961e-01  -0.17365   9.0984373e-01  -4
  -4.0417771e-01  -0.17365   8.9804604e-01  -4
  -4.3111703e-01  -0.17365   8.8542895e-01  -4
  -4.5766298e-01  -0.17365   8.7200396e-01  -4
  -4.8379135e-01  -0.17365   8.5778333e-01  -4
  -5.0947829e-01  -0.17365   8.4278003e-01  -4
  -5.3470037e-01  -0.17365   8.2700776e-01  -4
  -5.5943457e-01  -0.17365   8.1048089e-01  -4
  -5.8365832e-01  -0.17365   7.9321452e-01  -4
  -6.0734953e-01  -0.17365   7.7522439e-01  -4
  -6.3048657e-01  -0.17365   7.5652693e-01  -4
  -6.5304834e-01  -0.17365   7.3713919e-01  -4
  -6.7501424e-01  -0.17365   7.1707886e-01  -4
  -6.9636424e-01  -0.17365   6.9636424e-01  -4
  -7.1707886e-01  -0.17365   6.7501424e-01  -4
  -7.3713919e-01  -0.17365   6.5304834e-01  -4
  -7.5652693e-01  -0.17365   6.3048657e-01  -4
  -7.7522439e-01  -0.17365   6.0734953e-01  -4
  -7.9321452e-01  -0.17365   5.8365832e-01  -4
  -8.1048089e-01  -0.17365   5.5943457e-01  -4
  -8.2700776e-01  -0.17365   5.3470037e-01  -4
  -8.4278003e-01  -0.17365   5.0947829e-01  -4
  -8.5778333e-01  -0.17365   4.8379135e-01  -4
  -8.7200396e-01  -0.17365   4.5766298e-01  -4
  -8.8542895e-01  -0.17365   4.3111703e-01  -4
  -8.9804604e-01  -0.17365   4.0417771e-01  -4
  -9.0984373e-01  -0.17365   3.7686961e-01  -4
  -9.2081124e-01  -0.17365   3.4921764e-01  -4
  -9.3093859e-01  -0.17365   3.2124704e-01  -4
  -9.4021651e-01  -0.17365   2.9298331e-01  -4
  -9.4863655e-01  -0.17365   2.6445227e-01  -4
  -9.5619103e-01  -0.17365   2.3567992e-01  -4
  -9.6287305e-01  -0.17365   2.0669254e-01  -4
  -9.6867651e-01  -0.17365   1.7751656e-01  -4
  -9.7359612e-01  -0.17365   1.4817861e-01  -4
  -9.7762740e-01  -0.17365   1.1870546e-01  -4
  -9.8076665e-01  -0.17365   8.9123995e-02  -4
  -9.8301102e-01  -0.17365   5.9461212e-02  -4
  -9.8435847e-01  -0.17365   2.9744176e-02  -4
  -9.8480775e-01  -0.17365   1.2065357e-16  -4
   0.9397  -0.34202   0  -4
   9.3921953e-01  -0.34202   2.9814505e-02  -4
   9.3780072e-01  -0.34202   5.9598989e-02  -4
   9.3543762e-01  -0.34202   8.9323462e-02  -4
   9.3213262e-01  -0.34202   1.1895799e-01  -4
   9.2788904e-01  -0.34202   1.4847275e-01  -4
   9.2271115e-01  -0.34202   1.7783800e-01  -4
   9.1660417e-01  -0.34202   2.0702418e-01  -4
   9.0957425e-01  -0.34202   2.3600191e-01  -4
   9.0162847e-01  -0.34202   2.6474200e-01  -4
   8.9277482e-01  -0.34202   2.9321553e-01  -4
   8.8302222e-01  -0.34202   3.2139380e-01  -4
   8.7238050e-01  -0.34202   3.4924847e-01  -4
   8.6086036e-01  -0.34202   3.7675147e-01  -4
   8.4847341e-01  -0.34202   4.0387511e-01  -4
   8.3523211e-01  -0.34202   4.3059208e-01  -4
   8.2114981e-01  -0.34202   4.5687549e-01  -4
   8.0624068e-01  -0.34202   4.8269885e-01  -4
   7.9051974e-01  -0.34202   5.0803619e-01  -4
   7.7400281e-01  -0.34202   5.3286197e-01  -4
   7.5670652e-01  -0.34202   5.5715121e-01  -4
   7.3864829e-01  -0.34202   5.8087944e-01  -4
   7.1984631e-01  -0.34202   6.0402277e-01  -4
   7.0031950e-01  -0.34202   6.2655791e-01  -4
   6.8008754e-01  -0.34202   6.4846215e-01  -4
   6.5917078e-01  -0.34202   6.6971345e-01  -4
   6.3759029e-01  -0.34202   6.9029041e-01  -4
   6.1536780e-01  -0.34202   7.1017230e-01  -4
   5.9252569e-01  -0.34202   7.2933911e-01  -4
   5.6908695e-01  -0.34202   7.4777153e-01  -4
   5.4507520e-01  -0.34202   7.6545101e-01  -4
   5.2051460e-01  -0.34202   7.8235975e-01  -4
   4.9542988e-01  -0.34202   7.9848072e-01  -4
   4.6984631e-01  -0.34202   8.1379768e-01  -4
   4.4378964e-01  -0.34202   8.2829522e-01  -4
   4.1728612e-01  -0.34202   8.4195874e-01  -4
   3.9036242e-01  -0.34202   8.5477447e-01  -4
   3.6304566e-01  -0.34202   8.6672952e-01  -4
   3.3536335e-01  -0.34202   8.7781185e-01  -4
   3.0734335e-01  -0.34202   8.8801030e-01  -4
   2.7901389e-01  -0.34202   8.9731459e-01  -4
   2.5040348e-01  -0.34202   9.0571536e-01  -4
   2.2154093e-01  -0.34202   9.1320416e-01  -4
   1.9245531e-01  -0.34202   9.1977344e-01  -4
   1.6317591e-01  -0.34202   9.2541658e-01  -4
   1.3373220e-01  -0.34202   9.3012790e-01  -4
   1.0415384e-01  -0.34202   9.3390267e-01  -4
   7.4470600e-02  -0.34202   9.3673708e-01  -4
   4.4712375e-02  -0.34202   9.3862827e-01  -4
   1.4909129e-02  -0.34202   9.3957434e-01  -4
  -1.4909129e-02  -0.34202   9.3957434e-01  -4
  -4.4712375e-02  -0.34202   9.3862827e-01  -4
  -7.4470600e-02  -0.34202   9.3673708e-01  -4
  -1.0415384e-01  -0.34202   9.3390267e-01  -4
  -1.3373220e-01  -0.34202   9.3012790e-01  -4
  -1.6317591e-01  -0.34202   9.2541658e-01  -4
  -1.9245531e-01  -0.34202   9.1977344e-01  -4
  -2.2154093e-01  -0.34202   9.1320416e-01  -4
  -2.5040348e-01  -0.34202   9.0571536e-01  -4
  -2.7901389e-01  -0.34202   8.9731459e-01  -4
  -3.0734335e-01  -0.34202   8.8801030e-01  -4
  -3.3536335e-01  -0.34202   8.7781185e-01  -4
  -3.6304566e-01  -0.34202   8.6672952e-01  -4
  -3.9036242e-01  -0.34202   8.5477447e-01  -4
  -4.1728612e-01  -0.34202   8.4195874e-01  -4
  -4.4378964e-01  -0.34202   8.2829522e-01  -4
  -4.6984631e-01  -0.34202   8.1379768e-01  -4
  -4.9542988e-01  -0.34202   7.9848072e-01  -4
  -5.2051460e-01  -0.34202   7.8235975e-01  -4
  -5.4507520e-01  -0.34202   7.6545101e-01  -4
  -5.6908695e-01  -0.34202   7.4777153e-01  -4
  -5.9252569e-01  -0.34202   7.2933911e-01  -4
  -6.1536780e-01  -0.34202   7.1017230e-01  -4
  -6.3759029e-01  -0.34202   6.9029041e-01  -4
  -6.5917078e-01  -0.34202   6.6971345e-01  -4
  -6.8008754e-01  -0.34202   6.4846215e-01  -4
  -7.0031950e-01  -0.34202   6.2655791e-01  -4
  -7.1984631e-01  -0.34202   6.0402277e-01  -4
  -7.3864829e-01  -0.34202   5.8087944e-01  -4
  -7.5670652e-01  -0.34202   5.5715121e-01  -4
  -7.7400281e-01  -0.34202   5.3286197e-01  -4
  -7.9051974e-01  -0.34202   5.0803619e-01  -4
  -8.0624068e-01  -0.34202   4.8269885e-01  -4
  -8.2114981e-01  -0.34202   4.5687549e-01  -4
  -8.3523211e-01  -0.34202   4.3059208e-01  -4
  -8.4847341e-01  -0.34202   4.0387511e-01  -4
  -8.6086036e-01  -0.34202   3.7675147e-01  -4
  -8.7238050e-01  -0.34202   3.4924847e-01  -4
  -8.8302222e-01  -0.34202   3.2139380e-01  -4
  -8.9277482e-01  -0.34202   2.9321553e-01  -4
  -9.0162847e-01  -0.34202   2.6474200e-01  -4
  -9.0957425e-01  -0.34202   2.3600191e-01  -4
  -9.1660417e-01  -0.34202   2.0702418e-01  -4
  -9.2271115e-01  -0.34202   1.7783800e-01  -4
  -9.2788904e-01  -0.34202   1.4847275e-01  -4
  -9.3213262e-01  -0.34202   1.1895799e-01  -4
  -9.3543762e-01  -0.34202   8.9323462e-02  -4
  -9.3780072e-01  -0.34202   5.9598989e-02  -4
  -9.3921953e-01  -0.34202   2.9814505e-02  -4
  -0.9397  -0.34202   1.1512630e-16  -4
   0.866  -0.5   0  -4
   8.6550937e-01  -0.5   2.9891853e-02  -4
   8.6396190e-01  -0.5   5.9748084e-02  -4
   8.6138483e-01  -0.5   8.9533111e-02  -4
   8.5778123e-01  -0.5   1.1921144e-01  -4
   8.5315539e-01  -0.5   1.4874770e-01  -4
   8.4751283e-01  -0.5   1.7810670e-01  -4
   8.4086028e-01  -0.5   2.0725344e-01  -4
   8.3320566e-01  -0.5   2.3615320e-01  -4
   8.2455809e-01  -0.5   2.6477153e-01  -4
   8.1492787e-01  -0.5   2.9307432e-01  -4
   8.0432650e-01  -0.5   3.2102786e-01  -4
   7.9276659e-01  -0.5   3.4859881e-01  -4
   7.8026193e-01  -0.5   3.7575434e-01  -4
   7.6682741e-01  -0.5   4.0246207e-01  -4
   7.5247905e-01  -0.5   4.2869018e-01  -4
   7.3723395e-01  -0.5   4.5440742e-01  -4
   7.2111027e-01  -0.5   4.7958312e-01  -4
   7.0412724e-01  -0.5   5.0418730e-01  -4
   6.8630508e-01  -0.5   5.2819063e-01  -4
   6.6766503e-01  -0.5   5.5156450e-01  -4
   6.4822932e-01  -0.5   5.7428107e-01  -4
   6.2802110e-01  -0.5   5.9631325e-01  -4
   6.0706446e-01  -0.5   6.1763480e-01  -4
   5.8538437e-01  -0.5   6.3822029e-01  -4
   5.6300666e-01  -0.5   6.5804521e-01  -4
   5.3995801e-01  -0.5   6.7708593e-01  -4
   5.1626588e-01  -0.5   6.9531974e-01  -4
   4.9195850e-01  -0.5   7.1272493e-01  -4
   4.6706485e-01  -0.5   7.2928076e-01  -4
   4.4161459e-01  -0.5   7.4496749e-01  -4
   4.1563805e-01  -0.5   7.5976642e-01  -4
   3.8916618e-01  -0.5   7.7365993e-01  -4
   3.6223054e-01  -0.5   7.8663145e-01  -4
   3.3486322e-01  -0.5   7.9866553e-01  -4
   3.0709684e-01  -0.5   8.0974782e-01  -4
   2.7896449e-01  -0.5   8.1986512e-01  -4
   2.5049968e-01  -0.5   8.2900537e-01  -4
   2.2173636e-01  -0.5   8.3715768e-01  -4
   1.9270878e-01  -0.5   8.4431234e-01  -4
   1.6345155e-01  -0.5   8.5046081e-01  -4
   1.3399953e-01  -0.5   8.5559577e-01  -4
   1.0438783e-01  -0.5   8.5971110e-01  -4
   7.4651719e-02  -0.5   8.6280190e-01  -4
   4.4826647e-02  -0.5   8.6486448e-01  -4
   1.4948154e-02  -0.5   8.6589639e-01  -4
  -1.4948154e-02  -0.5   8.6589639e-01  -4
  -4.4826647e-02  -0.5   8.6486448e-01  -4
  -7.4651719e-02  -0.5   8.6280190e-01  -4
  -1.0438783e-01  -0.5   8.5971110e-01  -4
  -1.3399953e-01  -0.5   8.5559577e-01  -4
  -1.6345155e-01  -0.5   8.5046081e-01  -4
  -1.9270878e-01  -0.5   8.4431234e-01  -4
  -2.2173636e-01  -0.5   8.3715768e-01  -4
  -2.5049968e-01  -0.5   8.2900537e-01  -4
  -2.7896449e-01  -0.5   8.1986512e-01  -4
  -3.0709684e-01  -0.5   8.0974782e-01  -4
  -3.3486322e-01  -0.5   7.9866553e-01  -4
  -3.6223054e-01  -0.5   7.8663145e-01  -4
  -3.8916618e-01  -0.5   7.7365993e-01  -4
  -4.1563805e-01  -0.5   7.5976642e-01  -4
  -4.4161459e-01  -0.5   7.4496749e-01  -4
  -4.6706485e-01  -0.5   7.2928076e-01  -4
  -4.9195850e-01  -0.5   7.1272493e-01  -4
  -5.1626588e-01  -0.5   6.9531974e-01  -4
  -5.3995801e-01  -0.5   6.7708593e-01  -4
  -5.6300666e-01  -0.5   6.5804521e-01  -4
  -5.8538437e-01  -0.5   6.3822029e-01  -4
  -6.0706446e-01  -0.5   6.1763480e-01  -4
  -6.2802110e-01  -0.5   5.9631325e-01  -4
  -6.4822932e-01  -0.5   5.7428107e-01  -4
  -6.6766503e-01  -0.5   5.5156450e-01  -4
  -6.8630508e-01  -0.5   5.2819063e-01  -4
  -7.0412724e-01  -0.5   5.0418730e-01  -4
  -7.2111027e-01  -0.5   4.7958312e-01  -4
  -7.3723395e-01  -0.5   4.5440742e-01  -4
  -7.5247905e-01  -0.5   4.2869018e-01  -4
  -7.6682741e-01  -0.5   4.0246207e-01  -4
  -7.8026193e-01  -0.5   3.7575434e-01  -4
  -7.9276659e-01  -0.5   3.4859881e-01  -4
  -8.0432650e-01  -0.5   3.2102786e-01  -4
  -8.1492787e-01  -0.5   2.9307432e-01  -4
  -8.2455809e-01  -0.5   2.6477153e-01  -4
  -8.3320566e-01  -0.5   2.3615320e-01  -4
  -8.4086028e-01  -0.5   2.0725344e-01  -4
  -8.4751283e-01  -0.5   1.7810670e-01  -4
  -8.5315539e-01  -0.5   1.4874770e-01  -4
  -8.5778123e-01  -0.5   1.1921144e-01  -4
  -8.6138483e-01  -0.5   8.9533111e-02  -4
  -8.6396190e-01  -0.5   5.9748084e-02  -4
  -8.6550937e-01  -0.5   2.9891853e-02  -4
  -0.866  -0.5   1.0610097e-16  -4
   0.76604  -0.64279   0  -4
   7.6546834e-01  -0.64279   2.9703658e-02  -4
   7.6374090e-01  -0.64279   5.9362638e-02  -4
   7.6086472e-01  -0.64279   8.8932332e-02  -4
   7.5684413e-01  -0.64279   1.1836826e-01  -4
   7.5168518e-01  -0.64279   1.4762616e-01  -4
   7.4539562e-01  -0.64279   1.7666201e-01  -4
   7.3798491e-01  -0.64279   2.0543214e-01  -4
   7.2946420e-01  -0.64279   2.3389328e-01  -4
   7.1984631e-01  -0.64279   2.6200263e-01  -4
   7.0914570e-01  -0.64279   2.8971790e-01  -4
   6.9737847e-01  -0.64279   3.1699741e-01  -4
   6.8456232e-01  -0.64279   3.4380012e-01  -4
   6.7071652e-01  -0.64279   3.7008572e-01  -4
   6.5586190e-01  -0.64279   3.9581468e-01  -4
   6.4002080e-01  -0.64279   4.2094830e-01  -4
   6.2321704e-01  -0.64279   4.4544877e-01  -4
   6.0547591e-01  -0.64279   4.6927924e-01  -4
   5.8682409e-01  -0.64279   4.9240388e-01  -4
   5.6728963e-01  -0.64279   5.1478789e-01  -4
   5.4690191e-01  -0.64279   5.3639761e-01  -4
   5.2569159e-01  -0.64279   5.5720054e-01  -4
   5.0369059e-01  -0.64279   5.7716538e-01  -4
   4.8093199e-01  -0.64279   5.9626212e-01  -4
   4.5745002e-01  -0.64279   6.1446201e-01  -4
   4.3328000e-01  -0.64279   6.3173770e-01  -4
   4.0845829e-01  -0.64279   6.4806320e-01  -4
   3.8302222e-01  -0.64279   6.6341395e-01  -4
   3.5701005e-01  -0.64279   6.7776686e-01  -4
   3.3046090e-01  -0.64279   6.9110034e-01  -4
   3.0341470e-01  -0.64279   7.0339435e-01  -4
   2.7591214e-01  -0.64279   7.1463038e-01  -4
   2.4799459e-01  -0.64279   7.2479154e-01  -4
   2.1970402e-01  -0.64279   7.3386254e-01  -4
   1.9108300e-01  -0.64279   7.4182975e-01  -4
   1.6217457e-01  -0.64279   7.4868117e-01  -4
   1.3302222e-01  -0.64279   7.5440651e-01  -4
   1.0366979e-01  -0.64279   7.5899714e-01  -4
   7.4161430e-02  -0.64279   7.6244618e-01  -4
   4.4541523e-02  -0.64279   7.6474842e-01  -4
   1.4854622e-02  -0.64279   7.6590040e-01  -4
  -1.4854622e-02  -0.64279   7.6590040e-01  -4
  -4.4541523e-02  -0.64279   7.6474842e-01  -4
  -7.4161430e-02  -0.64279   7.6244618e-01  -4
  -1.0366979e-01  -0.64279   7.5899714e-01  -4
  -1.3302222e-01  -0.64279   7.5440651e-01  -4
  -1.6217457e-01  -0.64279   7.4868117e-01  -4
  -1.9108300e-01  -0.64279   7.4182975e-01  -4
  -2.1970402e-01  -0.64279   7.3386254e-01  -4
  -2.4799459e-01  -0.64279   7.2479154e-01  -4
  -2.7591214e-01  -0.64279   7.1463038e-01  -4
  -3.0341470e-01  -0.64279   7.0339435e-01  -4
  -3.3046090e-01  -0.64279   6.9110034e-01  -4
  -3.5701005e-01  -0.64279   6.7776686e-01  -4
  -3.8302222e-01  -0.64279   6.6341395e-01  -4
  -4.0845829e-01  -0.64279   6.4806320e-01  -4
  -4.3328000e-01  -0.64279   6.3173770e-01  -4
  -4.5745002e-01  -0.64279   6.1446201e-01  -4
  -4.8093199e-01  -0.64279   5.9626212e-01  -4
  -5.0369059e-01  -0.64279   5.7716538e-01  -4
  -5.2569159e-01  -0.64279   5.5720054e-01  -4
  -5.4690191e-01  -0.64279   5.3639761e-01  -4
  -5.6728963e-01  -0.64279   5.1478789e-01  -4
  -5.8682409e-01  -0.64279   4.9240388e-01  -4
  -6.0547591e-01  -0.64279   4.6927924e-01  -4
  -6.2321704e-01  -0.64279   4.4544877e-01  -4
  -6.4002080e-01  -0.64279   4.2094830e-01  -4
  -6.5586190e-01  -0.64279   3.9581468e-01  -4
  -6.7071652e-01  -0.64279   3.7008572e-01  -4
  -6.8456232e-01  -0.64279   3.4380012e-01  -4
  -6.9737847e-01  -0.64279   3.1699741e-01  -4
  -7.0914570e-01  -0.64279   2.8971790e-01  -4
  -7.1984631e-01  -0.64279   2.6200263e-01  -4
  -7.2946420e-01  -0.64279   2.3389328e-01  -4
  -7.3798491e-01  -0.64279   2.0543214e-01  -4
  -7.4539562e-01  -0.64279   1.7666201e-01  -4
  -7.5168518e-01  -0.64279   1.4762616e-01  -4
  -7.5684413e-01  -0.64279   1.1836826e-01  -4
  -7.6086472e-01  -0.64279   8.8932332e-02  -4
  -7.6374090e-01  -0.64279   5.9362638e-02  -4
  -7.6546834e-01  -0.64279   2.9703658e-02  -4
  -0.76604  -0.64279   9.3851817e-17  -4
   0.64279  -0.76604   0  -4
   6.4210174e-01  -0.76604   2.9686155e-02  -4
   6.4004559e-01  -0.76604   5.9308958e-02  -4
   6.3662355e-01  -0.76604   8.8805193e-02  -4
   6.3184293e-01  -0.76604   1.1811191e-01  -4
   6.2571392e-01  -0.76604   1.4716658e-01  -4
   6.1824961e-01  -0.76604   1.7590718e-01  -4
   6.0946592e-01  -0.76604   2.0427239e-01  -4
   5.9938160e-01  -0.76604   2.3220167e-01  -4
   5.8801816e-01  -0.76604   2.5963542e-01  -4
   5.7539987e-01  -0.76604   2.8651509e-01  -4
   5.6155365e-01  -0.76604   3.1278333e-01  -4
   5.4650904e-01  -0.76604   3.3838407e-01  -4
   5.3029815e-01  -0.76604   3.6326268e-01  -4
   5.1295559e-01  -0.76604   3.8736608e-01  -4
   4.9451834e-01  -0.76604   4.1064281e-01  -4
   4.7502578e-01  -0.76604   4.3304321e-01  -4
   4.5451948e-01  -0.76604   4.5451948e-01  -4
   4.3304321e-01  -0.76604   4.7502578e-01  -4
   4.1064281e-01  -0.76604   4.9451834e-01  -4
   3.8736608e-01  -0.76604   5.1295559e-01  -4
   3.6326268e-01  -0.76604   5.3029815e-01  -4
   3.3838407e-01  -0.76604   5.4650904e-01  -4
   3.1278333e-01  -0.76604   5.6155365e-01  -4
   2.8651509e-01  -0.76604   5.7539987e-01  -4
   2.5963542e-01  -0.76604   5.8801816e-01  -4
   2.3220167e-01  -0.76604   5.9938160e-01  -4
   2.0427239e-01  -0.76604   6.0946592e-01  -4
   1.7590718e-01  -0.76604   6.1824961e-01  -4
   1.4716658e-01  -0.76604   6.2571392e-01  -4
   1.1811191e-01  -0.76604   6.3184293e-01  -4
   8.8805193e-02  -0.76604   6.3662355e-01  -4
   5.9308958e-02  -0.76604   6.4004559e-01  -4
   2.9686155e-02  -0.76604   6.4210174e-01  -4
   3.9375512e-17  -0.76604   0.64279  -4
  -2.9686155e-02  -0.76604   6.4210174e-01  -4
  -5.9308958e-02  -0.76604   6.4004559e-01  -4
  -8.8805193e-02  -0.76604   6.3662355e-01  -4
  -1.1811191e-01  -0.76604   6.3184293e-01  -4
  -1.4716658e-01  -0.76604   6.2571392e-01  -4
  -1.7590718e-01  -0.76604   6.1824961e-01  -4
  -2.0427239e-01  -0.76604   6.0946592e-01  -4
  -2.3220167e-01  -0.76604   5.9938160e-01  -4
  -2.5963542e-01  -0.76604   5.8801816e-01  -4
  -2.8651509e-01  -0.76604   5.7539987e-01  -4
  -3.1278333e-01  -0.76604   5.6155365e-01  -4
  -3.3838407e-01  -0.76604   5.4650904e-01  -4
  -3.6326268e-01  -0.76604   5.3029815e-01  -4
  -3.8736608e-01  -0.76604   5.1295559e-01  -4
  -4.1064281e-01  -0.76604   4.9451834e-01  -4
  -4.3304321e-01  -0.76604   4.7502578e-01  -4
  -4.5451948e-01  -0.76604   4.5451948e-01  -4
  -4.7502578e-01  -0.76604   4.3304321e-01  -4
  -4.9451834e-01  -0.76604   4.1064281e-01  -4
  -5.1295559e-01  -0.76604   3.8736608e-01  -4
  -5.3029815e-01  -0.76604   3.6326268e-01  -4
  -5.4650904e-01  -0.76604   3.3838407e-01  -4
  -5.6155365e-01  -0.76604   3.1278333e-01  -4
  -5.7539987e-01  -0.76604   2.8651509e-01  -4
  -5.8801816e-01  -0.76604   2.5963542e-01  -4
  -5.9938160e-01  -0.76604   2.3220167e-01  -4
  -6.0946592e-01  -0.76604   2.0427239e-01  -4
  -6.1824961e-01  -0.76604   1.7590718e-01  -4
  -6.2571392e-01  -0.76604   1.4716658e-01  -4
  -6.3184293e-01  -0.76604   1.1811191e-01  -4
  -6.3662355e-01  -0.76604   8.8805193e-02  -4
  -6.4004559e-01  -0.76604   5.9308958e-02  -4
  -6.4210174e-01  -0.76604   2.9686155e-02  -4
  -0.64279  -0.76604   7.8751025e-17  -4
   5.0000000e-01  -0.866   0  -4
   4.9912187e-01  -0.866   2.9620314e-02  -4
   4.9649055e-01  -0.866   5.9136585e-02  -4
   4.9211529e-01  -0.866   8.8445138e-02  -4
   4.8601146e-01  -0.866   1.1744302e-01  -4
   4.7820049e-01  -0.866   1.4602839e-01  -4
   4.6870983e-01  -0.866   1.7410082e-01  -4
   4.5757281e-01  -0.866   2.0156171e-01  -4
   4.4482855e-01  -0.866   2.2831462e-01  -4
   4.3052181e-01  -0.866   2.5426556e-01  -4
   4.1470284e-01  -0.866   2.7932338e-01  -4
   3.9742722e-01  -0.866   3.0340007e-01  -4
   3.7875562e-01  -0.866   3.2641106e-01  -4
   3.5875363e-01  -0.866   3.4827551e-01  -4
   3.3749150e-01  -0.866   3.6891664e-01  -4
   3.1504392e-01  -0.866   3.8826193e-01  -4
   2.9148974e-01  -0.866   4.0624344e-01  -4
   2.6691169e-01  -0.866   4.2279800e-01  -4
   2.4139610e-01  -0.866   4.3786747e-01  -4
   2.1503260e-01  -0.866   4.5139891e-01  -4
   1.8791379e-01  -0.866   4.6334480e-01  -4
   1.6013493e-01  -0.866   4.7366318e-01  -4
   1.3179358e-01  -0.866   4.8231779e-01  -4
   1.0298931e-01  -0.866   4.8927825e-01  -4
   7.3823282e-02  -0.866   4.9452009e-01  -4
   4.4397948e-02  -0.866   4.9802492e-01  -4
   1.4816664e-02  -0.866   4.9978042e-01  -4
  -1.4816664e-02  -0.866   4.9978042e-01  -4
  -4.4397948e-02  -0.866   4.9802492e-01  -4
  -7.3823282e-02  -0.866   4.9452009e-01  -4
  -1.0298931e-01  -0.866   4.8927825e-01  -4
  -1.3179358e-01  -0.866   4.8231779e-01  -4
  -1.6013493e-01  -0.866   4.7366318e-01  -4
  -1.8791379e-01  -0.866   4.6334480e-01  -4
  -2.1503260e-01  -0.866   4.5139891e-01  -4
  -2.4139610e-01  -0.866   4.3786747e-01  -4
  -2.6691169e-01  -0.866   4.2279800e-01  -4
  -2.9148974e-01  -0.866   4.0624344e-01  -4
  -3.1504392e-01  -0.866   3.8826193e-01  -4
  -3.3749150e-01  -0.866   3.6891664e-01  -4
  -3.5875363e-01  -0.866   3.4827551e-01  -4
  -3.7875562e-01  -0.866   3.2641106e-01  -4
  -3.9742722e-01  -0.866   3.0340007e-01  -4
  -4.1470284e-01  -0.866   2.7932338e-01  -4
  -4.3052181e-01  -0.866   2.5426556e-01  -4
  -4.4482855e-01  -0.866   2.2831462e-01  -4
  -4.5757281e-01  -0.866   2.0156171e-01  -4
  -4.6870983e-01  -0.866   1.7410082e-01  -4
  -4.7820049e-01  -0.866   1.4602839e-01  -4
  -4.8601146e-01  -0.866   1.1744302e-01  -4
  -4.9211529e-01  -0.866   8.8445138e-02  -4
  -4.9649055e-01  -0.866   5.9136585e-02  -4
  -4.9912187e-01  -0.866   2.9620314e-02  -4
  -0.5  -0.866   0  -4
   0.34202  -0.9397   0  -4
   3.4071865e-01  -0.9397   2.9809020e-02  -4
   3.3682409e-01  -0.9397   5.9391175e-02  -4
   3.3036609e-01  -0.9397   8.8521327e-02  -4
   3.2139380e-01  -0.9397   1.1697778e-01  -4
   3.0997552e-01  -0.9397   1.4454396e-01  -4
   2.9619813e-01  -0.9397   1.7101007e-01  -4
   2.8016650e-01  -0.9397   1.9617469e-01  -4
   2.6200263e-01  -0.9397   2.1984631e-01  -4
   2.4184476e-01  -0.9397   2.4184476e-01  -4
   2.1984631e-01  -0.9397   2.6200263e-01  -4
   1.9617469e-01  -0.9397   2.8016650e-01  -4
   1.7101007e-01  -0.9397   2.9619813e-01  -4
   1.4454396e-01  -0.9397   3.0997552e-01  -4
   1.1697778e-01  -0.9397   3.2139380e-01  -4
   8.8521327e-02  -0.9397   3.3036609e-01  -4
   5.9391175e-02  -0.9397   3.3682409e-01  -4
   2.9809020e-02  -0.9397   3.4071865e-01  -4
   2.0951273e-17  -0.9397   0.34202  -4
  -2.9809020e-02  -0.9397   3.4071865e-01  -4
  -5.9391175e-02  -0.9397   3.3682409e-01  -4
  -8.8521327e-02  -0.9397   3.3036609e-01  -4
  -1.1697778e-01  -0.9397   3.2139380e-01  -4
  -1.4454396e-01  -0.9397   3.0997552e-01  -4
  -1.7101007e-01  -0.9397   2.9619813e-01  -4
  -1.9617469e-01  -0.9397   2.8016650e-01  -4
  -2.1984631e-01  -0.9397   2.6200263e-01  -4
  -2.4184476e-01  -0.9397   2.4184476e-01  -4
  -2.6200263e-01  -0.9397   2.1984631e-01  -4
  -2.8016650e-01  -0.9397   1.9617469e-01  -4
  -2.9619813e-01  -0.9397   1.7101007e-01  -4
  -3.0997552e-01  -0.9397   1.4454396e-01  -4
  -3.2139380e-01  -0.9397   1.1697778e-01  -4
  -3.3036609e-01  -0.9397   8.8521327e-02  -4
  -3.3682409e-01  -0.9397   5.9391175e-02  -4
  -3.4071865e-01  -0.9397   2.9809020e-02  -4
  -0.34202  -0.9397   4.1902545e-17  -4
   0.17365  -9.8480775e-01   0  -4
   1.7127984e-01  -9.8480775e-01   2.8581551e-02  -4
   1.6423944e-01  -9.8480775e-01   5.6383471e-02  -4
   1.5271901e-01  -9.8480775e-01   8.2647397e-02  -4
   1.3703281e-01  -9.8480775e-01   1.0665692e-01  -4
   1.1760871e-01  -9.8480775e-01   1.2775712e-01  -4
   9.4976551e-02  -9.8480775e-01   1.4537243e-01  -4
   6.9753678e-02  -9.8480775e-01   1.5902237e-01  -4
   4.2628107e-02  -9.8480775e-01   1.6833459e-01  -4
   1.4339753e-02  -9.8480775e-01   1.7305508e-01  -4
  -1.4339753e-02  -9.8480775e-01   1.7305508e-01  -4
  -4.2628107e-02  -9.8480775e-01   1.6833459e-01  -4
  -6.9753678e-02  -9.8480775e-01   1.5902237e-01  -4
  -9.4976551e-02  -9.8480775e-01   1.4537243e-01  -4
  -1.1760871e-01  -9.8480775e-01   1.2775712e-01  -4
  -1.3703281e-01  -9.8480775e-01   1.0665692e-01  -4
  -1.5271901e-01  -9.8480775e-01   8.2647397e-02  -4
  -1.6423944e-01  -9.8480775e-01   5.6383471e-02  -4
  -1.7127984e-01  -9.8480775e-01   2.8581551e-02  -4
  -0.17365  -9.8480775e-01   2.1274480e-17  -4
# orbit, 30 deg inclined
   1   3.0628711e-17   5.3050484e-17  -2
   9.9955243e-01  -2.5907554e-02   1.4957733e-02  -2
   9.9821013e-01  -5.1791917e-02   2.9902077e-02  -2
   9.9597429e-01  -7.7629919e-02   4.4819654e-02  -2
   9.9284693e-01  -1.0339843e-01   5.9697112e-02  -2
   9.8883083e-01  -1.2907439e-01   7.4521133e-02  -2
   9.8392959e-01  -1.5463481e-01   8.9278447e-02  -2
   9.7814760e-01  -1.8005681e-01   1.0395585e-01  -2
   9.7149004e-01  -2.0531763e-01   1.1854019e-01  -2
   9.6396286e-01  -2.3039467e-01   1.3301842e-01  -2
   9.5557281e-01  -2.5526547e-01   1.4737759e-01  -2
   9.4632738e-01  -2.7990777e-01   1.6160483e-01  -2
   9.3623487e-01  -3.0429952e-01   1.7568741e-01  -2
   9.2530430e-01  -3.2841888e-01   1.8961273e-01  -2
   9.1354546e-01  -3.5224427e-01   2.0336832e-01  -2
   9.0096887e-01  -3.7575434e-01   2.1694187e-01  -2
   8.8758579e-01  -3.9892806e-01   2.3032123e-01  -2
   8.7340820e-01  -4.2174469e-01   2.4349441e-01  -2
   8.5844879e-01  -4.4418380e-01   2.5644964e-01  -2
   8.4272096e-01  -4.6622531e-01   2.6917531e-01  -2
   8.2623877e-01  -4.8784948e-01   2.8166003e-01  -2
   8.0901699e-01  -5.0903696e-01   2.9389263e-01  -2
   7.9107103e-01  -5.2976878e-01   3.0586215e-01  -2
   7.7241696e-01  -5.5002639e-01   3.1755788e-01  -2
   7.5307147e-01  -5.6979165e-01   3.2896936e-01  -2
   7.3305187e-01  -5.8904687e-01   3.4008637e-01  -2
   7.1237610e-01  -6.0777481e-01   3.5089895e-01  -2
   6.9106265e-01  -6.2595871e-01   3.6139743e-01  -2
   6.6913061e-01  -6.4358230e-01   3.7157241e-01  -2
   6.4659960e-01  -6.6062979e-01   3.8141479e-01  -2
   6.2348980e-01  -6.7708593e-01   3.9091574e-01  -2
   5.9982189e-01  -6.9293598e-01   4.0006677e-01  -2
   5.7561707e-01  -7.0816576e-01   4.0885969e-01  -2
   5.5089698e-01  -7.2276164e-01   4.1728663e-01  -2
   5.2568377e-01  -7.3671055e-01   4.2534003e-01  -2
   5.0000000e-01  -7.5000000e-01   4.3301270e-01  -2
   4.7386866e-01  -7.6261810e-01   4.4029777e-01  -2
   4.4731315e-01  -7.7455356e-01   4.4718870e-01  -2
   4.2035723e-01  -7.8579568e-01   4.5367935e-01  -2
   3.9302503e-01  -7.9633441e-01   4.5976389e-01  -2
   3.6534102e-01  -8.0616031e-01   4.6543687e-01  -2
   3.3732999e-01  -8.1526459e-01   4.7069323e-01  -2
   3.0901699e-01  -8.2363910e-01   4.7552826e-01  -2
   2.8042739e-01  -8.3127634e-01   4.7993762e-01  -2
   2.5158676e-01  -8.3816948e-01   4.8391737e-01  -2
   2.2252093e-01  -8.4431234e-01   4.8746396e-01  -2
   1.9325592e-01  -8.4969942e-01   4.9057419e-01  -2
   1.6381791e-01  -8.5432591e-01   4.9324530e-01  -2
   1.3423327e-01  -8.5818767e-01   4.9547488e-01  -2
   1.0452846e-01  -8.6128123e-01   4.9726095e-01  -2
   7.4730094e-02  -8.6360382e-01   4.9860190e-01  -2
   4.4864830e-02  -8.6515337e-01   4.9949653e-01  -2
   1.4959407e-02  -8.6592850e-01   4.9994405e-01  -2
  -1.4959407e-02  -8.6592850e-01   4.9994405e-01  -2
  -4.4864830e-02  -8.6515337e-01   4.9949653e-01  -2
  -7.4730094e-02  -8.6360382e-01   4.9860190e-01  -2
  -1.0452846e-01  -8.6128123e-01   4.9726095e-01  -2
  -1.3423327e-01  -8.5818767e-01   4.9547488e-01  -2
  -1.6381791e-01  -8.5432591e-01   4.9324530e-01  -2
  -1.9325592e-01  -8.4969942e-01   4.9057419e-01  -2
  -2.2252093e-01  -8.4431234e-01   4.8746396e-01  -2
  -2.5158676e-01  -8.3816948e-01   4.8391737e-01  -2
  -2.8042739e-01  -8.3127634e-01   4.7993762e-01  -2
  -3.0901699e-01  -8.2363910e-01   4.7552826e-01  -2
  -3.3732999e-01  -8.1526459e-01   4.7069323e-01  -2
  -3.6534102e-01  -8.0616031e-01   4.6543687e-01  -2
  -3.9302503e-01  -7.9633441e-01   4.5976389e-01  -2
  -4.2035723e-01  -7.8579568e-01   4.5367935e-01  -2
  -4.4731315e-01  -7.7455356e-01   4.4718870e-01  -2
  -4.7386866e-01  -7.6261810e-01   4.4029777e-01  -2
  -0.5  -7.5000000e-01   4.3301270e-01  -2
  -5.2568377e-01  -7.3671055e-01   4.2534003e-01  -2
  -5.5089698e-01  -7.2276164e-01   4.1728663e-01  -2
  -5.7561707e-01  -7.0816576e-01   4.0885969e-01  -2
  -5.9982189e-01  -6.9293598e-01   4.0006677e-01  -2
  -6.2348980e-01  -6.7708593e-01   3.9091574e-01  -2
  -6.4659960e-01  -6.6062979e-01   3.8141479e-01  -2
  -6.6913061e-01  -6.4358230e-01   3.7157241e-01  -2
  -6.9106265e-01  -6.2595871e-01   3.6139743e-01  -2
  -7.1237610e-01  -6.0777481e-01   3.5089895e-01  -2
  -7.3305187e-01  -5.8904687e-01   3.4008637e-01  -2
  -7.5307147e-01  -5.6979165e-01   3.2896936e-01  -2
  -7.7241696e-01  -5.5002639e-01   3.1755788e-01  -2
  -7.9107103e-01  -5.2976878e-01   3.0586215e-01  -2
  -8.0901699e-01  -5.0903696e-01   2.9389263e-01  -2
  -8.2623877e-01  -4.8784948e-01   2.8166003e-01  -2
  -8.4272096e-01  -4.6622531e-01   2.6917531e-01  -2
  -8.5844879e-01  -4.4418380e-01   2.5644964e-01  -2
  -8.7340820e-01  -4.2174469e-01   2.4349441e-01  -2
  -8.8758579e-01  -3.9892806e-01   2.3032123e-01  -2
  -9.0096887e-01  -3.7575434e-01   2.1694187e-01  -2
  -9.1354546e-01  -3.5224427e-01   2.0336832e-01  -2
  -9.2530430e-01  -3.2841888e-01   1.8961273e-01  -2
  -9.3623487e-01  -3.0429952e-01   1.7568741e-01  -2
  -9.4632738e-01  -2.7990777e-01   1.6160483e-01  -2
  -9.5557281e-01  -2.5526547e-01   1.4737759e-01  -2
  -9.6396286e-01  -2.3039467e-01   1.3301842e-01  -2
  -9.7149004e-01  -2.0531763e-01   1.1854019e-01  -2
  -9.7814760e-01  -1.8005681e-01   1.0395585e-01  -2
  -9.8392959e-01  -1.5463481e-01   8.9278447e-02  -2
  -9.8883083e-01  -1.2907439e-01   7.4521133e-02  -2
  -9.9284693e-01  -1.0339843e-01   5.9697112e-02  -2
  -9.9597429e-01  -7.7629919e-02   4.4819654e-02  -2
  -9.9821013e-01  -5.1791917e-02   2.9902077e-02  -2
  -9.9955243e-01  -2.5907554e-02   1.4957733e-02  -2
# satellites
  -1   0   2.3148148e-02   0
  -1.0231481e+00   0   4.6296296e-02   6
  -1.0231481e+00   0   1.8518519e-01   6
  -9.7685185e-01   0   1.8518519e-01   6
  -9.7685185e-01   0   4.6296296e-02   6
  -1   0   2.3148148e-02   6
  -1   0  -8.0393591e-17   6
  -1   0  -2.3148148e-02   3
  -1.0231481e+00   0  -4.6296296e-02   3
  -1.0231481e+00   0  -1.8518519e-01   3
  -9.7685185e-01   0  -1.8518519e-01   3
  -9.7685185e-01   0  -4.6296296e-02   3
  -1   0  -2.3148148e-02   3
  -1   0   2.3148148e-01   5
  -1   0  -8.0393591e-17   0
   0   0   0   2
  -8.0878053e-01  -0.5   3.1049942e-01   0
  -8.2288877e-01  -0.5   3.4003975e-01   6
  -7.7659247e-01  -0.5   4.7098545e-01   6
  -7.3294390e-01  -0.5   4.5555335e-01   6
  -7.7924020e-01  -0.5   3.2460765e-01   6
  -8.0878053e-01  -0.5   3.1049942e-01   6
  -8.1649658e-01  -0.5   2.8867513e-01   6
  -8.2421263e-01  -0.5   2.6685085e-01   3
  -8.5375296e-01  -0.5   2.5274262e-01   3
  -9.0004926e-01  -0.5   1.2179692e-01   3
  -8.5640069e-01  -0.5   1.0636482e-01   3
  -8.1010440e-01  -0.5   2.3731052e-01   3
  -8.2421263e-01  -0.5   2.6685085e-01   3
  -7.3933609e-01  -0.5   5.0691797e-01   5
  -8.1649658e-01  -0.5   2.8867513e-01   0
   0   0   0   2
  -4.5051443e-01  -0.76604   4.5907352e-01   0
  -4.5138469e-01  -0.76604   4.9179838e-01   6
  -3.5582090e-01  -0.76604   5.9258373e-01   6
  -3.2222578e-01  -0.76604   5.6072913e-01   6
  -4.1778957e-01  -0.76604   4.5994378e-01   6
  -4.5051443e-01  -0.76604   4.5907352e-01   6
  -4.6644172e-01  -0.76604   4.4227597e-01   6
  -4.8236902e-01  -0.76604   4.2547841e-01   3
  -5.1509388e-01  -0.76604   4.2460815e-01   3
  -6.1065766e-01  -0.76604   3.2382280e-01   3
  -5.7706255e-01  -0.76604   2.9196820e-01   3
  -4.8149876e-01  -0.76604   3.9275355e-01   3
  -4.8236902e-01  -0.76604   4.2547841e-01   3
  -3.0716875e-01  -0.76604   6.1025154e-01   5
  -4.6644172e-01  -0.76604   4.4227597e-01   0
   0   0   0   2
   2.3148148e-02  -0.866   5.0000000e-01   0
   4.6296296e-02  -0.866   5.2314815e-01   6
   1.8518519e-01  -0.866   5.2314815e-01   6
   1.8518519e-01  -0.866   4.7685185e-01   6
   4.6296296e-02  -0.866   4.7685185e-01   6
   2.3148148e-02  -0.866   5.0000000e-01   6
   0  -0.866   5.0000000e-01   6
  -2.3148148e-02  -0.866   5.0000000e-01   3
  -4.6296296e-02  -0.866   5.2314815e-01   3
  -1.8518519e-01  -0.866   5.2314815e-01   3
  -1.8518519e-01  -0.866   4.7685185e-01   3
  -4.6296296e-02  -0.866   4.7685185e-01   3
  -2.3148148e-02  -0.866   5.0000000e-01   3
   2.3148148e-01  -0.866   5.0000000e-01   5
  -0  -0.866   5.0000000e-01   0
   0   0   0   2
   1   0  -2.3148148e-02   0
   1.0231481e+00   0  -4.6296296e-02   6
   1.0231481e+00   0  -1.8518519e-01   6
   9.7685185e-01   0  -1.8518519e-01   6
   9.7685185e-01   0  -4.6296296e-02   6
   1   0  -2.3148148e-02   6
   1   0  -8.0393591e-17   6
   1   0   2.3148148e-02   3
   1.0231481e+00   0   4.6296296e-02   3
   1.0231481e+00   0   1.8518519e-01   3
   9.7685185e-01   0   1.8518519e-01   3
   9.7685185e-01   0   4.6296296e-02   3
   1   0   2.3148148e-02   3
   1   0  -2.3148148e-01   5
   1   0  -8.0393591e-17   0
   0   0   0   2
   8.2421263e-01  -0.5   2.6685085e-01   0
   8.5375296e-01  -0.5   2.5274262e-01   6
   9.0004926e-01  -0.5   1.2179692e-01   6
   8.5640069e-01  -0.5   1.0636482e-01   6
   8.1010440e-01  -0.5   2.3731052e-01   6
   8.2421263e-01  -0.5   2.6685085e-01   6
   8.1649658e-01  -0.5   2.8867513e-01   6
   8.0878053e-01  -0.5   3.1049942e-01   3
   8.2288877e-01  -0.5   3.4003975e-01   3
   7.7659247e-01  -0.5   4.7098545e-01   3
   7.3294390e-01  -0.5   4.5555335e-01   3
   7.7924020e-01  -0.5   3.2460765e-01   3
   8.0878053e-01  -0.5   3.1049942e-01   3
   8.9365707e-01  -0.5   7.0432301e-02   5
   8.1649658e-01  -0.5   2.8867513e-01   0
   0   0   0   2
   4.8236902e-01  -0.76604   4.2547841e-01   0
   5.1509388e-01  -0.76604   4.2460815e-01   6
   6.1065766e-01  -0.76604   3.2382280e-01   6
   5.7706255e-01  -0.76604   2.9196820e-01   6
   4.8149876e-01  -0.76604   3.9275355e-01   6
   4.8236902e-01  -0.76604   4.2547841e-01   6
   4.6644172e-01  -0.76604   4.4227597e-01   6
   4.5051443e-01  -0.76604   4.5907352e-01   3
   4.5138469e-01  -0.76604   4.9179838e-01   3
   3.5582090e-01  -0.76604   5.9258373e-01   3
   3.2222578e-01  -0.76604   5.6072913e-01   3
   4.1778957e-01  -0.76604   4.5994378e-01   3
   4.5051443e-01  -0.76604   4.5907352e-01   3
   6.2571470e-01  -0.76604   2.7430039e-01   5
   4.6644172e-01  -0.76604   4.4227597e-01   0
   0   0   0   2
